Human_Xpos [cm],Human_Ypos [cm],RX_Ypos [cm],Freq [GHz],"mag(S(RX_ant1_1,TX_antenna)) []"
385,175,315,4,0.00685007025963947
385,175,315,4.0075,0.00632856264486508
385,175,315,4.015,0.00615337558050152
385,175,315,4.0225,0.00624056665972032
385,175,315,4.03,0.00541570855853004
385,175,315,4.0375,0.00545860731480552
385,175,315,4.045,0.00517327186685765
385,175,315,4.0525,0.0052214941328963
385,175,315,4.06,0.00450883784407801
385,175,315,4.0675,0.0048621130983184
385,175,315,4.075,0.00460561492304544
385,175,315,4.0825,0.00586330298297437
385,175,315,4.09,0.00546441604809222
385,175,315,4.0975,0.00516536396013147
385,175,315,4.105,0.00496629330979496
385,175,315,4.1125,0.00464896720455638
385,175,315,4.12,0.00429665008539276
385,175,315,4.1275,0.00432263891315514
385,175,315,4.135,0.00404104377497756
385,175,315,4.1425,0.00403494510703046
385,175,315,4.15,0.00340450852908443
385,175,315,4.1575,0.00345522553826397
385,175,315,4.165,0.00354434430614249
385,175,315,4.1725,0.00347310329636712
385,175,315,4.18,0.00320593033822092
385,175,315,4.1875,0.00329569029184348
385,175,315,4.195,0.00337984995137586
385,175,315,4.2025,0.00380183643873382
385,175,315,4.21,0.00335347314402055
385,175,315,4.2175,0.00250944581579786
385,175,315,4.225,0.00222339798962941
385,175,315,4.2325,0.00261765474084877
385,175,315,4.24,0.00246025108727633
385,175,315,4.2475,0.00239434953637257
385,175,315,4.255,0.00221556116695302
385,175,315,4.2625,0.0031746365187583
385,175,315,4.27,0.00268399789983038
385,175,315,4.2775,0.00307854782027841
385,175,315,4.285,0.00302434901061118
385,175,315,4.2925,0.00267930559065035
385,175,315,4.3,0.00321695705064328
385,175,315,4.3075,0.00347401924227001
385,175,315,4.315,0.0033928450570359
385,175,315,4.3225,0.00431181504671257
385,175,315,4.33,0.00454226130901992
385,175,315,4.3375,0.00484551447579997
385,175,315,4.345,0.00492996831173421
385,175,315,4.3525,0.00457055818490379
385,175,315,4.36,0.0043523530117409
385,175,315,4.3675,0.00406547902231524
385,175,315,4.375,0.00326929133600284
385,175,315,4.3825,0.00326252196634702
385,175,315,4.39,0.00351254042765801
385,175,315,4.3975,0.00301141780671242
385,175,315,4.405,0.00298814715621628
385,175,315,4.4125,0.00248057763118819
385,175,315,4.42,0.00186852364675922
385,175,315,4.4275,0.00174266359519643
385,175,315,4.435,0.00146670413612733
385,175,315,4.4425,0.00167688445985106
385,175,315,4.45,0.00200979232288714
385,175,315,4.4575,0.00244402034043789
385,175,315,4.465,0.00194560885570525
385,175,315,4.4725,0.0024079524635098
385,175,315,4.48,0.00245600183383024
385,175,315,4.4875,0.00231764292915332
385,175,315,4.495,0.00241177502886096
385,175,315,4.5025,0.0032168262512299
385,175,315,4.51,0.00297564281280214
385,175,315,4.5175,0.00299768589651699
385,175,315,4.525,0.00308125805936914
385,175,315,4.5325,0.00293223165377011
385,175,315,4.54,0.00325196698455758
385,175,315,4.5475,0.00331916559440859
385,175,315,4.555,0.00289137620325388
385,175,315,4.5625,0.00291876620760697
385,175,315,4.57,0.00327749262450713
385,175,315,4.5775,0.00282418377811135
385,175,315,4.585,0.00311235593177545
385,175,315,4.5925,0.0025245855223961
385,175,315,4.6,0.00224842682036466
385,175,315,4.6075,0.0024217274466171
385,175,315,4.615,0.00225311828263154
385,175,315,4.6225,0.00138715742815646
385,175,315,4.63,0.00134965475813672
385,175,315,4.6375,0.000418243234500152
385,175,315,4.645,0.000626478579298605
385,175,315,4.6525,0.000150607095763055
385,175,315,4.66,0.000850672231345836
385,175,315,4.6675,0.00108683993114438
385,175,315,4.675,0.00158512471871951
385,175,315,4.6825,0.00190812195144406
385,175,315,4.69,0.00176867720784113
385,175,315,4.6975,0.00192672993204244
385,175,315,4.705,0.00185262360104059
385,175,315,4.7125,0.00176656314377143
385,175,315,4.72,0.00229229858369832
385,175,315,4.7275,0.00224043958173387
385,175,315,4.735,0.00212120884160638
385,175,315,4.7425,0.00225958496830877
385,175,315,4.75,0.00242170242155109
385,175,315,4.7575,0.00248759217991453
385,175,315,4.765,0.00248794574474719
385,175,315,4.7725,0.00223078457524893
385,175,315,4.78,0.00251676096406142
385,175,315,4.7875,0.00246784843997373
385,175,315,4.795,0.00286256088339915
385,175,315,4.8025,0.00352622676172632
385,175,315,4.81,0.00332045228092032
385,175,315,4.8175,0.00309903361004578
385,175,315,4.825,0.00304758257868018
385,175,315,4.8325,0.00295432642744736
385,175,315,4.84,0.00331812373070608
385,175,315,4.8475,0.00295314896578904
385,175,315,4.855,0.00295265350335006
385,175,315,4.8625,0.00267554542460889
385,175,315,4.87,0.00235635558597363
385,175,315,4.8775,0.00208453669447505
385,175,315,4.885,0.00162831371066487
385,175,315,4.8925,0.00198589196053923
385,175,315,4.9,0.00143519860225279
385,175,315,4.9075,0.00102430304718961
385,175,315,4.915,0.00138606157601748
385,175,315,4.9225,0.00141549982117436
385,175,315,4.93,0.000892948204458692
385,175,315,4.9375,0.00104138583334476
385,175,315,4.945,0.000493277402858241
385,175,315,4.9525,0.000356018745167486
385,175,315,4.96,0.000860422056640084
385,175,315,4.9675,0.000511420647379464
385,175,315,4.975,0.000852687819264857
385,175,315,4.9825,0.000844636173716164
385,175,315,4.99,0.00150372680595039
385,175,315,4.9975,0.00178533998514621
385,175,315,5.005,0.00211024458114896
385,175,315,5.0125,0.00163673131441551
385,175,315,5.02,0.00249130116061447
385,175,315,5.0275,0.0022664497083279
385,175,315,5.035,0.00252537844585415
385,175,315,5.0425,0.00259190680501025
385,175,315,5.05,0.00274169508275994
385,175,315,5.0575,0.00286881139445182
385,175,315,5.065,0.00247082556480587
385,175,315,5.0725,0.00275053966066136
385,175,315,5.08,0.00296919380799624
385,175,315,5.0875,0.00308084071989017
385,175,315,5.095,0.00257822824365847
385,175,315,5.1025,0.00278533315276859
385,175,315,5.11,0.00271065460275458
385,175,315,5.1175,0.00252611657344529
385,175,315,5.125,0.00263865549267727
385,175,315,5.1325,0.00216195166297734
385,175,315,5.14,0.00224926691329492
385,175,315,5.1475,0.00216902404135163
385,175,315,5.155,0.00147702468732186
385,175,315,5.1625,0.00186084841889536
385,175,315,5.17,0.00177574310866311
385,175,315,5.1775,0.00204275543226736
385,175,315,5.185,0.00146004299828147
385,175,315,5.1925,0.00133075321613526
385,175,315,5.2,0.00135820590315248
385,175,315,5.2075,0.000819967880137853
385,175,315,5.215,0.00105817609354079
385,175,315,5.2225,0.000653111209870072
385,175,315,5.23,0.000726764146526297
385,175,315,5.2375,0.000783897713615928
385,175,315,5.245,0.000717417779042181
385,175,315,5.2525,0.00124617883984295
385,175,315,5.26,0.0017581410042811
385,175,315,5.2675,0.00168046470959972
385,175,315,5.275,0.00175632690175953
385,175,315,5.2825,0.00215649424750447
385,175,315,5.29,0.00223647439143707
385,175,315,5.2975,0.00201080524723269
385,175,315,5.305,0.00202947161017931
385,175,315,5.3125,0.00198543007154458
385,175,315,5.32,0.00141617099916288
385,175,315,5.3275,0.00141062474631144
385,175,315,5.335,0.00121874312014596
385,175,315,5.3425,0.00132507239288034
385,175,315,5.35,0.00164541581209582
385,175,315,5.3575,0.00177230572296279
385,175,315,5.365,0.00198073987706347
385,175,315,5.3725,0.00179637875251199
385,175,315,5.38,0.00195608896959962
385,175,315,5.3875,0.00174725935169435
385,175,315,5.395,0.00232781326705049
385,175,315,5.4025,0.00150975639784472
385,175,315,5.41,0.0014907730944507
385,175,315,5.4175,0.00158433404211234
385,175,315,5.425,0.00172122026015646
385,175,315,5.4325,0.00120482915366455
385,175,315,5.44,0.00111208154672885
385,175,315,5.4475,0.000473704762875511
385,175,315,5.455,0.0007405938016228
385,175,315,5.4625,0.000976769983662256
385,175,315,5.47,0.000668980035998168
385,175,315,5.4775,0.000917367055362472
385,175,315,5.485,0.0013090804252564
385,175,315,5.4925,0.00135012695318687
385,175,315,5.5,0.000748420645216621
385,175,315,5.5075,0.000779791918598197
385,175,315,5.515,0.00112006418471261
385,175,315,5.5225,0.000553357142591645
385,175,315,5.53,0.000833834161034462
385,175,315,5.5375,0.00023162518639589
385,175,315,5.545,0.000637656164958002
385,175,315,5.5525,0.00064788287102566
385,175,315,5.56,0.000854744110084315
385,175,315,5.5675,0.00179947716124685
385,175,315,5.575,0.00134245517187779
385,175,315,5.5825,0.00146289820965967
385,175,315,5.59,0.00205675998150189
385,175,315,5.5975,0.00234812682014172
385,175,315,5.605,0.0025831160494677
385,175,315,5.6125,0.00253008890579292
385,175,315,5.62,0.00240374772067149
385,175,315,5.6275,0.00203003255037002
385,175,315,5.635,0.00217134323107201
385,175,315,5.6425,0.00181746221569001
385,175,315,5.65,0.00213980553504622
385,175,315,5.6575,0.00157559718288568
385,175,315,5.665,0.00072268370948866
385,175,315,5.6725,0.000291163327521464
385,175,315,5.68,0.000288966262386154
385,175,315,5.6875,0.00071075543539736
385,175,315,5.695,0.000809469377113034
385,175,315,5.7025,0.00119572397356169
385,175,315,5.71,0.00125839284793934
385,175,315,5.7175,0.00138946084272314
385,175,315,5.725,0.00149698444000832
385,175,315,5.7325,0.00190787371419637
385,175,315,5.74,0.00126438795933797
385,175,315,5.7475,0.00210967988098936
385,175,315,5.755,0.0024950001024843
385,175,315,5.7625,0.00187164423922369
385,175,315,5.77,0.00194751281248025
385,175,315,5.7775,0.00251931572509002
385,175,315,5.785,0.00201702289074337
385,175,315,5.7925,0.00206256804599004
385,175,315,5.8,0.00193361551412449
385,175,315,5.8075,0.0017328327189396
385,175,315,5.815,0.00198829618212324
385,175,315,5.8225,0.00155251038269405
385,175,315,5.83,0.00177138080941444
385,175,315,5.8375,0.00167852929561054
385,175,315,5.845,0.0021146754925496
385,175,315,5.8525,0.00180551464898145
385,175,315,5.86,0.00227629315420534
385,175,315,5.8675,0.00184441859288957
385,175,315,5.875,0.00205864291242707
385,175,315,5.8825,0.00205001946553154
385,175,315,5.89,0.0019952671084676
385,175,315,5.8975,0.00163167934098697
385,175,315,5.905,0.00119187852606863
385,175,315,5.9125,0.00112422504527877
385,175,315,5.92,0.000462336528962582
385,175,315,5.9275,0.000514078939635774
385,175,315,5.935,0.000687898642078897
385,175,315,5.9425,0.000581928652389254
385,175,315,5.95,0.00088357494224977
385,175,315,5.9575,0.000787018193027368
385,175,315,5.965,0.00143405906591971
385,175,315,5.9725,0.00109957071279379
385,175,315,5.98,0.00117145141463073
385,175,315,5.9875,0.00144925207373532
385,175,315,5.995,0.00137091187262319
385,175,315,6.0025,0.0015471725775624
385,175,315,6.01,0.00160776273498647
385,175,315,6.0175,0.00146221318666496
385,175,315,6.025,0.00168102926824671
385,175,315,6.0325,0.00181540536588132
385,175,315,6.04,0.00144110202993626
385,175,315,6.0475,0.00186236989868768
385,175,315,6.055,0.00172469613997213
385,175,315,6.0625,0.00220046360126038
385,175,315,6.07,0.00182326040270616
385,175,315,6.0775,0.00163739762529157
385,175,315,6.085,0.00183140430988604
385,175,315,6.0925,0.00206537005383152
385,175,315,6.1,0.00155623366948709
385,175,315,6.1075,0.0020049140980381
385,175,315,6.115,0.00226689141181862
385,175,315,6.1225,0.0019098082643286
385,175,315,6.13,0.0015444898723538
385,175,315,6.1375,0.00150866333875148
385,175,315,6.145,0.000796112115004145
385,175,315,6.1525,0.000914675118775133
385,175,315,6.16,0.000960047032205524
385,175,315,6.1675,0.000889875209166312
385,175,315,6.175,0.000289201882240993
385,175,315,6.1825,0.000895140270749411
385,175,315,6.19,0.000897745854556893
385,175,315,6.1975,0.000955907930537109
385,175,315,6.205,0.00157939389844611
385,175,315,6.2125,0.000985868164239341
385,175,315,6.22,0.00121258290209229
385,175,315,6.2275,0.00178132716416928
385,175,315,6.235,0.00132178268862078
385,175,315,6.2425,0.000885457896552804
385,175,315,6.25,0.000699981713540356
385,175,315,6.2575,0.00034088710576007
385,175,315,6.265,0.00076972939919339
385,175,315,6.2725,0.000177817914259873
385,175,315,6.28,0.0008026379075813
385,175,315,6.2875,0.000819343990538378
385,175,315,6.295,0.000664165104115743
385,175,315,6.3025,0.00142015690239646
385,175,315,6.31,0.00157078721165121
385,175,315,6.3175,0.00193938356264376
385,175,315,6.325,0.0022650242104561
385,175,315,6.3325,0.0016882435003752
385,175,315,6.34,0.00212842782112897
385,175,315,6.3475,0.00250537704737447
385,175,315,6.355,0.00259121646466555
385,175,315,6.3625,0.00261261905277195
385,175,315,6.37,0.00230670348388863
385,175,315,6.3775,0.00177462576421208
385,175,315,6.385,0.00195723070983112
385,175,315,6.3925,0.00170044447314092
385,175,315,6.4,0.00169194955181455
385,175,315,6.4075,0.00163891380596227
385,175,315,6.415,0.00120428796770786
385,175,315,6.4225,0.00144495577515354
385,175,315,6.43,0.00158509241471727
385,175,315,6.4375,0.00203968171420009
385,175,315,6.445,0.00156790529459215
385,175,315,6.4525,0.00173626947588926
385,175,315,6.46,0.00163742448995733
385,175,315,6.4675,0.00133835941600992
385,175,315,6.475,0.00104315103839454
385,175,315,6.4825,0.00112641318059619
385,175,315,6.49,0.000596147096579805
385,175,315,6.4975,0.000998472837332472
385,175,315,6.505,0.000840195552085634
385,175,315,6.5125,0.00092210303249092
385,175,315,6.52,0.00094566877097067
385,175,315,6.5275,0.00109513360260968
385,175,315,6.535,0.00174844920618891
385,175,315,6.5425,0.00141198091257138
385,175,315,6.55,0.00177625324026013
385,175,315,6.5575,0.00255684118530816
385,175,315,6.565,0.00216975542241341
385,175,315,6.5725,0.00213465036932644
385,175,315,6.58,0.00258893065573826
385,175,315,6.5875,0.00277044961671228
385,175,315,6.595,0.00227710245115026
385,175,315,6.6025,0.00298550620694774
385,175,315,6.61,0.00221801238777297
385,175,315,6.6175,0.00173207305820768
385,175,315,6.625,0.00177827336305178
385,175,315,6.6325,0.00159511756783123
385,175,315,6.64,0.00102709442101013
385,175,315,6.6475,0.00103003796979428
385,175,315,6.655,0.00103254229995684
385,175,315,6.6625,0.000909853876674907
385,175,315,6.67,0.00113370507642571
385,175,315,6.6775,0.000929572818842048
385,175,315,6.685,0.000916865549114941
385,175,315,6.6925,0.00127645501038957
385,175,315,6.7,0.00140857256385479
385,175,315,6.7075,0.00186719303016472
385,175,315,6.715,0.00214775072038078
385,175,315,6.7225,0.00187441338149293
385,175,315,6.73,0.00238817946184809
385,175,315,6.7375,0.00232681518156504
385,175,315,6.745,0.00206584015662736
385,175,315,6.7525,0.00290262157850011
385,175,315,6.76,0.00241196791149815
385,175,315,6.7675,0.00207489942896983
385,175,315,6.775,0.0025889486182349
385,175,315,6.7825,0.0024934699270746
385,175,315,6.79,0.00274015090008989
385,175,315,6.7975,0.002619415253108
385,175,315,6.805,0.00276818919645372
385,175,315,6.8125,0.00248435709498609
385,175,315,6.82,0.00245935616172016
385,175,315,6.8275,0.0027103520113839
385,175,315,6.835,0.00272523230423911
385,175,315,6.8425,0.00276027115580667
385,175,315,6.85,0.00215182627746491
385,175,315,6.8575,0.00199682578540218
385,175,315,6.865,0.00211382246195028
385,175,315,6.8725,0.00195854289078445
385,175,315,6.88,0.00254628667741907
385,175,315,6.8875,0.00180704866420017
385,175,315,6.895,0.00224640293843413
385,175,315,6.9025,0.00176861308830043
385,175,315,6.91,0.00202705640525486
385,175,315,6.9175,0.00233153669488477
385,175,315,6.925,0.00176860501997627
385,175,315,6.9325,0.0020144501590335
385,175,315,6.94,0.00188063304821955
385,175,315,6.9475,0.00202911383675279
385,175,315,6.955,0.00221096850836482
385,175,315,6.9625,0.00206123990694776
385,175,315,6.97,0.0017967140672033
385,175,315,6.9775,0.00105007288840468
385,175,315,6.985,0.00144909480767722
385,175,315,6.9925,0.00102865358583527
385,175,315,7,0.00148562643544831
385,175,315,7.0075,0.00166803522009938
385,175,315,7.015,0.00128755446319439
385,175,315,7.0225,0.00188532568912859
385,175,315,7.03,0.0017427129017539
385,175,315,7.0375,0.00138955018747821
385,175,315,7.045,0.00156915773672158
385,175,315,7.0525,0.00239121503112659
385,175,315,7.06,0.00270668509677478
385,175,315,7.0675,0.00233850968279596
385,175,315,7.075,0.00306382117190326
385,175,315,7.0825,0.00283235194185937
385,175,315,7.09,0.00327674718938767
385,175,315,7.0975,0.00352179684680452
385,175,315,7.105,0.00329476123320764
385,175,315,7.1125,0.00348595303417622
385,175,315,7.12,0.00370216453823066
385,175,315,7.1275,0.00333914817311769
385,175,315,7.135,0.00324595681147685
385,175,315,7.1425,0.00280104480938118
385,175,315,7.15,0.00276634137364275
385,175,315,7.1575,0.00275925255303118
385,175,315,7.165,0.00298471711098994
385,175,315,7.1725,0.0022968065100325
385,175,315,7.18,0.00230328874032631
385,175,315,7.1875,0.00179465718983115
385,175,315,7.195,0.00169386759543934
385,175,315,7.2025,0.00176677501181075
385,175,315,7.21,0.00114466002165884
385,175,315,7.2175,0.00197181416209451
385,175,315,7.225,0.00211309926564164
385,175,315,7.2325,0.00148099601674806
385,175,315,7.24,0.00135662656713996
385,175,315,7.2475,0.00180652758951029
385,175,315,7.255,0.00189203801355092
385,175,315,7.2625,0.00163232937899079
385,175,315,7.27,0.00193502512135087
385,175,315,7.2775,0.00184914839194243
385,175,315,7.285,0.00202023189026617
385,175,315,7.2925,0.00239591118095821
385,175,315,7.3,0.0024357617052172
385,175,315,7.3075,0.00264834019591424
385,175,315,7.315,0.00253833979104455
385,175,315,7.3225,0.00311258172328504
385,175,315,7.33,0.0030006627516357
385,175,315,7.3375,0.00290146049180155
385,175,315,7.345,0.0029441642950181
385,175,315,7.3525,0.00272125783175471
385,175,315,7.36,0.00260923932539805
385,175,315,7.3675,0.00252679627471042
385,175,315,7.375,0.00201299818079562
385,175,315,7.3825,0.00201084158841594
385,175,315,7.39,0.00189153003745113
385,175,315,7.3975,0.00163597566771902
385,175,315,7.405,0.00264079102481653
385,175,315,7.4125,0.00194049820456983
385,175,315,7.42,0.00165041525802035
385,175,315,7.4275,0.00173167959693005
385,175,315,7.435,0.00233954603961529
385,175,315,7.4425,0.00240677233971214
385,175,315,7.45,0.00270636475340915
385,175,315,7.4575,0.00241176775096371
385,175,315,7.465,0.00338308826390481
385,175,315,7.4725,0.00348541380049077
385,175,315,7.48,0.00326524399418531
385,175,315,7.4875,0.00309654543000928
385,175,315,7.495,0.00281942151432652
385,175,315,7.5025,0.00267706995324734
385,175,315,7.51,0.00224942213397094
385,175,315,7.5175,0.00234643383925998
385,175,315,7.525,0.00208253278438774
385,175,315,7.5325,0.00224422094034911
385,175,315,7.54,0.0019113547660699
385,175,315,7.5475,0.00154665293635723
385,175,315,7.555,0.00139384792472141
385,175,315,7.5625,0.00175458577001551
385,175,315,7.57,0.00172202499207989
385,175,315,7.5775,0.00232574523336065
385,175,315,7.585,0.00187237207655094
385,175,315,7.5925,0.00202068979931344
385,175,315,7.6,0.0020738145422912
385,175,315,7.6075,0.00215301603919613
385,175,315,7.615,0.00279328627206896
385,175,315,7.6225,0.00297616659658906
385,175,315,7.63,0.00296768647666959
385,175,315,7.6375,0.00293327290327269
385,175,315,7.645,0.00302496654403357
385,175,315,7.6525,0.00317910108716566
385,175,315,7.66,0.00299745488586388
385,175,315,7.6675,0.00305872476145966
385,175,315,7.675,0.00264530882221616
385,175,315,7.6825,0.00261099769615002
385,175,315,7.69,0.00258463339921493
385,175,315,7.6975,0.00203739932656623
385,175,315,7.705,0.00205861057329643
385,175,315,7.7125,0.00201719446307411
385,175,315,7.72,0.00253567737555584
385,175,315,7.7275,0.0020312891208418
385,175,315,7.735,0.00158191940586486
385,175,315,7.7425,0.00153571782806822
385,175,315,7.75,0.00135654038095125
385,175,315,7.7575,0.00099976746423208
385,175,315,7.765,0.00110499724926561
385,175,315,7.7725,0.00150887900113579
385,175,315,7.78,0.00109012383024282
385,175,315,7.7875,0.00125357968866061
385,175,315,7.795,0.00174881306709583
385,175,315,7.8025,0.00172888967541231
385,175,315,7.81,0.00268169624013191
385,175,315,7.8175,0.00302644884069849
385,175,315,7.825,0.00313115270260438
385,175,315,7.8325,0.00354137014196138
385,175,315,7.84,0.00344666767132088
385,175,315,7.8475,0.00345582109353904
385,175,315,7.855,0.00377797224632194
385,175,315,7.8625,0.00319549668276347
385,175,315,7.87,0.00358588456915776
385,175,315,7.8775,0.00351332138539931
385,175,315,7.885,0.00301837280958093
385,175,315,7.8925,0.00334725086045519
385,175,315,7.9,0.00328692903161085
385,175,315,7.9075,0.00289186835789024
385,175,315,7.915,0.00291341171878737
385,175,315,7.9225,0.00233132338237201
385,175,315,7.93,0.0022577102312415
385,175,315,7.9375,0.00198449743723665
385,175,315,7.945,0.00154075882352037
385,175,315,7.9525,0.00157715561424898
385,175,315,7.96,0.00164360295557133
385,175,315,7.9675,0.00183306981831993
385,175,315,7.975,0.00212032337066029
385,175,315,7.9825,0.00263888298626526
385,175,315,7.99,0.0028180763270285
385,175,315,7.9975,0.00283647880556367
385,175,315,8.005,0.00235667678292713
385,175,315,8.0125,0.00294682152870436
385,175,315,8.02,0.00229906329131074
385,175,315,8.0275,0.00226707983024436
385,175,315,8.035,0.00223343063582818
385,175,315,8.0425,0.00167004740133409
385,175,315,8.05,0.00207613191311812
385,175,315,8.0575,0.00183015651098599
385,175,315,8.065,0.002206338869176
385,175,315,8.0725,0.00228387036531737
385,175,315,8.08,0.00178368719525256
385,175,315,8.0875,0.00211327969175902
385,175,315,8.095,0.00220271283696701
385,175,315,8.1025,0.00202052609239167
385,175,315,8.11,0.00200161284428688
385,175,315,8.1175,0.00219206734027751
385,175,315,8.125,0.00221671497235563
385,175,315,8.1325,0.00206876801018885
385,175,315,8.14,0.00228371945210255
385,175,315,8.1475,0.00249738773320003
385,175,315,8.155,0.00253441041195537
385,175,315,8.1625,0.00225990484600731
385,175,315,8.17,0.00304310541245024
385,175,315,8.1775,0.00254258752247751
385,175,315,8.185,0.00308795909671415
385,175,315,8.1925,0.00336956872985845
385,175,315,8.2,0.003622510047162
385,175,315,8.2075,0.00347446336903772
385,175,315,8.215,0.00423315002945363
385,175,315,8.2225,0.00395897829267196
385,175,315,8.23,0.0042715722745773
385,175,315,8.2375,0.00436061636057845
385,175,315,8.245,0.00363342935274244
385,175,315,8.2525,0.00409310273842013
385,175,315,8.26,0.00401565763270762
385,175,315,8.2675,0.00339986199561867
385,175,315,8.275,0.00335911142785525
385,175,315,8.2825,0.00332782365848399
385,175,315,8.29,0.00274614639067664
385,175,315,8.2975,0.00176676743312361
385,175,315,8.305,0.00162220688478993
385,175,315,8.3125,0.00138636091250851
385,175,315,8.32,0.000887266633879219
385,175,315,8.3275,0.00100517677516529
385,175,315,8.335,0.00100254397533635
385,175,315,8.3425,0.00182357220482073
385,175,315,8.35,0.0019193456127081
385,175,315,8.3575,0.00212986337726749
385,175,315,8.365,0.00219666538899566
385,175,315,8.3725,0.00271653489115375
385,175,315,8.38,0.0028020883947517
385,175,315,8.3875,0.00329979391450003
385,175,315,8.395,0.00310653933973798
385,175,315,8.4025,0.00277873791442741
385,175,315,8.41,0.00247383217287135
385,175,315,8.4175,0.00286273204344469
385,175,315,8.425,0.00289633750014006
385,175,315,8.4325,0.00267746986975386
385,175,315,8.44,0.00252947403851065
385,175,315,8.4475,0.0018726037038543
385,175,315,8.455,0.00243685348865735
385,175,315,8.4625,0.00219072598923198
385,175,315,8.47,0.00185780732488221
385,175,315,8.4775,0.00230741423601363
385,175,315,8.485,0.00274941924494723
385,175,315,8.4925,0.00241426878050284
385,175,315,8.5,0.00249203245256734
385,175,315,8.5075,0.00219670020777659
385,175,315,8.515,0.00170059935529665
385,175,315,8.5225,0.00235656770579323
385,175,315,8.53,0.0021930390875511
385,175,315,8.5375,0.00294325955013258
385,175,315,8.545,0.00268269304920271
385,175,315,8.5525,0.002588003181265
385,175,315,8.56,0.0022663841612486
385,175,315,8.5675,0.00264220023381834
385,175,315,8.575,0.00255514253521727
385,175,315,8.5825,0.00265742364582941
385,175,315,8.59,0.002413000078385
385,175,315,8.5975,0.00323459803753641
385,175,315,8.605,0.00305260616030401
385,175,315,8.6125,0.00293713656152558
385,175,315,8.62,0.00277902387073081
385,175,315,8.6275,0.00235906579418796
385,175,315,8.635,0.00238382293840455
385,175,315,8.6425,0.00206402795966365
385,175,315,8.65,0.00218655734765023
385,175,315,8.6575,0.0021670559860749
385,175,315,8.665,0.00140889910613346
385,175,315,8.6725,0.00137028988487012
385,175,315,8.68,0.00147477063047549
385,175,315,8.6875,0.00182368877624821
385,175,315,8.695,0.00131869432844795
385,175,315,8.7025,0.00183864201791451
385,175,315,8.71,0.0025173598616099
385,175,315,8.7175,0.00224126284182801
385,175,315,8.725,0.00263720638506922
385,175,315,8.7325,0.00281918336501788
385,175,315,8.74,0.00324951277920137
385,175,315,8.7475,0.0031685369484316
385,175,315,8.755,0.00332128346689191
385,175,315,8.7625,0.0031240111941713
385,175,315,8.77,0.0033563932553718
385,175,315,8.7775,0.00270309275641939
385,175,315,8.785,0.0026038988326061
385,175,315,8.7925,0.00211150432978965
385,175,315,8.8,0.00178245828959425
385,175,315,8.8075,0.00185918323764262
385,175,315,8.815,0.00185534940889026
385,175,315,8.8225,0.00147999627272106
385,175,315,8.83,0.00155441304956118
385,175,315,8.8375,0.00157058780461221
385,175,315,8.845,0.00153273538884818
385,175,315,8.8525,0.00168114465922177
385,175,315,8.86,0.00182557084530802
385,175,315,8.8675,0.0018266417636189
385,175,315,8.875,0.00211643033846955
385,175,315,8.8825,0.00262786344401231
385,175,315,8.89,0.00223990037990346
385,175,315,8.8975,0.00198997612870495
385,175,315,8.905,0.00235624596363675
385,175,315,8.9125,0.00189537521055965
385,175,315,8.92,0.00233978773758426
385,175,315,8.9275,0.00211322887018266
385,175,315,8.935,0.00275365628846625
385,175,315,8.9425,0.00288889673219145
385,175,315,8.95,0.00298917727909665
385,175,315,8.9575,0.00306834159873571
385,175,315,8.965,0.00314798213750222
385,175,315,8.9725,0.0029397507200592
385,175,315,8.98,0.00352337756824449
385,175,315,8.9875,0.00377927414615855
385,175,315,8.995,0.00304798378738174
385,175,315,9.0025,0.00314238710442015
385,175,315,9.01,0.00285032610776924
385,175,315,9.0175,0.00280004851490563
385,175,315,9.025,0.00254220895858987
385,175,315,9.0325,0.00229620913896342
385,175,315,9.04,0.00131459600960017
385,175,315,9.0475,0.00120723198613128
385,175,315,9.055,0.0013533415327662
385,175,315,9.0625,0.00111016490621251
385,175,315,9.07,0.00124703871173254
385,175,315,9.0775,0.00125838044367311
385,175,315,9.085,0.00148367699983627
385,175,315,9.0925,0.00151491558725174
385,175,315,9.1,0.00200248660676476
385,175,315,9.1075,0.00253626421422144
385,175,315,9.115,0.0019898761136598
385,175,315,9.1225,0.00195073159354657
385,175,315,9.13,0.00220009640467278
385,175,315,9.1375,0.00228201751440619
385,175,315,9.145,0.0023982333258556
385,175,315,9.1525,0.00189968220517614
385,175,315,9.16,0.00202354605871073
385,175,315,9.1675,0.00179044124468649
385,175,315,9.175,0.00219357874318576
385,175,315,9.1825,0.00159455955815202
385,175,315,9.19,0.0017820808196952
385,175,315,9.1975,0.00200502737281786
385,175,315,9.205,0.00231016565002278
385,175,315,9.2125,0.00223342948512525
385,175,315,9.22,0.00183362205715442
385,175,315,9.2275,0.00200342589280209
385,175,315,9.235,0.00228739274916847
385,175,315,9.2425,0.00221492374689405
385,175,315,9.25,0.00212337817474251
385,175,315,9.2575,0.00244848744711086
385,175,315,9.265,0.00267537617662084
385,175,315,9.2725,0.0028182228972401
385,175,315,9.28,0.00268779467934755
385,175,315,9.2875,0.00296650219263066
385,175,315,9.295,0.00331652403039166
385,175,315,9.3025,0.00301751578518834
385,175,315,9.31,0.00270986190454333
385,175,315,9.3175,0.00245194857632382
385,175,315,9.325,0.00299322249014919
385,175,315,9.3325,0.00321482748583505
385,175,315,9.34,0.00265805430086302
385,175,315,9.3475,0.00259034572824282
385,175,315,9.355,0.00264699185067983
385,175,315,9.3625,0.00248912560568282
385,175,315,9.37,0.00184331331178437
385,175,315,9.3775,0.00189116604471931
385,175,315,9.385,0.00177572053152424
385,175,315,9.3925,0.00138239971652442
385,175,315,9.4,0.000561217878059477
385,175,315,9.4075,0.000578373408071307
385,175,315,9.415,0.000366367202923354
385,175,315,9.4225,0.00110614371109718
385,175,315,9.43,0.000892455196311805
385,175,315,9.4375,0.00136521150232257
385,175,315,9.445,0.00146887754969586
385,175,315,9.4525,0.00204995233650043
385,175,315,9.46,0.00191156587852659
385,175,315,9.4675,0.00228362864056282
385,175,315,9.475,0.00165600993280935
385,175,315,9.4825,0.00210244694488433
385,175,315,9.49,0.00266151034489587
385,175,315,9.4975,0.00236361634391773
385,175,315,9.505,0.00290667840387746
385,175,315,9.5125,0.00328080103538668
385,175,315,9.52,0.0032489572546167
385,175,315,9.5275,0.00302356780033615
385,175,315,9.535,0.00227578876215226
385,175,315,9.5425,0.00279882404742189
385,175,315,9.55,0.00221038784567746
385,175,315,9.5575,0.00224362063522293
385,175,315,9.565,0.00195819581361647
385,175,315,9.5725,0.0019423828247062
385,175,315,9.58,0.00137368696831218
385,175,315,9.5875,0.0014825046119032
385,175,315,9.595,0.00166515538077416
385,175,315,9.6025,0.00146547210444638
385,175,315,9.61,0.00191519701076876
385,175,315,9.6175,0.00127856337413706
385,175,315,9.625,0.00172550780898598
385,175,315,9.6325,0.00220302254039654
385,175,315,9.64,0.00187752775181932
385,175,315,9.6475,0.0019339030791133
385,175,315,9.655,0.0014963505163579
385,175,315,9.6625,0.00196719581742039
385,175,315,9.67,0.00138567647556164
385,175,315,9.6775,0.00218733552709884
385,175,315,9.685,0.00165779704006776
385,175,315,9.6925,0.00183993325612057
385,175,315,9.7,0.00220820494259544
385,175,315,9.7075,0.0024803986618874
385,175,315,9.715,0.002243854629625
385,175,315,9.7225,0.00255983659931248
385,175,315,9.73,0.00173857467341741
385,175,315,9.7375,0.00185098481064088
385,175,315,9.745,0.00205162215229262
385,175,315,9.7525,0.00153898480514695
385,175,315,9.76,0.00176012121577393
385,175,315,9.7675,0.00141873242689742
385,175,315,9.775,0.00185388166392224
385,175,315,9.7825,0.00159419755813617
385,175,315,9.79,0.00173266524460732
385,175,315,9.7975,0.00214383101668207
385,175,315,9.805,0.00200398637437287
385,175,315,9.8125,0.00177076625417925
385,175,315,9.82,0.00175415166767669
385,175,315,9.8275,0.00181790715036731
385,175,315,9.835,0.00198679488464055
385,175,315,9.8425,0.00178708016269426
385,175,315,9.85,0.00194483460830794
385,175,315,9.8575,0.0020880902551466
385,175,315,9.865,0.001800784472716
385,175,315,9.8725,0.00262995607376999
385,175,315,9.88,0.0024584981501107
385,175,315,9.8875,0.0018166459823039
385,175,315,9.895,0.00211742817402198
385,175,315,9.9025,0.00192768153435751
385,175,315,9.91,0.00209680715285633
385,175,315,9.9175,0.00186683879097081
385,175,315,9.925,0.00226236833997747
385,175,315,9.9325,0.00214406377658258
385,175,315,9.94,0.00140962986019488
385,175,315,9.9475,0.00161659165098043
385,175,315,9.955,0.00220284315923982
385,175,315,9.9625,0.00196182898272569
385,175,315,9.97,0.00196087227207084
385,175,315,9.9775,0.00179329953216767
385,175,315,9.985,0.00190025650072701
385,175,315,9.9925,0.00238422688062088
385,175,315,10,0.00241130169517007
385,175,315,10.0075,0.0025353183501312
385,175,315,10.015,0.00302282879664596
385,175,315,10.0225,0.00308043531841767
385,175,315,10.03,0.00361527556032133
385,175,315,10.0375,0.00308894053235989
385,175,315,10.045,0.00273635864661213
385,175,315,10.0525,0.00347294809686541
385,175,315,10.06,0.00268765551356684
385,175,315,10.0675,0.00298921699776952
385,175,315,10.075,0.00293641271823731
385,175,315,10.0825,0.00260957198916935
385,175,315,10.09,0.00200836049846243
385,175,315,10.0975,0.0020336963815259
385,175,315,10.105,0.0021260621011924
385,175,315,10.1125,0.00196197728224094
385,175,315,10.12,0.00180197025391571
385,175,315,10.1275,0.0020392077018083
385,175,315,10.135,0.00132756716669353
385,175,315,10.1425,0.00149755778936363
385,175,315,10.15,0.00118198828976493
385,175,315,10.1575,0.000773129913937267
385,175,315,10.165,0.000671824195349163
385,175,315,10.1725,0.00101540658191226
385,175,315,10.18,0.0010954885605332
385,175,315,10.1875,0.000644121888943021
385,175,315,10.195,0.000934029024726738
385,175,315,10.2025,0.00103851322561094
385,175,315,10.21,0.00157523915311034
385,175,315,10.2175,0.00158622362207362
385,175,315,10.225,0.00168704809472379
385,175,315,10.2325,0.00147677904581227
385,175,315,10.24,0.00231497243931556
385,175,315,10.2475,0.00201048306837012
385,175,315,10.255,0.00284549318829174
385,175,315,10.2625,0.00285354031684742
385,175,315,10.27,0.00195972134539155
385,175,315,10.2775,0.0023795024533996
385,175,315,10.285,0.00257264028340977
385,175,315,10.2925,0.0020516943203556
385,175,315,10.3,0.00209169178897347
385,175,315,10.3075,0.00220712437790234
385,175,315,10.315,0.00209342134610751
385,175,315,10.3225,0.00189510529218225
385,175,315,10.33,0.00209193127591632
385,175,315,10.3375,0.00174710757069099
385,175,315,10.345,0.0010840684518848
385,175,315,10.3525,0.000977513774708938
385,175,315,10.36,0.0018819932666346
385,175,315,10.3675,0.00144479684336491
385,175,315,10.375,0.00105553773034095
385,175,315,10.3825,0.00152381870135229
385,175,315,10.39,0.00140660175961987
385,175,315,10.3975,0.000724251028533029
385,175,315,10.405,0.00163375971843578
385,175,315,10.4125,0.0012102895227777
385,175,315,10.42,0.0010867203391771
385,175,315,10.4275,0.00117823049373958
385,175,315,10.435,0.00137813872129901
385,175,315,10.4425,0.00104248131497508
385,175,315,10.45,0.000992537085452306
385,175,315,10.4575,0.00110468910045438
385,175,315,10.465,0.000692746648479432
385,175,315,10.4725,0.00115361971632635
385,175,315,10.48,0.000890197865255236
385,175,315,10.4875,0.000580776393547042
385,175,315,10.495,0.00115373831752557
385,175,315,10.5025,0.000834285512630031
385,175,315,10.51,0.00080070847228114
385,175,315,10.5175,0.00086862004341819
385,175,315,10.525,0.00132059169404796
385,175,315,10.5325,0.00162390522245259
385,175,315,10.54,0.00111453829116306
385,175,315,10.5475,0.00120497526716719
385,175,315,10.555,0.00101050873567727
385,175,315,10.5625,0.00149577437871335
385,175,315,10.57,0.00147769630984489
385,175,315,10.5775,0.00138693465265543
385,175,315,10.585,0.00151839661717529
385,175,315,10.5925,0.00170415963088541
385,175,315,10.6,0.0013701344175431
385,175,315,10.6075,0.00165297586812828
385,175,315,10.615,0.00175052354618136
385,175,315,10.6225,0.00174091400970078
385,175,315,10.63,0.00164153397240562
385,175,315,10.6375,0.00180797162178917
385,175,315,10.645,0.00164884309400295
385,175,315,10.6525,0.00117352532890629
385,175,315,10.66,0.00164617780740917
385,175,315,10.6675,0.00143620629011008
385,175,315,10.675,0.000894468169072315
385,175,315,10.6825,0.00105829420613044
385,175,315,10.69,0.000901149260999097
385,175,315,10.6975,0.00103853579356625
385,175,315,10.705,0.000610445537581055
385,175,315,10.7125,0.000408509658345236
385,175,315,10.72,0.00100814729884055
385,175,315,10.7275,0.0010135745922229
385,175,315,10.735,0.000717710124275356
385,175,315,10.7425,0.00136229804865158
385,175,315,10.75,0.00102890638184532
385,175,315,10.7575,0.00165779115540172
385,175,315,10.765,0.00192797274438793
385,175,315,10.7725,0.00187490060931008
385,175,315,10.78,0.00149203907530195
385,175,315,10.7875,0.00145733226197345
385,175,315,10.795,0.00219437891405507
385,175,315,10.8025,0.00137116544030032
385,175,315,10.81,0.00192891724076434
385,175,315,10.8175,0.00162208478049792
385,175,315,10.825,0.00141286992690376
385,175,315,10.8325,0.00143421647699629
385,175,315,10.84,0.00140044417223944
385,175,315,10.8475,0.00106534238327852
385,175,315,10.855,0.00083280616625825
385,175,315,10.8625,0.000784164593964565
385,175,315,10.87,0.00119199756388858
385,175,315,10.8775,0.000928614023307325
385,175,315,10.885,0.000894517461252204
385,175,315,10.8925,0.00055214756256402
385,175,315,10.9,0.000496527586380061
385,175,315,10.9075,0.000688590065354026
385,175,315,10.915,0.000756331427010177
385,175,315,10.9225,0.00101691498433879
385,175,315,10.93,0.000539169605954225
385,175,315,10.9375,0.000667256409024203
385,175,315,10.945,0.000686839958475964
385,175,315,10.9525,0.00110025866527745
385,175,315,10.96,0.00099641571619314
385,175,315,10.9675,0.000940328339895288
385,175,315,10.975,0.00173913549209806
385,175,315,10.9825,0.00146341896689333
385,175,315,10.99,0.00175960118288095
385,175,315,10.9975,0.00223077402047624
385,175,315,11.005,0.00166595855931249
385,175,315,11.0125,0.00163887335309708
385,175,315,11.02,0.00195290245779405
385,175,315,11.0275,0.00186688442448472
385,175,315,11.035,0.00131577545061904
385,175,315,11.0425,0.00167254340759964
385,175,315,11.05,0.00141098835109047
385,175,315,11.0575,0.00194938834693723
385,175,315,11.065,0.00192537520351833
385,175,315,11.0725,0.00176808571725506
385,175,315,11.08,0.00136431262062792
385,175,315,11.0875,0.00115669779045493
385,175,315,11.095,0.00172110115700756
385,175,315,11.1025,0.00113844424856991
385,175,315,11.11,0.00142675305454396
385,175,315,11.1175,0.00140601282775129
385,175,315,11.125,0.00102318356874394
385,175,315,11.1325,0.00129931940381404
385,175,315,11.14,0.00142507425819847
385,175,315,11.1475,0.00125970046826198
385,175,315,11.155,0.00144814493865171
385,175,315,11.1625,0.00145541624610452
385,175,315,11.17,0.00127124744913168
385,175,315,11.1775,0.00152941603407346
385,175,315,11.185,0.000777304512635938
385,175,315,11.1925,0.000326088931046839
385,175,315,11.2,0.000189215815888555
385,175,315,11.2075,0.000124028652866194
385,175,315,11.215,0.000485752183234056
385,175,315,11.2225,0.000479134412156733
385,175,315,11.23,0.000912553923811486
385,175,315,11.2375,0.00118367205677243
385,175,315,11.245,0.000993336720809717
385,175,315,11.2525,0.000788493311772161
385,175,315,11.26,0.000785479349836971
385,175,315,11.2675,0.00106988777383574
385,175,315,11.275,0.00118562058512995
385,175,315,11.2825,0.00103096587607616
385,175,315,11.29,0.00157061181288794
385,175,315,11.2975,0.0014125135860854
385,175,315,11.305,0.00205764289511308
385,175,315,11.3125,0.00176903228987685
385,175,315,11.32,0.0017109447140928
385,175,315,11.3275,0.00151955871003666
385,175,315,11.335,0.00236062806015096
385,175,315,11.3425,0.00191688682433789
385,175,315,11.35,0.00250810539340119
385,175,315,11.3575,0.00233078087880149
385,175,315,11.365,0.00168487693069976
385,175,315,11.3725,0.00237276183539823
385,175,315,11.38,0.00243738041220418
385,175,315,11.3875,0.00197985438307118
385,175,315,11.395,0.00203306649915706
385,175,315,11.4025,0.00210296847141526
385,175,315,11.41,0.00153350890079192
385,175,315,11.4175,0.00136495636106355
385,175,315,11.425,0.00138377209390175
385,175,315,11.4325,0.00103693363838481
385,175,315,11.44,0.000935104470611606
385,175,315,11.4475,0.000350069382243488
385,175,315,11.455,0.000654890724740314
385,175,315,11.4625,0.000758299600414791
385,175,315,11.47,0.000399225494398972
385,175,315,11.4775,0.000429665819514593
385,175,315,11.485,0.00117095745410249
385,175,315,11.4925,0.00139478019013435
385,175,315,11.5,0.00104012313304172
385,175,315,11.5075,0.00166494234683418
385,175,315,11.515,0.00140931734768263
385,175,315,11.5225,0.00139439531957416
385,175,315,11.53,0.00156382989879076
385,175,315,11.5375,0.00152929147233968
385,175,315,11.545,0.00178678717522515
385,175,315,11.5525,0.00177219296522148
385,175,315,11.56,0.00159770250729095
385,175,315,11.5675,0.00146598556725953
385,175,315,11.575,0.00169288502858854
385,175,315,11.5825,0.00141253587076352
385,175,315,11.59,0.0012230888979864
385,175,315,11.5975,0.0013988267646358
385,175,315,11.605,0.00132624818670463
385,175,315,11.6125,0.00123561298044902
385,175,315,11.62,0.00141364575680445
385,175,315,11.6275,0.00171016306875475
385,175,315,11.635,0.00160507390228771
385,175,315,11.6425,0.000830249753992605
385,175,315,11.65,0.00163368321394266
385,175,315,11.6575,0.00159140676229605
385,175,315,11.665,0.00134304506234558
385,175,315,11.6725,0.00134761606800192
385,175,315,11.68,0.00142200779150207
385,175,315,11.6875,0.0008869802701088
385,175,315,11.695,0.000771620608117276
385,175,315,11.7025,0.00119887294188169
385,175,315,11.71,0.00137307933137983
385,175,315,11.7175,0.00125091199988998
385,175,315,11.725,0.0015206009614689
385,175,315,11.7325,0.0012259813459221
385,175,315,11.74,0.00169833086032211
385,175,315,11.7475,0.00176816329568295
385,175,315,11.755,0.00171779334580502
385,175,315,11.7625,0.00163457681926491
385,175,315,11.77,0.00124268453897103
385,175,315,11.7775,0.000877240017253094
385,175,315,11.785,0.000932128624846197
385,175,315,11.7925,0.000724715046143733
385,175,315,11.8,0.00121725247639234
385,175,315,11.8075,0.00119788189260614
385,175,315,11.815,0.000965893894617102
385,175,315,11.8225,0.00127401481305149
385,175,315,11.83,0.00122524655384705
385,175,315,11.8375,0.000977178673943606
385,175,315,11.845,0.00113523815156299
385,175,315,11.8525,0.00126079089772227
385,175,315,11.86,0.00108854541087123
385,175,315,11.8675,0.00166087623926472
385,175,315,11.875,0.00116942075859827
385,175,315,11.8825,0.00157921198493904
385,175,315,11.89,0.00158451771441569
385,175,315,11.8975,0.00153879199217214
385,175,315,11.905,0.00101106406279753
385,175,315,11.9125,0.00143018867158057
385,175,315,11.92,0.00116451737356063
385,175,315,11.9275,0.00103438647821367
385,175,315,11.935,0.000366806208423342
385,175,315,11.9425,0.00102269724340122
385,175,315,11.95,0.00114900173033634
385,175,315,11.9575,0.000811970822389393
385,175,315,11.965,0.000676628942443057
385,175,315,11.9725,0.00106750210341247
385,175,315,11.98,0.000629790472247655
385,175,315,11.9875,0.000380916010444216
385,175,315,11.995,0.000401749520045633
385,175,315,12.0025,0.000568790974342329
385,175,315,12.01,0.00102076008610744
385,175,315,12.0175,0.00114452039392235
385,175,315,12.025,0.000874650642400941
385,175,315,12.0325,0.000964762681088091
385,175,315,12.04,0.000856235478924305
385,175,315,12.0475,0.00132275116526245
385,175,315,12.055,0.00155571177960283
385,175,315,12.0625,0.00136927065277505
385,175,315,12.07,0.00174077292423687
385,175,315,12.0775,0.00180385261753027
385,175,315,12.085,0.00162680877920596
385,175,315,12.0925,0.00209695735379873
385,175,315,12.1,0.00213655394664566
385,175,315,12.1075,0.00147748855548882
385,175,315,12.115,0.00180705994494147
385,175,315,12.1225,0.00136723551548967
385,175,315,12.13,0.00191127452894537
385,175,315,12.1375,0.00144787182731887
385,175,315,12.145,0.00176785367251194
385,175,315,12.1525,0.0012798416609544
385,175,315,12.16,0.00105071049122092
385,175,315,12.1675,0.00102533772387
385,175,315,12.175,0.000817743284057122
385,175,315,12.1825,0.000768850184326214
385,175,315,12.19,0.000975476214435559
385,175,315,12.1975,0.000726430046292385
385,175,315,12.205,0.000328628957430212
385,175,315,12.2125,2.16248123993409e-05
385,175,315,12.22,0.000302585990832259
385,175,315,12.2275,0.000127755592047036
385,175,315,12.235,0.00035791978472247
385,175,315,12.2425,0.000893893513815757
385,175,315,12.25,0.00105217804804772
385,175,315,12.2575,0.000811578631731855
385,175,315,12.265,0.000930291215068652
385,175,315,12.2725,0.000616943629857526
385,175,315,12.28,0.000781558902770222
385,175,315,12.2875,0.000918433150474293
385,175,315,12.295,0.0013190421429987
385,175,315,12.3025,0.00116230903713115
385,175,315,12.31,0.00156179868145366
385,175,315,12.3175,0.00121910194750029
385,175,315,12.325,0.00142966801190513
385,175,315,12.3325,0.0017895848503271
385,175,315,12.34,0.00158243196611436
385,175,315,12.3475,0.0013943566612892
385,175,315,12.355,0.00152219913008724
385,175,315,12.3625,0.00154654743279665
385,175,315,12.37,0.00127783774032289
385,175,315,12.3775,0.00128723303162191
385,175,315,12.385,0.00147073893971144
385,175,315,12.3925,0.00120081558283047
385,175,315,12.4,0.00141166123103975
385,175,315,12.4075,0.00093550233750927
385,175,315,12.415,0.00132953053654974
385,175,315,12.4225,0.0017628012811888
385,175,315,12.43,0.00107776633483177
385,175,315,12.4375,0.00168452989166889
385,175,315,12.445,0.00152198273062976
385,175,315,12.4525,0.00140946618309077
385,175,315,12.46,0.00120431737909701
385,175,315,12.4675,0.00178937569844892
385,175,315,12.475,0.00103014481683185
385,175,315,12.4825,0.00126837423278866
385,175,315,12.49,0.00112741171590333
385,175,315,12.4975,0.00125848405788124
385,175,315,12.505,0.000667398104607331
385,175,315,12.5125,0.000586011010509528
385,175,315,12.52,0.000608062108088491
385,175,315,12.5275,0.00054029315059289
385,175,315,12.535,0.000389719521804781
385,175,315,12.5425,0.000179969868556121
385,175,315,12.55,0.000656521093310725
385,175,315,12.5575,0.00036251503376388
385,175,315,12.565,0.000551428274149534
385,175,315,12.5725,0.000427078625371239
385,175,315,12.58,0.000412514382805322
385,175,315,12.5875,0.000723449062423345
385,175,315,12.595,0.00115431974381878
385,175,315,12.6025,0.00168205553441847
385,175,315,12.61,0.00158832990387062
385,175,315,12.6175,0.00100941629169491
385,175,315,12.625,0.00138985399818162
385,175,315,12.6325,0.00148321139907693
385,175,315,12.64,0.00143011964302537
385,175,315,12.6475,0.00135474175258891
385,175,315,12.655,0.00163423957626362
385,175,315,12.6625,0.00139960319301599
385,175,315,12.67,0.00136513970807131
385,175,315,12.6775,0.00165758887076832
385,175,315,12.685,0.0014584858050445
385,175,315,12.6925,0.00116248851383636
385,175,315,12.7,0.00134323354465668
385,175,315,12.7075,0.00110148803225612
385,175,315,12.715,0.000553671569505241
385,175,315,12.7225,0.000687700694175698
385,175,315,12.73,0.00043573895878001
385,175,315,12.7375,0.000353213215684639
385,175,315,12.745,0.000607702413063629
385,175,315,12.7525,0.000473333897141816
385,175,315,12.76,0.000636735353290006
385,175,315,12.7675,0.000676009021701414
385,175,315,12.775,0.000649439953336898
385,175,315,12.7825,0.00045169165403344
385,175,315,12.79,0.00114634739525345
385,175,315,12.7975,0.000527313894337988
385,175,315,12.805,0.000585030654266226
385,175,315,12.8125,0.00114348192789794
385,175,315,12.82,0.00114397050152798
385,175,315,12.8275,0.00087724679860795
385,175,315,12.835,0.00109861635124761
385,175,315,12.8425,0.00022464752293105
385,175,315,12.85,0.000543876335273111
385,175,315,12.8575,0.00113514413090746
385,175,315,12.865,0.0012628209185284
385,175,315,12.8725,0.00122174881911263
385,175,315,12.88,0.000905239344257743
385,175,315,12.8875,0.000742770623202168
385,175,315,12.895,0.000754899648952011
385,175,315,12.9025,0.000345139470480471
385,175,315,12.91,0.000748742049313003
385,175,315,12.9175,0.000485738404903279
385,175,315,12.925,0.000267842965666193
385,175,315,12.9325,0.000755752075804683
385,175,315,12.94,0.000626923189749489
385,175,315,12.9475,0.000273458809423992
385,175,315,12.955,0.000335184293544175
385,175,315,12.9625,0.000171327762361823
385,175,315,12.97,0.000409566820809396
385,175,315,12.9775,0.000563700420313438
385,175,315,12.985,0.000891943948239944
385,175,315,12.9925,0.000355156534614784
385,175,315,13,0.000499253559964619
385,175,315,13.0075,0.000373013726504926
385,175,315,13.015,0.000396004961339992
385,175,315,13.0225,0.000871976111441237
385,175,315,13.03,0.000314227096394245
385,175,315,13.0375,0.000818882330012085
385,175,315,13.045,0.000815144899476218
385,175,315,13.0525,0.00103391845894464
385,175,315,13.06,0.001116946222163
385,175,315,13.0675,0.000679765356194111
385,175,315,13.075,0.000683384740107683
385,175,315,13.0825,0.00089720442926296
385,175,315,13.09,0.000580306234129019
385,175,315,13.0975,0.000851024400432159
385,175,315,13.105,0.000466238946360203
385,175,315,13.1125,0.00073818709164195
385,175,315,13.12,0.0012000495208505
385,175,315,13.1275,0.00101192325797362
385,175,315,13.135,0.00134933557367565
385,175,315,13.1425,0.00120728106133926
385,175,315,13.15,0.00126275644257594
385,175,315,13.1575,0.00121394838200879
385,175,315,13.165,0.00122571084021979
385,175,315,13.1725,0.00135058840465515
385,175,315,13.18,0.0013055944618251
385,175,315,13.1875,0.00117635155428277
385,175,315,13.195,0.00107186410259683
385,175,315,13.2025,0.00142156327438357
385,175,315,13.21,0.00114125573690917
385,175,315,13.2175,0.000623988074057459
385,175,315,13.225,0.000874294031439494
385,175,315,13.2325,0.000959978870768754
385,175,315,13.24,0.000577604087358827
385,175,315,13.2475,0.000624879303656828
385,175,315,13.255,0.000113449755071005
385,175,315,13.2625,0.000207005699011374
385,175,315,13.27,0.000407079869195849
385,175,315,13.2775,0.000295249455861672
385,175,315,13.285,0.000607347156205415
385,175,315,13.2925,0.00049393767053851
385,175,315,13.3,0.000432332355385077
385,175,315,13.3075,0.000970241144383819
385,175,315,13.315,0.000626115802373148
385,175,315,13.3225,0.00110019109332825
385,175,315,13.33,0.00121500500162767
385,175,315,13.3375,0.00136476030540475
385,175,315,13.345,0.00113087180242603
385,175,315,13.3525,0.00167556700123338
385,175,315,13.36,0.0015236374782694
385,175,315,13.3675,0.00159873439553991
385,175,315,13.375,0.00138795617314224
385,175,315,13.3825,0.00186699015922615
385,175,315,13.39,0.00164016516528859
385,175,315,13.3975,0.00176469570522452
385,175,315,13.405,0.0013948103975261
385,175,315,13.4125,0.00177501890213031
385,175,315,13.42,0.00160493906709676
385,175,315,13.4275,0.0013587617050797
385,175,315,13.435,0.000809227860015991
385,175,315,13.4425,0.00101237252999009
385,175,315,13.45,0.00155608017873646
385,175,315,13.4575,0.00136329901947089
385,175,315,13.465,0.00115918423269133
385,175,315,13.4725,0.000721607065205089
385,175,315,13.48,0.00104787204959222
385,175,315,13.4875,0.000696504638440621
385,175,315,13.495,0.000698561964725997
385,175,315,13.5025,0.000599471736489285
385,175,315,13.51,0.000984052825134329
385,175,315,13.5175,0.000348795595477003
385,175,315,13.525,0.000670387183226307
385,175,315,13.5325,0.000508753315636102
385,175,315,13.54,0.000323316407700333
385,175,315,13.5475,0.000947774611052537
385,175,315,13.555,0.000324411819464242
385,175,315,13.5625,0.000524160185253307
385,175,315,13.57,0.000996814628301123
385,175,315,13.5775,0.000571438021653743
385,175,315,13.585,0.000597795616482539
385,175,315,13.5925,0.00144453641058267
385,175,315,13.6,0.00100934433774401
385,175,315,13.6075,0.000709305479625182
385,175,315,13.615,0.000785094836832422
385,175,315,13.6225,0.000596669494737638
385,175,315,13.63,0.00094564869060762
385,175,315,13.6375,0.000911556964585764
385,175,315,13.645,0.000876974822476417
385,175,315,13.6525,0.000882372275395131
385,175,315,13.66,0.000915864576467008
385,175,315,13.6675,0.000805382004576306
385,175,315,13.675,0.00111781863560741
385,175,315,13.6825,0.00086958652892789
385,175,315,13.69,0.000917417279646258
385,175,315,13.6975,0.00157302778949577
385,175,315,13.705,0.00142715575261177
385,175,315,13.7125,0.00113040527805953
385,175,315,13.72,0.00127370409057044
385,175,315,13.7275,0.00156451629171631
385,175,315,13.735,0.00113289100331268
385,175,315,13.7425,0.000920103541479173
385,175,315,13.75,0.00111694607488937
385,175,315,13.7575,0.000758866118029569
385,175,315,13.765,0.00115448562207493
385,175,315,13.7725,0.000956790761952948
385,175,315,13.78,0.00102819444352894
385,175,315,13.7875,0.00100861547218412
385,175,315,13.795,0.00115633315445589
385,175,315,13.8025,0.000598476245525352
385,175,315,13.81,0.000289599486813566
385,175,315,13.8175,0.000549969042171756
385,175,315,13.825,0.000443109693891231
385,175,315,13.8325,0.000266693478630156
385,175,315,13.84,0.000496533365666161
385,175,315,13.8475,0.000712978989936148
385,175,315,13.855,0.00076166481983674
385,175,315,13.8625,0.000900395753593528
385,175,315,13.87,0.000913525775023362
385,175,315,13.8775,0.000780609384477765
385,175,315,13.885,0.00100581516233239
385,175,315,13.8925,0.00133829015413146
385,175,315,13.9,0.00133265091838842
385,175,315,13.9075,0.00153910232549576
385,175,315,13.915,0.00111700483052443
385,175,315,13.9225,0.00137362190201621
385,175,315,13.93,0.00108803117403642
385,175,315,13.9375,0.00137040838221651
385,175,315,13.945,0.000736047675697097
385,175,315,13.9525,0.00107689570437828
385,175,315,13.96,0.00127100452176208
385,175,315,13.9675,0.00110842202984486
385,175,315,13.975,0.000985664691663699
385,175,315,13.9825,0.000746105995087317
385,175,315,13.99,0.000991984638392918
385,175,315,13.9975,0.000630344358689544
385,175,315,14.005,0.000623555211834289
385,175,315,14.0125,0.000604488225076716
385,175,315,14.02,0.000362515594371031
385,175,315,14.0275,0.000323873128799324
385,175,315,14.035,0.00055127692086158
385,175,315,14.0425,0.000364255255357625
385,175,315,14.05,0.000784718487963807
385,175,315,14.0575,0.000983098207794965
385,175,315,14.065,0.00123225650131498
385,175,315,14.0725,0.00088754390312001
385,175,315,14.08,0.000994102651724552
385,175,315,14.0875,0.00105286474375675
385,175,315,14.095,0.00101103650063373
385,175,315,14.1025,0.000914184389740378
385,175,315,14.11,0.000524155086144896
385,175,315,14.1175,0.000899526984175471
385,175,315,14.125,0.000580978560429491
385,175,315,14.1325,0.000722893416650489
385,175,315,14.14,0.00143653900252871
385,175,315,14.1475,0.00144751641654699
385,175,315,14.155,0.00114665034312152
385,175,315,14.1625,0.00118140976192203
385,175,315,14.17,0.001428611960462
385,175,315,14.1775,0.00122527526660295
385,175,315,14.185,0.00107359400496209
385,175,315,14.1925,0.000595410171633037
385,175,315,14.2,0.000914558440688117
385,175,315,14.2075,0.000681823744256759
385,175,315,14.215,0.00110070732407923
385,175,315,14.2225,0.00100580251131118
385,175,315,14.23,0.000617113506331221
385,175,315,14.2375,0.000884763854732745
385,175,315,14.245,0.000874658293878574
385,175,315,14.2525,0.000663513753515863
385,175,315,14.26,0.000670072710123577
385,175,315,14.2675,0.000680480819659178
385,175,315,14.275,0.000986494670135411
385,175,315,14.2825,0.000400270695868306
385,175,315,14.29,0.000664345516568254
385,175,315,14.2975,0.000300145511060331
385,175,315,14.305,0.000339980347310934
385,175,315,14.3125,0.000615161372234076
385,175,315,14.32,0.00095421946975896
385,175,315,14.3275,0.000437451254415501
385,175,315,14.335,0.000680037181767852
385,175,315,14.3425,0.000289268601071248
385,175,315,14.35,0.000153940134708677
385,175,315,14.3575,0.000352375999860501
385,175,315,14.365,0.000411604269074637
385,175,315,14.3725,7.76834662173513e-05
385,175,315,14.38,0.000465213509006623
385,175,315,14.3875,0.000482143785562601
385,175,315,14.395,0.00066237834085328
385,175,315,14.4025,0.000903109947333269
385,175,315,14.41,0.000850618567873796
385,175,315,14.4175,0.000666292181980163
385,175,315,14.425,0.000828665095108235
385,175,315,14.4325,0.000776316139486135
385,175,315,14.44,0.000891300180078406
385,175,315,14.4475,0.00134478271042667
385,175,315,14.455,0.000647011629880262
385,175,315,14.4625,0.00147190101226371
385,175,315,14.47,0.00107876091597398
385,175,315,14.4775,0.00128009666411229
385,175,315,14.485,0.000766063617775202
385,175,315,14.4925,0.000788320776411356
385,175,315,14.5,0.00113031028373922
385,175,315,14.5075,0.000890807144374229
385,175,315,14.515,0.00145826955564534
385,175,315,14.5225,0.000741310279769447
385,175,315,14.53,0.000891973701131226
385,175,315,14.5375,0.000891311638372018
385,175,315,14.545,0.000814357074354575
385,175,315,14.5525,0.000720517312858777
385,175,315,14.56,0.000692436520519962
385,175,315,14.5675,0.00054013527624416
385,175,315,14.575,0.000183655422911745
385,175,315,14.5825,0.000582681828591551
385,175,315,14.59,0.000271186605749446
385,175,315,14.5975,0.000378529195674734
385,175,315,14.605,7.75620032937476e-05
385,175,315,14.6125,0.000272183683198335
385,175,315,14.62,8.4621092392177e-05
385,175,315,14.6275,0.000274856250480577
385,175,315,14.635,0.000669562874115135
385,175,315,14.6425,0.000412591107560052
385,175,315,14.65,0.000892321500166174
385,175,315,14.6575,0.000788891014138143
385,175,315,14.665,0.0007883078097606
385,175,315,14.6725,0.000484137016359694
385,175,315,14.68,0.000875281466655355
385,175,315,14.6875,0.000708450791664809
385,175,315,14.695,0.000212043801282124
385,175,315,14.7025,0.00100204208101921
385,175,315,14.71,0.000538693890931589
385,175,315,14.7175,0.000626615393455606
385,175,315,14.725,0.0010541478703858
385,175,315,14.7325,0.00066350031216268
385,175,315,14.74,0.000586105244364709
385,175,315,14.7475,0.00035940407443467
385,175,315,14.755,0.00093993288300622
385,175,315,14.7625,0.000441834335508112
385,175,315,14.77,0.000638087431731941
385,175,315,14.7775,0.00077582634548919
385,175,315,14.785,0.000816120033682675
385,175,315,14.7925,0.000465104367540911
385,175,315,14.8,0.000312126459891873
385,175,315,14.8075,0.000353910572016115
385,175,315,14.815,0.000377651195412903
385,175,315,14.8225,0.000320046715870511
385,175,315,14.83,0.000524369908574185
385,175,315,14.8375,0.000143632555410753
385,175,315,14.845,0.000409949085545465
385,175,315,14.8525,0.000615326684059051
385,175,315,14.86,0.00025034365971124
385,175,315,14.8675,0.000254363356879543
385,175,315,14.875,0.00041355502985037
385,175,315,14.8825,0.000498914047721308
385,175,315,14.89,0.000634217564397621
385,175,315,14.8975,0.000469818588349774
385,175,315,14.905,0.000786692571440626
385,175,315,14.9125,0.000518737756089766
385,175,315,14.92,0.000654070280985165
385,175,315,14.9275,0.000928452495692118
385,175,315,14.935,0.000984827631979252
385,175,315,14.9425,0.000917730298132883
385,175,315,14.95,0.000972139040702364
385,175,315,14.9575,0.00103635553215232
385,175,315,14.965,0.000915956530813933
385,175,315,14.9725,0.000932870468103116
385,175,315,14.98,0.000844154100603033
385,175,315,14.9875,0.000580520919604003
385,175,315,14.995,0.000891626105461339
385,175,315,15.0025,0.000888531605005447
385,175,315,15.01,0.000480095502916531
385,175,315,15.0175,0.000413807021932414
385,175,315,15.025,0.000362688544249406
385,175,315,15.0325,0.000555950863327065
385,175,315,15.04,0.000348194219290619
385,175,315,15.0475,0.000855961308495374
385,175,315,15.055,0.000898030446134477
385,175,315,15.0625,0.000805478850098647
385,175,315,15.07,0.000345556850509323
385,175,315,15.0775,0.000451876262439627
385,175,315,15.085,0.000346494688356617
385,175,315,15.0925,0.000278728385519217
385,175,315,15.1,0.000341265666680988
385,175,315,15.1075,0.000177174468461267
385,175,315,15.115,0.000311611958533506
385,175,315,15.1225,0.000609121193403111
385,175,315,15.13,0.00039788471255884
385,175,315,15.1375,0.000618538037471828
385,175,315,15.145,0.000613277915722502
385,175,315,15.1525,0.000895081975209757
385,175,315,15.16,0.000549645974776496
385,175,315,15.1675,0.000903225959978428
385,175,315,15.175,0.000747520171837706
385,175,315,15.1825,0.00101420269085902
385,175,315,15.19,0.000849773683386595
385,175,315,15.1975,0.00105584633885093
385,175,315,15.205,0.000907454628253852
385,175,315,15.2125,0.00113848613044976
385,175,315,15.22,0.0011042707115532
385,175,315,15.2275,0.000824909608811625
385,175,315,15.235,0.00136293036744046
385,175,315,15.2425,0.000587883151730224
385,175,315,15.25,0.00101647520137895
385,175,315,15.2575,0.000907713147370717
385,175,315,15.265,0.000569628729597645
385,175,315,15.2725,0.000692319265544281
385,175,315,15.28,0.000728863973808676
385,175,315,15.2875,0.000755271501644466
385,175,315,15.295,0.000722613168257105
385,175,315,15.3025,0.000946463934464824
385,175,315,15.31,0.000735555387624521
385,175,315,15.3175,0.000477632593252327
385,175,315,15.325,0.000539407628319473
385,175,315,15.3325,0.000469699057632028
385,175,315,15.34,0.000263242058307002
385,175,315,15.3475,0.000228578640837174
385,175,315,15.355,0.000129603869685475
385,175,315,15.3625,0.000211965104417833
385,175,315,15.37,7.86368507526245e-05
385,175,315,15.3775,9.1033955351474e-05
385,175,315,15.385,0.000325260949367563
385,175,315,15.3925,0.000453342661579145
385,175,315,15.4,0.000540159178972538
385,175,315,15.4075,0.000679354262397583
385,175,315,15.415,0.000651691622389477
385,175,315,15.4225,0.000601126178852501
385,175,315,15.43,0.000464569157942516
385,175,315,15.4375,0.000566783564304191
385,175,315,15.445,0.000800826234852323
385,175,315,15.4525,0.000609255464304818
385,175,315,15.46,0.000725888998971546
385,175,315,15.4675,0.000598330763606851
385,175,315,15.475,0.000283852526320256
385,175,315,15.4825,0.000399509729092913
385,175,315,15.49,0.000858716760131463
385,175,315,15.4975,0.000666898557550538
385,175,315,15.505,0.000394052916524979
385,175,315,15.5125,0.000501147044423798
385,175,315,15.52,0.000315692155486788
385,175,315,15.5275,0.000717949884935073
385,175,315,15.535,0.000654243202309604
385,175,315,15.5425,0.000412592499977266
385,175,315,15.55,0.000382561589871816
385,175,315,15.5575,0.00022960508297185
385,175,315,15.565,0.00058525551047614
385,175,315,15.5725,0.000742099181034074
385,175,315,15.58,0.000237897365505594
385,175,315,15.5875,0.000326602164828665
385,175,315,15.595,0.000348101858829466
385,175,315,15.6025,0.00085993492537738
385,175,315,15.61,0.000185440996490494
385,175,315,15.6175,0.000377698007010083
385,175,315,15.625,0.00070631564216321
385,175,315,15.6325,0.000711811951202923
385,175,315,15.64,0.000534800557882292
385,175,315,15.6475,0.000655287059693386
385,175,315,15.655,0.000297745995766411
385,175,315,15.6625,0.000508401504632204
385,175,315,15.67,0.000386635245329673
385,175,315,15.6775,0.000365053667071177
385,175,315,15.685,0.000409160118000072
385,175,315,15.6925,0.000253666315598522
385,175,315,15.7,0.000210645995164187
385,175,315,15.7075,0.000410445558726847
385,175,315,15.715,0.000401741060592983
385,175,315,15.7225,0.000191082328821274
385,175,315,15.73,0.000679786880571972
385,175,315,15.7375,0.000788324757237426
385,175,315,15.745,0.000683067591074718
385,175,315,15.7525,0.00075407822789517
385,175,315,15.76,0.00106090247733407
385,175,315,15.7675,0.000753000859188162
385,175,315,15.775,0.000290405647916894
385,175,315,15.7825,0.00119028210616907
385,175,315,15.79,0.000270869744939866
385,175,315,15.7975,0.000889388717382631
385,175,315,15.805,0.000706422231646844
385,175,315,15.8125,0.000358698239560656
385,175,315,15.82,0.000332548210040588
385,175,315,15.8275,0.000470742853632873
385,175,315,15.835,0.000343573222681144
385,175,315,15.8425,0.000387800742777646
385,175,315,15.85,0.000479931796655248
385,175,315,15.8575,0.000157346359241075
385,175,315,15.865,0.000497703599151561
385,175,315,15.8725,0.000178268963118984
385,175,315,15.88,0.000153008734695909
385,175,315,15.8875,0.000106288016815357
385,175,315,15.895,0.000274069153005996
385,175,315,15.9025,0.000279985927679883
385,175,315,15.91,0.000438437795661581
385,175,315,15.9175,7.66072373622592e-05
385,175,315,15.925,0.000301677528823106
385,175,315,15.9325,0.000387031162861429
385,175,315,15.94,0.000541005102170302
385,175,315,15.9475,0.000132148031208438
385,175,315,15.955,0.000632071339157743
385,175,315,15.9625,0.000540134339459038
385,175,315,15.97,0.000819144381749052
385,175,315,15.9775,0.000375235981966998
385,175,315,15.985,0.000781694127602753
385,175,315,15.9925,0.00042468751167198
385,175,315,16,0.000591268038714158
385,175,314,4,0.00665753095341826
385,175,314,4.0075,0.00679476841402702
385,175,314,4.015,0.00630030213420955
385,175,314,4.0225,0.006036110966427
385,175,314,4.03,0.00540971239748625
385,175,314,4.0375,0.00521806848617538
385,175,314,4.045,0.00560951727986197
385,175,314,4.0525,0.00488554722168109
385,175,314,4.06,0.00402741669425285
385,175,314,4.0675,0.00444573757478996
385,175,314,4.075,0.00428916895603772
385,175,314,4.0825,0.00527279662100708
385,175,314,4.09,0.00513886396767929
385,175,314,4.0975,0.00491854464179931
385,175,314,4.105,0.00478237117330475
385,175,314,4.1125,0.00488373526277516
385,175,314,4.12,0.00455208973488639
385,175,314,4.1275,0.004387182205448
385,175,314,4.135,0.00363968267300679
385,175,314,4.1425,0.00379969235868296
385,175,314,4.15,0.00372841806413094
385,175,314,4.1575,0.00383879506840666
385,175,314,4.165,0.00390816974382011
385,175,314,4.1725,0.00328054279553736
385,175,314,4.18,0.0030642575185898
385,175,314,4.1875,0.00326334010476636
385,175,314,4.195,0.00345964308196632
385,175,314,4.2025,0.00357837978643465
385,175,314,4.21,0.00305558996888249
385,175,314,4.2175,0.00298557077952616
385,175,314,4.225,0.00286874561854253
385,175,314,4.2325,0.00284202571005187
385,175,314,4.24,0.00283128208076335
385,175,314,4.2475,0.00272149830887316
385,175,314,4.255,0.00226027716336482
385,175,314,4.2625,0.00275616535375496
385,175,314,4.27,0.00328767630709576
385,175,314,4.2775,0.00399347848795511
385,175,314,4.285,0.00355903651951436
385,175,314,4.2925,0.0034592815190499
385,175,314,4.3,0.00297121276327562
385,175,314,4.3075,0.00286548602643946
385,175,314,4.315,0.00367179392910784
385,175,314,4.3225,0.00361998544744968
385,175,314,4.33,0.00437404221673924
385,175,314,4.3375,0.00400289702884345
385,175,314,4.345,0.00448301247746148
385,175,314,4.3525,0.00366549266760652
385,175,314,4.36,0.00385449692056171
385,175,314,4.3675,0.00338600558608733
385,175,314,4.375,0.00259611318219741
385,175,314,4.3825,0.00261134108599535
385,175,314,4.39,0.00230346206224844
385,175,314,4.3975,0.00212609794598983
385,175,314,4.405,0.00199018701896209
385,175,314,4.4125,0.00229198367611563
385,175,314,4.42,0.00159185248582638
385,175,314,4.4275,0.00157871272215225
385,175,314,4.435,0.00176127401078281
385,175,314,4.4425,0.00206351936898096
385,175,314,4.45,0.00199366914576345
385,175,314,4.4575,0.00275762032882469
385,175,314,4.465,0.00296593187876956
385,175,314,4.4725,0.0032153867708878
385,175,314,4.48,0.0031243653146536
385,175,314,4.4875,0.00297940177757799
385,175,314,4.495,0.00309770338592775
385,175,314,4.5025,0.00363028251458609
385,175,314,4.51,0.00366345225725694
385,175,314,4.5175,0.00383212343470269
385,175,314,4.525,0.00340431989083652
385,175,314,4.5325,0.00359301987095879
385,175,314,4.54,0.00370243085303467
385,175,314,4.5475,0.00368816575479477
385,175,314,4.555,0.00317642025349156
385,175,314,4.5625,0.0036968975358971
385,175,314,4.57,0.00337193217262178
385,175,314,4.5775,0.00312072531103322
385,175,314,4.585,0.00303323693539154
385,175,314,4.5925,0.00305489865579752
385,175,314,4.6,0.00279233334061955
385,175,314,4.6075,0.00198766039086324
385,175,314,4.615,0.00191709413397917
385,175,314,4.6225,0.0014121599493694
385,175,314,4.63,0.00132068972397883
385,175,314,4.6375,0.00103193490018427
385,175,314,4.645,0.000215834445794605
385,175,314,4.6525,0.000550129143865725
385,175,314,4.66,0.000943443428654913
385,175,314,4.6675,0.00151689968737517
385,175,314,4.675,0.00171782814943071
385,175,314,4.6825,0.00211535261394942
385,175,314,4.69,0.00170289208752439
385,175,314,4.6975,0.00159169384760347
385,175,314,4.705,0.00161395055408159
385,175,314,4.7125,0.00200146424013714
385,175,314,4.72,0.00233616869746294
385,175,314,4.7275,0.00270407854831408
385,175,314,4.735,0.00231541167943242
385,175,314,4.7425,0.00285330733617146
385,175,314,4.75,0.00291486352712016
385,175,314,4.7575,0.00249748326413994
385,175,314,4.765,0.00281635877757192
385,175,314,4.7725,0.0027901924915862
385,175,314,4.78,0.00279366410738896
385,175,314,4.7875,0.00290209500300251
385,175,314,4.795,0.00317502496495984
385,175,314,4.8025,0.00320120202280634
385,175,314,4.81,0.0034188253532762
385,175,314,4.8175,0.00362654153483839
385,175,314,4.825,0.00308335678463426
385,175,314,4.8325,0.00303807984973443
385,175,314,4.84,0.00306718058029007
385,175,314,4.8475,0.00321279560730058
385,175,314,4.855,0.00318284465420313
385,175,314,4.8625,0.00265922249210518
385,175,314,4.87,0.00207714617749137
385,175,314,4.8775,0.00225415602911064
385,175,314,4.885,0.00177303774770794
385,175,314,4.8925,0.00200569918411316
385,175,314,4.9,0.00136931016535513
385,175,314,4.9075,0.00106545985060038
385,175,314,4.915,0.00105482306080097
385,175,314,4.9225,0.00139565051382814
385,175,314,4.93,0.00101087210477159
385,175,314,4.9375,0.00143431540638431
385,175,314,4.945,0.000555220946704659
385,175,314,4.9525,0.000379511027248312
385,175,314,4.96,0.000582456777943236
385,175,314,4.9675,0.000896517512432648
385,175,314,4.975,0.00113480017003758
385,175,314,4.9825,0.00110505492340284
385,175,314,4.99,0.00116245618476241
385,175,314,4.9975,0.00146499821789931
385,175,314,5.005,0.00174283181623188
385,175,314,5.0125,0.00116011962361361
385,175,314,5.02,0.00195864841742299
385,175,314,5.0275,0.00233310701396286
385,175,314,5.035,0.00219402863836285
385,175,314,5.0425,0.00190456801306973
385,175,314,5.05,0.00182574920561774
385,175,314,5.0575,0.001832907154142
385,175,314,5.065,0.00230886733729086
385,175,314,5.0725,0.00240538653226996
385,175,314,5.08,0.00236294652168858
385,175,314,5.0875,0.00257735317196012
385,175,314,5.095,0.00234399445730944
385,175,314,5.1025,0.00210236429031524
385,175,314,5.11,0.0026270935138481
385,175,314,5.1175,0.00199729540029228
385,175,314,5.125,0.00231237216398874
385,175,314,5.1325,0.00209660044439748
385,175,314,5.14,0.00180683975846235
385,175,314,5.1475,0.00159022704969352
385,175,314,5.155,0.0017824535155194
385,175,314,5.1625,0.00188229897248866
385,175,314,5.17,0.00180018172140403
385,175,314,5.1775,0.0013918610614725
385,175,314,5.185,0.00113207296878854
385,175,314,5.1925,0.000861613097085614
385,175,314,5.2,0.000920164470695634
385,175,314,5.2075,0.000717172131299618
385,175,314,5.215,0.000841390048722265
385,175,314,5.2225,0.00123398354524794
385,175,314,5.23,0.00130859783953619
385,175,314,5.2375,0.00116136311257016
385,175,314,5.245,0.00128673216555413
385,175,314,5.2525,0.00151756433170771
385,175,314,5.26,0.0011626730683013
385,175,314,5.2675,0.00177744878256548
385,175,314,5.275,0.00154258119361798
385,175,314,5.2825,0.00177977614573334
385,175,314,5.29,0.00127723277709863
385,175,314,5.2975,0.0015407502092399
385,175,314,5.305,0.00164003870528146
385,175,314,5.3125,0.00116930967387639
385,175,314,5.32,0.000935648176219303
385,175,314,5.3275,0.000955645045737905
385,175,314,5.335,0.000818043488136397
385,175,314,5.3425,0.000328947277725323
385,175,314,5.35,0.00110956680202735
385,175,314,5.3575,0.00124050200741264
385,175,314,5.365,0.00120317081667935
385,175,314,5.3725,0.000807025405564948
385,175,314,5.38,0.00108878311900313
385,175,314,5.3875,0.00111838924852879
385,175,314,5.395,0.00105621684141306
385,175,314,5.4025,0.000933525472625579
385,175,314,5.41,0.00116729241064009
385,175,314,5.4175,0.00113863912223729
385,175,314,5.425,0.00114088661258887
385,175,314,5.4325,0.000888816222264215
385,175,314,5.44,0.00104974916376324
385,175,314,5.4475,0.000907698320482987
385,175,314,5.455,0.00125811181456255
385,175,314,5.4625,0.001372882564472
385,175,314,5.47,0.00139844091388391
385,175,314,5.4775,0.00193739969938743
385,175,314,5.485,0.00177239689067534
385,175,314,5.4925,0.001951569673528
385,175,314,5.5,0.0018688543237194
385,175,314,5.5075,0.00173187928089306
385,175,314,5.515,0.00146964837291312
385,175,314,5.5225,0.00137132426700394
385,175,314,5.53,0.000977163446151776
385,175,314,5.5375,0.000888542937109247
385,175,314,5.545,0.000568976473829572
385,175,314,5.5525,0.0010442366820258
385,175,314,5.56,0.00109204388264019
385,175,314,5.5675,0.00127904174497236
385,175,314,5.575,0.00111538694551183
385,175,314,5.5825,0.00166635681276133
385,175,314,5.59,0.00142237218090024
385,175,314,5.5975,0.00100968905408173
385,175,314,5.605,0.00148483273052284
385,175,314,5.6125,0.00153823349617383
385,175,314,5.62,0.00169097282994662
385,175,314,5.6275,0.00175578502887716
385,175,314,5.635,0.00121760274484594
385,175,314,5.6425,0.001224836023736
385,175,314,5.65,0.00100998614208733
385,175,314,5.6575,0.000647093518197017
385,175,314,5.665,0.000609467758544047
385,175,314,5.6725,0.000438619159794757
385,175,314,5.68,0.000879240028166643
385,175,314,5.6875,0.00141712842677932
385,175,314,5.695,0.00161654182900528
385,175,314,5.7025,0.00157067100754917
385,175,314,5.71,0.00204282353277788
385,175,314,5.7175,0.0021025316656683
385,175,314,5.725,0.00185751220911922
385,175,314,5.7325,0.00242567955730705
385,175,314,5.74,0.00256368490288707
385,175,314,5.7475,0.00287025902856458
385,175,314,5.755,0.00270417730406273
385,175,314,5.7625,0.00263259769811131
385,175,314,5.77,0.00275132124405329
385,175,314,5.7775,0.00253094169700998
385,175,314,5.785,0.00289260363000129
385,175,314,5.7925,0.00243589388196989
385,175,314,5.8,0.00222387373721407
385,175,314,5.8075,0.00221095305826106
385,175,314,5.815,0.00248859192176612
385,175,314,5.8225,0.00187166395605915
385,175,314,5.83,0.00226881597081795
385,175,314,5.8375,0.00161746105204787
385,175,314,5.845,0.00160660103583256
385,175,314,5.8525,0.00171764871182667
385,175,314,5.86,0.0017379960599578
385,175,314,5.8675,0.00171271027117094
385,175,314,5.875,0.00147924926783073
385,175,314,5.8825,0.00137890519166425
385,175,314,5.89,0.00145334001148396
385,175,314,5.8975,0.00111049651921505
385,175,314,5.905,0.000545885566151666
385,175,314,5.9125,0.000605221456665801
385,175,314,5.92,0.000752747932068613
385,175,314,5.9275,0.000686228618028668
385,175,314,5.935,0.000508808902138175
385,175,314,5.9425,0.000764369786836712
385,175,314,5.95,0.00088815365461144
385,175,314,5.9575,0.00138745435185528
385,175,314,5.965,0.00140228667201384
385,175,314,5.9725,0.00125529166096528
385,175,314,5.98,0.00167517775840166
385,175,314,5.9875,0.00158245752702749
385,175,314,5.995,0.00119068717532933
385,175,314,6.0025,0.00119720800247843
385,175,314,6.01,0.00151836033831538
385,175,314,6.0175,0.00131773937625852
385,175,314,6.025,0.00165435302308868
385,175,314,6.0325,0.000948539629181627
385,175,314,6.04,0.00122272688461194
385,175,314,6.0475,0.00136230638218433
385,175,314,6.055,0.00143574597423331
385,175,314,6.0625,0.00166753093518817
385,175,314,6.07,0.00148044796908964
385,175,314,6.0775,0.00172517459255943
385,175,314,6.085,0.00204560415226757
385,175,314,6.0925,0.00226820132333867
385,175,314,6.1,0.00171029251653906
385,175,314,6.1075,0.00145998132715209
385,175,314,6.115,0.00151995173687082
385,175,314,6.1225,0.00111166619055193
385,175,314,6.13,0.0011700200839461
385,175,314,6.1375,0.00133210994692727
385,175,314,6.145,0.0012345378034309
385,175,314,6.1525,0.000922977702085508
385,175,314,6.16,0.000998514610726899
385,175,314,6.1675,0.000406608538063191
385,175,314,6.175,0.00082854615712002
385,175,314,6.1825,0.00119871377489304
385,175,314,6.19,0.000666497772113121
385,175,314,6.1975,0.00155132873919083
385,175,314,6.205,0.00129678632874943
385,175,314,6.2125,0.00140267921589075
385,175,314,6.22,0.00180740342043709
385,175,314,6.2275,0.00158121230081852
385,175,314,6.235,0.00146126813445398
385,175,314,6.2425,0.00156028511571539
385,175,314,6.25,0.000987739443905722
385,175,314,6.2575,0.000926576390021893
385,175,314,6.265,0.000871644696903666
385,175,314,6.2725,0.000693271961812348
385,175,314,6.28,0.00059440840152873
385,175,314,6.2875,0.000808105564842869
385,175,314,6.295,0.000874939320945842
385,175,314,6.3025,0.0013918143840287
385,175,314,6.31,0.0011518755640487
385,175,314,6.3175,0.00165120475943537
385,175,314,6.325,0.00182325671903445
385,175,314,6.3325,0.00156270334657782
385,175,314,6.34,0.00166762636944235
385,175,314,6.3475,0.00180188047948546
385,175,314,6.355,0.00171014595416988
385,175,314,6.3625,0.00203337149440506
385,175,314,6.37,0.00192709400443959
385,175,314,6.3775,0.00168097981267042
385,175,314,6.385,0.00145526365853326
385,175,314,6.3925,0.00175578799266788
385,175,314,6.4,0.00115142416348614
385,175,314,6.4075,0.00111658584973615
385,175,314,6.415,0.00147367057262736
385,175,314,6.4225,0.0013385509429529
385,175,314,6.43,0.00115275979845432
385,175,314,6.4375,0.00147504435686967
385,175,314,6.445,0.00149284766045094
385,175,314,6.4525,0.00172817661163294
385,175,314,6.46,0.00137985615605109
385,175,314,6.4675,0.00140144785878748
385,175,314,6.475,0.00177493362367569
385,175,314,6.4825,0.00124793518849508
385,175,314,6.49,0.00136185234358691
385,175,314,6.4975,0.00145331258374491
385,175,314,6.505,0.00134664333052135
385,175,314,6.5125,0.000993182399860747
385,175,314,6.52,0.00179903354259258
385,175,314,6.5275,0.00126999683927442
385,175,314,6.535,0.00182558008585625
385,175,314,6.5425,0.00216410525040682
385,175,314,6.55,0.00208503107088368
385,175,314,6.5575,0.00230023432351254
385,175,314,6.565,0.00244460219442056
385,175,314,6.5725,0.00254604745762723
385,175,314,6.58,0.00250114539486985
385,175,314,6.5875,0.00286229391586166
385,175,314,6.595,0.00248525699821515
385,175,314,6.6025,0.00208708602698462
385,175,314,6.61,0.00191159172138395
385,175,314,6.6175,0.00193470239259307
385,175,314,6.625,0.00167524973019471
385,175,314,6.6325,0.00148010830035622
385,175,314,6.64,0.00150911802257743
385,175,314,6.6475,0.00108922316614625
385,175,314,6.655,0.00102428759945707
385,175,314,6.6625,0.000422056177061224
385,175,314,6.67,0.000145349909202987
385,175,314,6.6775,0.000714094563148705
385,175,314,6.685,0.00101115632150493
385,175,314,6.6925,0.001369960104297
385,175,314,6.7,0.00136376142222648
385,175,314,6.7075,0.00144163522341337
385,175,314,6.715,0.00191583646010334
385,175,314,6.7225,0.00184509043240043
385,175,314,6.73,0.00255541429802918
385,175,314,6.7375,0.0019609156206754
385,175,314,6.745,0.00227289196425504
385,175,314,6.7525,0.00309775227204113
385,175,314,6.76,0.00257846018993615
385,175,314,6.7675,0.00269040284143164
385,175,314,6.775,0.00266292435671813
385,175,314,6.7825,0.00261125187311953
385,175,314,6.79,0.00257082785830477
385,175,314,6.7975,0.0028939811565101
385,175,314,6.805,0.00229684152125991
385,175,314,6.8125,0.00290240574070336
385,175,314,6.82,0.00250678099987372
385,175,314,6.8275,0.00293588075981141
385,175,314,6.835,0.00286909124596096
385,175,314,6.8425,0.00240312697866674
385,175,314,6.85,0.00281732780462471
385,175,314,6.8575,0.00232124569586625
385,175,314,6.865,0.00185242061231968
385,175,314,6.8725,0.00196065798075209
385,175,314,6.88,0.00181369817977891
385,175,314,6.8875,0.00196710140895211
385,175,314,6.895,0.00222970106889939
385,175,314,6.9025,0.00193289201491769
385,175,314,6.91,0.00210802199082626
385,175,314,6.9175,0.00244287444820953
385,175,314,6.925,0.00201754121719541
385,175,314,6.9325,0.0017795173315843
385,175,314,6.94,0.00194206162331768
385,175,314,6.9475,0.00144551118277282
385,175,314,6.955,0.00187935002964138
385,175,314,6.9625,0.0018591965098734
385,175,314,6.97,0.00157813448591257
385,175,314,6.9775,0.00165194946275422
385,175,314,6.985,0.00107391377498989
385,175,314,6.9925,0.00136997482436282
385,175,314,7,0.00155852333848968
385,175,314,7.0075,0.00116206379106904
385,175,314,7.015,0.00155083465974712
385,175,314,7.0225,0.00178003532664966
385,175,314,7.03,0.00233883976442893
385,175,314,7.0375,0.00173848425170974
385,175,314,7.045,0.00169908325710005
385,175,314,7.0525,0.0020546793083483
385,175,314,7.06,0.00214310835929514
385,175,314,7.0675,0.00258750045206398
385,175,314,7.075,0.00324441878148186
385,175,314,7.0825,0.00284383116046578
385,175,314,7.09,0.00318640626445695
385,175,314,7.0975,0.00325634568878183
385,175,314,7.105,0.0035985844741585
385,175,314,7.1125,0.00351083716702059
385,175,314,7.12,0.00351670221257055
385,175,314,7.1275,0.00375630081687568
385,175,314,7.135,0.00332059216077939
385,175,314,7.1425,0.00252880819038699
385,175,314,7.15,0.00250668427672493
385,175,314,7.1575,0.00292353521595254
385,175,314,7.165,0.00253812001996514
385,175,314,7.1725,0.00227678125992051
385,175,314,7.18,0.00218444136473408
385,175,314,7.1875,0.00149956280246641
385,175,314,7.195,0.0014135753106475
385,175,314,7.2025,0.001828868543683
385,175,314,7.21,0.00160153395054151
385,175,314,7.2175,0.00178779776909089
385,175,314,7.225,0.00165471090262036
385,175,314,7.2325,0.0021618901091556
385,175,314,7.24,0.0019440976481115
385,175,314,7.2475,0.00193833909295685
385,175,314,7.255,0.00200245985068965
385,175,314,7.2625,0.0024711880215455
385,175,314,7.27,0.00220068680051091
385,175,314,7.2775,0.00278242685796397
385,175,314,7.285,0.00254966654186199
385,175,314,7.2925,0.00262965180590591
385,175,314,7.3,0.00313802654402143
385,175,314,7.3075,0.00251886659346253
385,175,314,7.315,0.00211228400995308
385,175,314,7.3225,0.00295636923771915
385,175,314,7.33,0.00243417832410875
385,175,314,7.3375,0.002802243166053
385,175,314,7.345,0.00281755740331932
385,175,314,7.3525,0.00293648877319423
385,175,314,7.36,0.00221470505864503
385,175,314,7.3675,0.00321559400625706
385,175,314,7.375,0.00208402314889222
385,175,314,7.3825,0.00228815497696508
385,175,314,7.39,0.00237842059991792
385,175,314,7.3975,0.00158833476514457
385,175,314,7.405,0.00238911402357903
385,175,314,7.4125,0.00171581943179407
385,175,314,7.42,0.00146557854223421
385,175,314,7.4275,0.0016828078910938
385,175,314,7.435,0.00164290321966571
385,175,314,7.4425,0.00166088979756216
385,175,314,7.45,0.00225954893821036
385,175,314,7.4575,0.00229189443370036
385,175,314,7.465,0.00294306626773776
385,175,314,7.4725,0.00257407387799244
385,175,314,7.48,0.00243265503987605
385,175,314,7.4875,0.00287017240463585
385,175,314,7.495,0.00282522273107166
385,175,314,7.5025,0.00295128324183651
385,175,314,7.51,0.00256360709072957
385,175,314,7.5175,0.00247190032499892
385,175,314,7.525,0.00229026805514733
385,175,314,7.5325,0.00222142518412758
385,175,314,7.54,0.00242410827046614
385,175,314,7.5475,0.00189240084278232
385,175,314,7.555,0.00154302858864104
385,175,314,7.5625,0.00180254776919134
385,175,314,7.57,0.00155541739433488
385,175,314,7.5775,0.00201705035178122
385,175,314,7.585,0.00251070704830206
385,175,314,7.5925,0.00196118091106042
385,175,314,7.6,0.00271131832943681
385,175,314,7.6075,0.00291300586414544
385,175,314,7.615,0.00279071158130187
385,175,314,7.6225,0.00298810524867242
385,175,314,7.63,0.00295422117323632
385,175,314,7.6375,0.00312842063267766
385,175,314,7.645,0.00331062997796903
385,175,314,7.6525,0.0029283703622321
385,175,314,7.66,0.00370328964605171
385,175,314,7.6675,0.00324393706501817
385,175,314,7.675,0.0024707816209872
385,175,314,7.6825,0.00246444759747408
385,175,314,7.69,0.00230764077957588
385,175,314,7.6975,0.0016837975244256
385,175,314,7.705,0.00172380711586456
385,175,314,7.7125,0.00172499097740662
385,175,314,7.72,0.00151192478812046
385,175,314,7.7275,0.00175899509902505
385,175,314,7.735,0.00116924388475336
385,175,314,7.7425,0.00133930360769345
385,175,314,7.75,0.00188741569975983
385,175,314,7.7575,0.0016604739599255
385,175,314,7.765,0.0010782709554069
385,175,314,7.7725,0.00123624421181179
385,175,314,7.78,0.00113250868181819
385,175,314,7.7875,0.00139431721067196
385,175,314,7.795,0.00179871744067574
385,175,314,7.8025,0.00226907013337721
385,175,314,7.81,0.00273332910004074
385,175,314,7.8175,0.00219967452766165
385,175,314,7.825,0.00293731438124802
385,175,314,7.8325,0.00321007342674112
385,175,314,7.84,0.00337134733900824
385,175,314,7.8475,0.00343055004610723
385,175,314,7.855,0.00346764706584572
385,175,314,7.8625,0.00359245337240627
385,175,314,7.87,0.0034291393379469
385,175,314,7.8775,0.00344650039278686
385,175,314,7.885,0.00351690860413226
385,175,314,7.8925,0.00314023951543165
385,175,314,7.9,0.00301185848307739
385,175,314,7.9075,0.00307668259467016
385,175,314,7.915,0.00245208524459276
385,175,314,7.9225,0.0023635945908028
385,175,314,7.93,0.00198569225272112
385,175,314,7.9375,0.00157108134747951
385,175,314,7.945,0.00147594640971844
385,175,314,7.9525,0.00139791415719948
385,175,314,7.96,0.00190325577087904
385,175,314,7.9675,0.00244989337163831
385,175,314,7.975,0.00214333326348078
385,175,314,7.9825,0.00223728005522119
385,175,314,7.99,0.00278289306497769
385,175,314,7.9975,0.00268298411065156
385,175,314,8.005,0.00263271822008724
385,175,314,8.0125,0.00291995852989574
385,175,314,8.02,0.00249986279362365
385,175,314,8.0275,0.00234420367968992
385,175,314,8.035,0.00220929936253595
385,175,314,8.0425,0.00216030653047812
385,175,314,8.05,0.00152717553252495
385,175,314,8.0575,0.0015844252623215
385,175,314,8.065,0.00205263561292975
385,175,314,8.0725,0.00216797488382349
385,175,314,8.08,0.00226572543473424
385,175,314,8.0875,0.00203436535758862
385,175,314,8.095,0.00194290418208298
385,175,314,8.1025,0.00217208086248398
385,175,314,8.11,0.00199120251351963
385,175,314,8.1175,0.00235089724330189
385,175,314,8.125,0.00191986378907362
385,175,314,8.1325,0.00179679320862085
385,175,314,8.14,0.00176669789414171
385,175,314,8.1475,0.00183739654712399
385,175,314,8.155,0.0021250273250401
385,175,314,8.1625,0.00193138003898219
385,175,314,8.17,0.00253141774724576
385,175,314,8.1775,0.00257284466448685
385,175,314,8.185,0.00338653979692483
385,175,314,8.1925,0.00293532888727875
385,175,314,8.2,0.00345032988652972
385,175,314,8.2075,0.00366837596846541
385,175,314,8.215,0.00399420686606093
385,175,314,8.2225,0.00359059544934215
385,175,314,8.23,0.00401466377938892
385,175,314,8.2375,0.00398151405893325
385,175,314,8.245,0.00356623072769275
385,175,314,8.2525,0.00382594584760187
385,175,314,8.26,0.00347431457354376
385,175,314,8.2675,0.00320544859614198
385,175,314,8.275,0.00309554132624838
385,175,314,8.2825,0.00214521459896065
385,175,314,8.29,0.00198940471693147
385,175,314,8.2975,0.00142341468888094
385,175,314,8.305,0.00225108695900954
385,175,314,8.3125,0.00173579755965048
385,175,314,8.32,0.000915015018162634
385,175,314,8.3275,0.00139596759650368
385,175,314,8.335,0.00213224865866136
385,175,314,8.3425,0.00258092005133998
385,175,314,8.35,0.00253657780869067
385,175,314,8.3575,0.00268446000435618
385,175,314,8.365,0.00286717763104802
385,175,314,8.3725,0.00308556521702486
385,175,314,8.38,0.00355254294215273
385,175,314,8.3875,0.00350697440449442
385,175,314,8.395,0.00308742852487126
385,175,314,8.4025,0.00376810966644764
385,175,314,8.41,0.00305621330993172
385,175,314,8.4175,0.0031195870674278
385,175,314,8.425,0.00290297815375181
385,175,314,8.4325,0.00230341177373789
385,175,314,8.44,0.00237128000926134
385,175,314,8.4475,0.00236002258218109
385,175,314,8.455,0.00207703575478834
385,175,314,8.4625,0.00163090617614484
385,175,314,8.47,0.0016453951601261
385,175,314,8.4775,0.00168676277678785
385,175,314,8.485,0.0016533094658473
385,175,314,8.4925,0.00170315688034596
385,175,314,8.5,0.00170028451697715
385,175,314,8.5075,0.00204858449057355
385,175,314,8.515,0.0018033923780066
385,175,314,8.5225,0.00177599884896893
385,175,314,8.53,0.00210798915337397
385,175,314,8.5375,0.00246718804561498
385,175,314,8.545,0.00201216148888597
385,175,314,8.5525,0.00242034097254447
385,175,314,8.56,0.00265272856868202
385,175,314,8.5675,0.00310076452809311
385,175,314,8.575,0.002979816542211
385,175,314,8.5825,0.00240439247556292
385,175,314,8.59,0.00304006796499341
385,175,314,8.5975,0.00313030232144824
385,175,314,8.605,0.00252900128453526
385,175,314,8.6125,0.00319372195905205
385,175,314,8.62,0.00291566955420906
385,175,314,8.6275,0.00251812086566774
385,175,314,8.635,0.00221324493497965
385,175,314,8.6425,0.00225131083268782
385,175,314,8.65,0.00191595319549451
385,175,314,8.6575,0.00257693430289063
385,175,314,8.665,0.002221122943033
385,175,314,8.6725,0.00182412580802403
385,175,314,8.68,0.00211325550601426
385,175,314,8.6875,0.00151444718586173
385,175,314,8.695,0.0020498088786254
385,175,314,8.7025,0.00208287966110134
385,175,314,8.71,0.00204790794615787
385,175,314,8.7175,0.00255717999953763
385,175,314,8.725,0.00267759446041674
385,175,314,8.7325,0.00281598451612155
385,175,314,8.74,0.00257836281763774
385,175,314,8.7475,0.00221518756452888
385,175,314,8.755,0.00253769261484977
385,175,314,8.7625,0.00253365140910297
385,175,314,8.77,0.00268436964633284
385,175,314,8.7775,0.00237327809993907
385,175,314,8.785,0.00203050999592733
385,175,314,8.7925,0.00165162584801462
385,175,314,8.8,0.00155080569262432
385,175,314,8.8075,0.00184178211621768
385,175,314,8.815,0.0016383780354107
385,175,314,8.8225,0.00166374171532106
385,175,314,8.83,0.0017024006060691
385,175,314,8.8375,0.00114730876326497
385,175,314,8.845,0.00192323000336704
385,175,314,8.8525,0.00166763454415329
385,175,314,8.86,0.00147810527267572
385,175,314,8.8675,0.00200367366303313
385,175,314,8.875,0.00203271856085364
385,175,314,8.8825,0.00234783234833543
385,175,314,8.89,0.00228525282561191
385,175,314,8.8975,0.00283462807261034
385,175,314,8.905,0.00268201436553937
385,175,314,8.9125,0.00261092408193744
385,175,314,8.92,0.00270749894957013
385,175,314,8.9275,0.00274248758469651
385,175,314,8.935,0.0031623276929873
385,175,314,8.9425,0.0028695621162409
385,175,314,8.95,0.0027884473945038
385,175,314,8.9575,0.00288731316641377
385,175,314,8.965,0.00291830945736461
385,175,314,8.9725,0.00329133868599014
385,175,314,8.98,0.00322611373071608
385,175,314,8.9875,0.00300351210437756
385,175,314,8.995,0.00317607989472904
385,175,314,9.0025,0.00273407214645144
385,175,314,9.01,0.00286915428719667
385,175,314,9.0175,0.00219007639683016
385,175,314,9.025,0.00213960232631749
385,175,314,9.0325,0.00184694241225758
385,175,314,9.04,0.00167581714125103
385,175,314,9.0475,0.0012273813322783
385,175,314,9.055,0.000945381849301732
385,175,314,9.0625,0.0013051609933753
385,175,314,9.07,0.0017259332740488
385,175,314,9.0775,0.00176555351703403
385,175,314,9.085,0.00156874291273367
385,175,314,9.0925,0.00183241279755911
385,175,314,9.1,0.00149207705178657
385,175,314,9.1075,0.00174324168761407
385,175,314,9.115,0.00197009819179747
385,175,314,9.1225,0.00217162343587369
385,175,314,9.13,0.00213037923251473
385,175,314,9.1375,0.00226210176656949
385,175,314,9.145,0.00255388966384048
385,175,314,9.1525,0.00237062717252034
385,175,314,9.16,0.0021362107310731
385,175,314,9.1675,0.00228115732888298
385,175,314,9.175,0.00188370085686853
385,175,314,9.1825,0.00203732115255782
385,175,314,9.19,0.00189744485913499
385,175,314,9.1975,0.00138664248427748
385,175,314,9.205,0.00105584296035205
385,175,314,9.2125,0.00132360448025567
385,175,314,9.22,0.00148654775709467
385,175,314,9.2275,0.00172078980759838
385,175,314,9.235,0.00180678865668532
385,175,314,9.2425,0.00157827380876285
385,175,314,9.25,0.00208597771947896
385,175,314,9.2575,0.00224584258892178
385,175,314,9.265,0.00248786665703101
385,175,314,9.2725,0.00248993421638417
385,175,314,9.28,0.00201849457282698
385,175,314,9.2875,0.00242390818722102
385,175,314,9.295,0.00273733632620668
385,175,314,9.3025,0.00262227287557067
385,175,314,9.31,0.00245498333607568
385,175,314,9.3175,0.00228750928890772
385,175,314,9.325,0.00290585563711053
385,175,314,9.3325,0.00274460819405226
385,175,314,9.34,0.0026349727662142
385,175,314,9.3475,0.00289755672864836
385,175,314,9.355,0.00265617921329477
385,175,314,9.3625,0.00256887270461873
385,175,314,9.37,0.00190696213910171
385,175,314,9.3775,0.00179420889125321
385,175,314,9.385,0.00148215037577013
385,175,314,9.3925,0.00142292004037722
385,175,314,9.4,0.00134273075084662
385,175,314,9.4075,0.00116282238983662
385,175,314,9.415,0.00168844084255715
385,175,314,9.4225,0.00172165835460371
385,175,314,9.43,0.00137020789741533
385,175,314,9.4375,0.00186174781631158
385,175,314,9.445,0.00183906563619752
385,175,314,9.4525,0.00187489855814945
385,175,314,9.46,0.00185564794682606
385,175,314,9.4675,0.00190455244377626
385,175,314,9.475,0.00206687795195492
385,175,314,9.4825,0.00197222284863984
385,175,314,9.49,0.00183224569810932
385,175,314,9.4975,0.00187312015960829
385,175,314,9.505,0.00202033715249031
385,175,314,9.5125,0.00231944703237587
385,175,314,9.52,0.00252719615673184
385,175,314,9.5275,0.00254558882979191
385,175,314,9.535,0.00240452263055557
385,175,314,9.5425,0.00230840177548981
385,175,314,9.55,0.00213711111092009
385,175,314,9.5575,0.00173092979712618
385,175,314,9.565,0.00150580321985753
385,175,314,9.5725,0.000964391522475466
385,175,314,9.58,0.000571813468053714
385,175,314,9.5875,0.000598903018065105
385,175,314,9.595,0.000982111675488033
385,175,314,9.6025,0.00151860000071796
385,175,314,9.61,0.00132278440502914
385,175,314,9.6175,0.00186205786162876
385,175,314,9.625,0.00171168591627542
385,175,314,9.6325,0.00204962676563353
385,175,314,9.64,0.00227989184869471
385,175,314,9.6475,0.0026917478153582
385,175,314,9.655,0.00251889322499773
385,175,314,9.6625,0.00242381862094218
385,175,314,9.67,0.00308272997804574
385,175,314,9.6775,0.00236373629892016
385,175,314,9.685,0.00199630931942425
385,175,314,9.6925,0.00293615238451137
385,175,314,9.7,0.00293569193807645
385,175,314,9.7075,0.00232385987941763
385,175,314,9.715,0.00273792935146099
385,175,314,9.7225,0.00238193042640085
385,175,314,9.73,0.00283736255866831
385,175,314,9.7375,0.00264175057055555
385,175,314,9.745,0.00233261735184325
385,175,314,9.7525,0.0022261175221878
385,175,314,9.76,0.00192853939929756
385,175,314,9.7675,0.00209891200383316
385,175,314,9.775,0.00176117879830269
385,175,314,9.7825,0.00186242103493015
385,175,314,9.79,0.00220772760355637
385,175,314,9.7975,0.00161352143020616
385,175,314,9.805,0.00168794136786709
385,175,314,9.8125,0.00144493050396345
385,175,314,9.82,0.00129734863521279
385,175,314,9.8275,0.00140047969307929
385,175,314,9.835,0.00141222090147787
385,175,314,9.8425,0.00119575885511122
385,175,314,9.85,0.001325856376085
385,175,314,9.8575,0.00155447023695894
385,175,314,9.865,0.00166405637678762
385,175,314,9.8725,0.00171268862875052
385,175,314,9.88,0.00180217293225768
385,175,314,9.8875,0.00167454657943518
385,175,314,9.895,0.00213686404036357
385,175,314,9.9025,0.00137579303822357
385,175,314,9.91,0.0017862400378604
385,175,314,9.9175,0.00182224368701172
385,175,314,9.925,0.00166409206190271
385,175,314,9.9325,0.00204907410045957
385,175,314,9.94,0.00179627803568053
385,175,314,9.9475,0.00190159103225875
385,175,314,9.955,0.00203796381968899
385,175,314,9.9625,0.00216202529231767
385,175,314,9.97,0.00254354693075318
385,175,314,9.9775,0.00268202894832537
385,175,314,9.985,0.00222273638942261
385,175,314,9.9925,0.00261695121697549
385,175,314,10,0.00249057699200114
385,175,314,10.0075,0.0026687912897027
385,175,314,10.015,0.00265736769708364
385,175,314,10.0225,0.00297770570654024
385,175,314,10.03,0.00301479144070311
385,175,314,10.0375,0.00331287576208378
385,175,314,10.045,0.00293646699236747
385,175,314,10.0525,0.00314322320458366
385,175,314,10.06,0.00289790583169932
385,175,314,10.0675,0.00294260599350694
385,175,314,10.075,0.00233265219229889
385,175,314,10.0825,0.00269860374718534
385,175,314,10.09,0.00230223491256955
385,175,314,10.0975,0.00261825360687357
385,175,314,10.105,0.00231571633932485
385,175,314,10.1125,0.00199365736843568
385,175,314,10.12,0.0014412926268172
385,175,314,10.1275,0.00141908437118739
385,175,314,10.135,0.00146976624233453
385,175,314,10.1425,0.00114535154506275
385,175,314,10.15,0.00104850008016892
385,175,314,10.1575,0.000263654012049245
385,175,314,10.165,0.000895422407029215
385,175,314,10.1725,0.00107461632685091
385,175,314,10.18,0.000871519806832793
385,175,314,10.1875,0.00135297825750265
385,175,314,10.195,0.00154314591939569
385,175,314,10.2025,0.00130524938291757
385,175,314,10.21,0.00196577703874373
385,175,314,10.2175,0.00161120810586519
385,175,314,10.225,0.00150570749013158
385,175,314,10.2325,0.00178268601292439
385,175,314,10.24,0.00228638654284887
385,175,314,10.2475,0.0019254532748431
385,175,314,10.255,0.00293682134512398
385,175,314,10.2625,0.00221145749154542
385,175,314,10.27,0.00256631282231546
385,175,314,10.2775,0.00220134846267534
385,175,314,10.285,0.00208369761970053
385,175,314,10.2925,0.00188250324523415
385,175,314,10.3,0.00163216435409996
385,175,314,10.3075,0.00161885902412189
385,175,314,10.315,0.00132818400195325
385,175,314,10.3225,0.00155797565466235
385,175,314,10.33,0.00109320634558904
385,175,314,10.3375,0.000727365292238103
385,175,314,10.345,0.000970020758125602
385,175,314,10.3525,0.000854757298242273
385,175,314,10.36,0.000916929997916047
385,175,314,10.3675,0.00109229019398876
385,175,314,10.375,0.00147150363410607
385,175,314,10.3825,0.00169213320826596
385,175,314,10.39,0.00182440496147504
385,175,314,10.3975,0.00179647847998596
385,175,314,10.405,0.00159541132011191
385,175,314,10.4125,0.00111139236831359
385,175,314,10.42,0.00118018710658517
385,175,314,10.4275,0.00149076753972479
385,175,314,10.435,0.00134298704456062
385,175,314,10.4425,0.00150844347871731
385,175,314,10.45,0.00171799330817
385,175,314,10.4575,0.00187954033633417
385,175,314,10.465,0.00155979280151647
385,175,314,10.4725,0.00180090291929269
385,175,314,10.48,0.00123651452249764
385,175,314,10.4875,0.00141572628236443
385,175,314,10.495,0.00111239201922427
385,175,314,10.5025,0.00149469490950412
385,175,314,10.51,0.00142360147932654
385,175,314,10.5175,0.00157084762705697
385,175,314,10.525,0.0014502110260158
385,175,314,10.5325,0.00144583839585958
385,175,314,10.54,0.0016697830878316
385,175,314,10.5475,0.00117151802448437
385,175,314,10.555,0.0013660412189149
385,175,314,10.5625,0.00115018827182597
385,175,314,10.57,0.000497091694781313
385,175,314,10.5775,0.000638203068742959
385,175,314,10.585,0.000996340140888196
385,175,314,10.5925,0.00107337465216322
385,175,314,10.6,0.00118164971029564
385,175,314,10.6075,0.00103935986235948
385,175,314,10.615,0.00131795217812639
385,175,314,10.6225,0.000849049555703711
385,175,314,10.63,0.00106178915669308
385,175,314,10.6375,0.00112889962305255
385,175,314,10.645,0.000851755556224299
385,175,314,10.6525,0.00125892672705239
385,175,314,10.66,0.000985092834254322
385,175,314,10.6675,0.000684277995675769
385,175,314,10.675,0.000923459601389432
385,175,314,10.6825,0.00110915644901981
385,175,314,10.69,0.000821698346153515
385,175,314,10.6975,0.00108244550080128
385,175,314,10.705,0.00123330887604482
385,175,314,10.7125,0.00153400142025327
385,175,314,10.72,0.00166389341139946
385,175,314,10.7275,0.001495676455693
385,175,314,10.735,0.00185842791733617
385,175,314,10.7425,0.00159005976434057
385,175,314,10.75,0.00194299478697949
385,175,314,10.7575,0.00205000835957792
385,175,314,10.765,0.00239385968164042
385,175,314,10.7725,0.00239282173559857
385,175,314,10.78,0.00234469291474542
385,175,314,10.7875,0.00187253861787033
385,175,314,10.795,0.00197476476322976
385,175,314,10.8025,0.00204381549593124
385,175,314,10.81,0.00201723579291428
385,175,314,10.8175,0.0018712296294524
385,175,314,10.825,0.00173508800528171
385,175,314,10.8325,0.00142952949696246
385,175,314,10.84,0.00130901889414108
385,175,314,10.8475,0.00111896261648874
385,175,314,10.855,0.00136671687834467
385,175,314,10.8625,0.000842042813470367
385,175,314,10.87,0.000567544509054501
385,175,314,10.8775,0.00058317627497722
385,175,314,10.885,0.000621813313898518
385,175,314,10.8925,0.000656641136137353
385,175,314,10.9,0.00051486619661013
385,175,314,10.9075,0.000396020715162924
385,175,314,10.915,0.000596580019380675
385,175,314,10.9225,0.000734567018704485
385,175,314,10.93,0.000834736829354487
385,175,314,10.9375,0.000980324599586883
385,175,314,10.945,0.00109140919839612
385,175,314,10.9525,0.0014222156571883
385,175,314,10.96,0.000928324331571078
385,175,314,10.9675,0.000755160759720438
385,175,314,10.975,0.00183427575352383
385,175,314,10.9825,0.00157430481471881
385,175,314,10.99,0.00170119354164822
385,175,314,10.9975,0.00176628773569734
385,175,314,11.005,0.00170117348666329
385,175,314,11.0125,0.00132945915753333
385,175,314,11.02,0.00173608348920978
385,175,314,11.0275,0.00171295915710214
385,175,314,11.035,0.00165847897835449
385,175,314,11.0425,0.00195614756894169
385,175,314,11.05,0.00118422660533681
385,175,314,11.0575,0.00152495548684664
385,175,314,11.065,0.00171018975313694
385,175,314,11.0725,0.00127553661482104
385,175,314,11.08,0.00187978227248586
385,175,314,11.0875,0.0018877859361382
385,175,314,11.095,0.00127506807802956
385,175,314,11.1025,0.0012629712956008
385,175,314,11.11,0.00116535556429407
385,175,314,11.1175,0.00149659797807909
385,175,314,11.125,0.00091154771615372
385,175,314,11.1325,0.00105631109275508
385,175,314,11.14,0.000872186855015234
385,175,314,11.1475,0.00105676187182968
385,175,314,11.155,0.00128013075596649
385,175,314,11.1625,0.00102474782076116
385,175,314,11.17,0.000837900365188638
385,175,314,11.1775,0.00102678632540792
385,175,314,11.185,0.000612313693570651
385,175,314,11.1925,0.00068247238857752
385,175,314,11.2,0.000334084087132336
385,175,314,11.2075,0.000623492722274852
385,175,314,11.215,0.000526795493226902
385,175,314,11.2225,0.00047134472855314
385,175,314,11.23,0.00119655592187882
385,175,314,11.2375,0.00154518296385332
385,175,314,11.245,0.000918009965678858
385,175,314,11.2525,0.00132813848939336
385,175,314,11.26,0.0013082855256316
385,175,314,11.2675,0.0011663883888944
385,175,314,11.275,0.001174529691489
385,175,314,11.2825,0.00133564342206552
385,175,314,11.29,0.000689422638836244
385,175,314,11.2975,0.000985408334281941
385,175,314,11.305,0.00102952320268388
385,175,314,11.3125,0.00111890249892868
385,175,314,11.32,0.00101451128536861
385,175,314,11.3275,0.00111018605345098
385,175,314,11.335,0.00129986050196189
385,175,314,11.3425,0.00165202914501732
385,175,314,11.35,0.00141666861954783
385,175,314,11.3575,0.00181092003996425
385,175,314,11.365,0.00128037945188073
385,175,314,11.3725,0.00129262088970707
385,175,314,11.38,0.00140195170587936
385,175,314,11.3875,0.00124954743562301
385,175,314,11.395,0.00126399365897765
385,175,314,11.4025,0.00146419277920398
385,175,314,11.41,0.00102483153874294
385,175,314,11.4175,0.00119824499090086
385,175,314,11.425,0.000923816250995509
385,175,314,11.4325,0.000738912853239815
385,175,314,11.44,0.000857139666164976
385,175,314,11.4475,0.00116011421940285
385,175,314,11.455,0.000887486937829178
385,175,314,11.4625,0.000642856265689439
385,175,314,11.47,0.000982308011062242
385,175,314,11.4775,0.00132463253193771
385,175,314,11.485,0.00184523343817158
385,175,314,11.4925,0.00162748940128486
385,175,314,11.5,0.00178948203741613
385,175,314,11.5075,0.00153725710625807
385,175,314,11.515,0.00194129107215181
385,175,314,11.5225,0.00206923628014403
385,175,314,11.53,0.0016814737731385
385,175,314,11.5375,0.00177233116354838
385,175,314,11.545,0.00193857700498845
385,175,314,11.5525,0.00168615857016093
385,175,314,11.56,0.00202467690790498
385,175,314,11.5675,0.0020191012150718
385,175,314,11.575,0.00128914871091342
385,175,314,11.5825,0.00122670101623736
385,175,314,11.59,0.00101498771245427
385,175,314,11.5975,0.000984349079517262
385,175,314,11.605,0.000916919907470224
385,175,314,11.6125,0.000829016377249723
385,175,314,11.62,0.000654655206478298
385,175,314,11.6275,0.000680847901649418
385,175,314,11.635,0.000446655837193741
385,175,314,11.6425,0.000532229545798303
385,175,314,11.65,0.000677227887985254
385,175,314,11.6575,0.000576319780081855
385,175,314,11.665,0.000584027312076385
385,175,314,11.6725,0.00115932463625569
385,175,314,11.68,0.00113097694443234
385,175,314,11.6875,0.00101559593187532
385,175,314,11.695,0.00142771451670352
385,175,314,11.7025,0.00155778571045066
385,175,314,11.71,0.00177397274987284
385,175,314,11.7175,0.00174008389554815
385,175,314,11.725,0.00168283717421822
385,175,314,11.7325,0.00199097895239957
385,175,314,11.74,0.00218841456700931
385,175,314,11.7475,0.00200704462058944
385,175,314,11.755,0.00156421083049917
385,175,314,11.7625,0.00200182364862382
385,175,314,11.77,0.00163598427041993
385,175,314,11.7775,0.00179902026206549
385,175,314,11.785,0.00167413098539425
385,175,314,11.7925,0.00182583674057311
385,175,314,11.8,0.00153914498866034
385,175,314,11.8075,0.00132055126297117
385,175,314,11.815,0.00138976841630008
385,175,314,11.8225,0.00178843384743883
385,175,314,11.83,0.00166766245629955
385,175,314,11.8375,0.000945432599031342
385,175,314,11.845,0.00108234974406142
385,175,314,11.8525,0.00121052160625375
385,175,314,11.86,0.00135850281565476
385,175,314,11.8675,0.00110108133503317
385,175,314,11.875,0.00138218061387191
385,175,314,11.8825,0.0010665379015867
385,175,314,11.89,0.00103650280385709
385,175,314,11.8975,0.000863314687049975
385,175,314,11.905,0.00121087105886599
385,175,314,11.9125,0.0007413787240484
385,175,314,11.92,0.000698665755127101
385,175,314,11.9275,0.00091120146234269
385,175,314,11.935,0.000367730689578289
385,175,314,11.9425,0.000690174820309079
385,175,314,11.95,0.00034244446069887
385,175,314,11.9575,0.000594506916956352
385,175,314,11.965,0.00074746436443968
385,175,314,11.9725,0.000553465808396639
385,175,314,11.98,0.000893762992750186
385,175,314,11.9875,0.000574263452928158
385,175,314,11.995,0.000582594552903217
385,175,314,12.0025,0.000799579658804178
385,175,314,12.01,0.000639889100434427
385,175,314,12.0175,0.00110694382605474
385,175,314,12.025,0.00112773797328576
385,175,314,12.0325,0.00152826136194737
385,175,314,12.04,0.0015337403704182
385,175,314,12.0475,0.0016594227908261
385,175,314,12.055,0.0016582271651716
385,175,314,12.0625,0.0020933217728407
385,175,314,12.07,0.00158714873991768
385,175,314,12.0775,0.00173059732158024
385,175,314,12.085,0.00188326386166397
385,175,314,12.0925,0.00146527490067083
385,175,314,12.1,0.00166953978244597
385,175,314,12.1075,0.00186840135939968
385,175,314,12.115,0.00184731981379515
385,175,314,12.1225,0.00154978825399757
385,175,314,12.13,0.00165698044534175
385,175,314,12.1375,0.00136033396775313
385,175,314,12.145,0.000909074007674201
385,175,314,12.1525,0.00131386579487338
385,175,314,12.16,0.000447712206790298
385,175,314,12.1675,0.000301293161404277
385,175,314,12.175,0.000965471642727975
385,175,314,12.1825,0.000692970331855864
385,175,314,12.19,0.00031681890249766
385,175,314,12.1975,0.000124391732582091
385,175,314,12.205,0.000433487736029615
385,175,314,12.2125,0.000537341623300316
385,175,314,12.22,0.00100306848791087
385,175,314,12.2275,0.00114218122956498
385,175,314,12.235,0.000797514617569633
385,175,314,12.2425,0.0009596455952065
385,175,314,12.25,0.00106169441723431
385,175,314,12.2575,0.000760877459598502
385,175,314,12.265,0.00119046470664231
385,175,314,12.2725,0.00137886905323615
385,175,314,12.28,0.00149720711942725
385,175,314,12.2875,0.00109752551741757
385,175,314,12.295,0.0012415597657481
385,175,314,12.3025,0.00144675593914851
385,175,314,12.31,0.00105328042063032
385,175,314,12.3175,0.00137595209441637
385,175,314,12.325,0.00125305767097488
385,175,314,12.3325,0.00107362377603134
385,175,314,12.34,0.000510370207974634
385,175,314,12.3475,0.000498795575601676
385,175,314,12.355,0.00012571810044307
385,175,314,12.3625,0.000672084051991813
385,175,314,12.37,0.000658284773027811
385,175,314,12.3775,0.000995701931459836
385,175,314,12.385,0.000947741892535894
385,175,314,12.3925,0.000820930812008919
385,175,314,12.4,0.000432613882836079
385,175,314,12.4075,0.00124849112422256
385,175,314,12.415,0.00111281981117246
385,175,314,12.4225,0.00144161297812467
385,175,314,12.43,0.00136307697801429
385,175,314,12.4375,0.00127359460367891
385,175,314,12.445,0.00140204011027699
385,175,314,12.4525,0.00144269558989991
385,175,314,12.46,0.00139563045242641
385,175,314,12.4675,0.00117224000559967
385,175,314,12.475,0.00168198246265578
385,175,314,12.4825,0.00147462165234148
385,175,314,12.49,0.00154247662043123
385,175,314,12.4975,0.00122317409290214
385,175,314,12.505,0.00153227327504081
385,175,314,12.5125,0.00145435941146964
385,175,314,12.52,0.000866882226533706
385,175,314,12.5275,0.00120936923764312
385,175,314,12.535,0.00121734887538469
385,175,314,12.5425,0.000963902829949288
385,175,314,12.55,0.00138567712690192
385,175,314,12.5575,0.0013586402496459
385,175,314,12.565,0.000928967338467358
385,175,314,12.5725,0.00104764523562368
385,175,314,12.58,0.000626672154233433
385,175,314,12.5875,0.000727349427581701
385,175,314,12.595,0.000553736893076712
385,175,314,12.6025,0.00110766185687215
385,175,314,12.61,0.000913595994594944
385,175,314,12.6175,0.00122822331687272
385,175,314,12.625,0.000980101752334357
385,175,314,12.6325,0.00086137499510573
385,175,314,12.64,0.00104678981276069
385,175,314,12.6475,0.00103366737418238
385,175,314,12.655,0.000969774142827657
385,175,314,12.6625,0.000803538393956191
385,175,314,12.67,0.000739367485173974
385,175,314,12.6775,0.000950398970477122
385,175,314,12.685,0.000383799607896806
385,175,314,12.6925,0.000205068733128415
385,175,314,12.7,0.000498168690445252
385,175,314,12.7075,0.000290288391306245
385,175,314,12.715,0.000136776464745864
385,175,314,12.7225,0.000208861285927014
385,175,314,12.73,0.000394875191456564
385,175,314,12.7375,0.000588868278430898
385,175,314,12.745,0.000981183944545458
385,175,314,12.7525,0.0012656601052132
385,175,314,12.76,0.00133844372417462
385,175,314,12.7675,0.00128470137655704
385,175,314,12.775,0.000798983578151173
385,175,314,12.7825,0.00109780161111461
385,175,314,12.79,0.00139968766185377
385,175,314,12.7975,0.00118733934015042
385,175,314,12.805,0.00189674860681416
385,175,314,12.8125,0.00159731455612744
385,175,314,12.82,0.00164222889767276
385,175,314,12.8275,0.00131722252548091
385,175,314,12.835,0.00150389446665629
385,175,314,12.8425,0.00137699713317839
385,175,314,12.85,0.00126893922105951
385,175,314,12.8575,0.00123147439191591
385,175,314,12.865,0.00101198606802605
385,175,314,12.8725,0.000942750393402938
385,175,314,12.88,0.00095816476239813
385,175,314,12.8875,0.00128524537061134
385,175,314,12.895,0.00106910530107855
385,175,314,12.9025,0.000646267883490191
385,175,314,12.91,0.000878831297051746
385,175,314,12.9175,0.000711994528859981
385,175,314,12.925,0.000732836374291872
385,175,314,12.9325,8.81724947063343e-05
385,175,314,12.94,0.000309330891972358
385,175,314,12.9475,0.000134547652717946
385,175,314,12.955,0.000261435018614189
385,175,314,12.9625,0.000604597389405126
385,175,314,12.97,0.000407406672447669
385,175,314,12.9775,0.000470758056047649
385,175,314,12.985,0.000324110241221267
385,175,314,12.9925,0.000357641062714627
385,175,314,13,0.00119544363308092
385,175,314,13.0075,0.000948101141226775
385,175,314,13.015,0.000910437656010612
385,175,314,13.0225,0.00128926203814181
385,175,314,13.03,0.000713055111093548
385,175,314,13.0375,0.00058474786227435
385,175,314,13.045,0.000768401435541186
385,175,314,13.0525,0.000569553056121575
385,175,314,13.06,0.000882041079795864
385,175,314,13.0675,0.000891746767011568
385,175,314,13.075,0.000905690130779546
385,175,314,13.0825,0.000731398105787689
385,175,314,13.09,0.000799762930882126
385,175,314,13.0975,0.000479153740931529
385,175,314,13.105,0.000872304032285245
385,175,314,13.1125,0.0010972966074393
385,175,314,13.12,0.000834051748614286
385,175,314,13.1275,0.0011242722347721
385,175,314,13.135,0.000880403092313868
385,175,314,13.1425,0.000832578220039005
385,175,314,13.15,0.000660207229268293
385,175,314,13.1575,0.00103257064380044
385,175,314,13.165,0.000800505841557902
385,175,314,13.1725,0.000914154723261131
385,175,314,13.18,0.00069777897726199
385,175,314,13.1875,0.0008495002620182
385,175,314,13.195,0.00111369934293291
385,175,314,13.2025,0.000583496781925048
385,175,314,13.21,0.000830193508432478
385,175,314,13.2175,0.000494965290114695
385,175,314,13.225,0.000841107553988401
385,175,314,13.2325,0.000351112184183832
385,175,314,13.24,0.000877049269405678
385,175,314,13.2475,0.000825153088599643
385,175,314,13.255,0.000595625970645023
385,175,314,13.2625,0.000693523985272371
385,175,314,13.27,0.000711519312579551
385,175,314,13.2775,0.000231187763414
385,175,314,13.285,0.000926117897159363
385,175,314,13.2925,0.000523037159428223
385,175,314,13.3,0.00078053786676188
385,175,314,13.3075,0.000955816415243323
385,175,314,13.315,0.00108721133424493
385,175,314,13.3225,0.000980576007761331
385,175,314,13.33,0.000951936435193489
385,175,314,13.3375,0.00101993400288714
385,175,314,13.345,0.000719333038054264
385,175,314,13.3525,0.00057064314929195
385,175,314,13.36,0.000987018584574351
385,175,314,13.3675,0.000912159213160542
385,175,314,13.375,0.000930094604384054
385,175,314,13.3825,0.000919299410624112
385,175,314,13.39,0.00105868146256364
385,175,314,13.3975,0.00110342240913594
385,175,314,13.405,0.00103187323481488
385,175,314,13.4125,0.00116719321387622
385,175,314,13.42,0.00134945211180842
385,175,314,13.4275,0.00106270158087715
385,175,314,13.435,0.000661776891660356
385,175,314,13.4425,0.000842810941543641
385,175,314,13.45,0.000630212958979136
385,175,314,13.4575,0.000615693050145685
385,175,314,13.465,0.000767807401803077
385,175,314,13.4725,0.000580535068023513
385,175,314,13.48,0.000665786680221049
385,175,314,13.4875,0.000943549503474652
385,175,314,13.495,0.000886918821231505
385,175,314,13.5025,0.000858934789670455
385,175,314,13.51,0.00106062019277957
385,175,314,13.5175,0.000616061752801774
385,175,314,13.525,0.00155290454175098
385,175,314,13.5325,0.00111210375576726
385,175,314,13.54,0.000714021652800063
385,175,314,13.5475,0.00103498970798746
385,175,314,13.555,0.00120405990020774
385,175,314,13.5625,0.00113112112894615
385,175,314,13.57,0.000917922843231998
385,175,314,13.5775,0.00161463594514601
385,175,314,13.585,0.00123167061769
385,175,314,13.5925,0.00134812528103876
385,175,314,13.6,0.00119097962773508
385,175,314,13.6075,0.000940057859538859
385,175,314,13.615,0.00101719390404504
385,175,314,13.6225,0.000608420056495009
385,175,314,13.63,0.000913377971783192
385,175,314,13.6375,0.000870881302377134
385,175,314,13.645,0.000792382616737945
385,175,314,13.6525,0.000213065588987627
385,175,314,13.66,0.000571275938759381
385,175,314,13.6675,0.00079144059203848
385,175,314,13.675,0.000614966479108563
385,175,314,13.6825,0.000766319494018405
385,175,314,13.69,0.000786438409543154
385,175,314,13.6975,0.000734872801218068
385,175,314,13.705,0.000519502691582923
385,175,314,13.7125,0.00063341105661354
385,175,314,13.72,0.000812936771441198
385,175,314,13.7275,0.000586570177205448
385,175,314,13.735,0.000714091639968416
385,175,314,13.7425,0.00110508347579527
385,175,314,13.75,0.00109718530787628
385,175,314,13.7575,0.00036172347028859
385,175,314,13.765,0.000978770828625742
385,175,314,13.7725,0.000871475296309767
385,175,314,13.78,0.000636563385842521
385,175,314,13.7875,0.00120127276693125
385,175,314,13.795,0.00103601354963843
385,175,314,13.8025,0.000902830312064687
385,175,314,13.81,0.00112352054696359
385,175,314,13.8175,0.000204904963419213
385,175,314,13.825,0.000642677072468332
385,175,314,13.8325,0.000951187664089035
385,175,314,13.84,0.00115467065245516
385,175,314,13.8475,0.00110803234819048
385,175,314,13.855,0.000881585665988089
385,175,314,13.8625,0.00104697637075164
385,175,314,13.87,0.0012385626966125
385,175,314,13.8775,0.00100991099716078
385,175,314,13.885,0.00116724710826691
385,175,314,13.8925,0.000737758329854357
385,175,314,13.9,0.000586442349975791
385,175,314,13.9075,0.00140682749068085
385,175,314,13.915,0.000855225967061493
385,175,314,13.9225,0.00120507377765545
385,175,314,13.93,0.000974934782845976
385,175,314,13.9375,0.000762326590895159
385,175,314,13.945,0.0014076713784079
385,175,314,13.9525,0.000681738258993214
385,175,314,13.96,0.000726103409835921
385,175,314,13.9675,0.000459367606512181
385,175,314,13.975,0.000326054427488335
385,175,314,13.9825,0.00078999549689067
385,175,314,13.99,0.000373488146684253
385,175,314,13.9975,0.000211401338582553
385,175,314,14.005,0.000466648376954332
385,175,314,14.0125,0.00024845843578579
385,175,314,14.02,0.000587851216653133
385,175,314,14.0275,0.000871306212360428
385,175,314,14.035,0.000734521046250407
385,175,314,14.0425,0.000964013334606879
385,175,314,14.05,0.000863639984779126
385,175,314,14.0575,0.00101432269522061
385,175,314,14.065,0.000631694489379573
385,175,314,14.0725,0.000714886498878872
385,175,314,14.08,0.00101353572768271
385,175,314,14.0875,0.00130345279152744
385,175,314,14.095,0.000753129259773879
385,175,314,14.1025,0.00081960549026746
385,175,314,14.11,0.000913100407157866
385,175,314,14.1175,0.000833714954002681
385,175,314,14.125,0.000844705559580702
385,175,314,14.1325,0.00121919151651542
385,175,314,14.14,0.000997476109280615
385,175,314,14.1475,0.000594389190878733
385,175,314,14.155,0.000839774569940745
385,175,314,14.1625,0.000565725941085426
385,175,314,14.17,0.000764220386182466
385,175,314,14.1775,0.00102215882388936
385,175,314,14.185,0.000712123992464716
385,175,314,14.1925,0.000957218493607418
385,175,314,14.2,0.00108120832096816
385,175,314,14.2075,0.000650015844704062
385,175,314,14.215,0.000505347706979559
385,175,314,14.2225,0.000662236398300484
385,175,314,14.23,0.000797921782112887
385,175,314,14.2375,0.000712044877541031
385,175,314,14.245,0.000705862669798666
385,175,314,14.2525,0.000658051773238742
385,175,314,14.26,0.00045613509957599
385,175,314,14.2675,0.00104421099187112
385,175,314,14.275,0.000631998784854853
385,175,314,14.2825,0.000643045434448783
385,175,314,14.29,0.00099218803020839
385,175,314,14.2975,0.000666594377590235
385,175,314,14.305,0.000796451435524788
385,175,314,14.3125,0.00118193878996559
385,175,314,14.32,0.000847327037733871
385,175,314,14.3275,0.00105262969943806
385,175,314,14.335,0.000818160982287398
385,175,314,14.3425,0.000727423403763927
385,175,314,14.35,0.000817741551383341
385,175,314,14.3575,0.000521013823206014
385,175,314,14.365,0.000610277855279264
385,175,314,14.3725,0.000673412274626113
385,175,314,14.38,0.000291634887406775
385,175,314,14.3875,0.000380525617156156
385,175,314,14.395,0.000358923582820217
385,175,314,14.4025,0.00045672186541647
385,175,314,14.41,0.000606805682316786
385,175,314,14.4175,0.000358334930528397
385,175,314,14.425,0.00076757468690988
385,175,314,14.4325,0.000828172371715221
385,175,314,14.44,0.000297286116104033
385,175,314,14.4475,0.000333381242380159
385,175,314,14.455,0.000919724875388206
385,175,314,14.4625,0.000347713000152306
385,175,314,14.47,0.000874069809690177
385,175,314,14.4775,0.000815653121140738
385,175,314,14.485,0.000537448863148895
385,175,314,14.4925,0.000299944916098477
385,175,314,14.5,0.00071996409599543
385,175,314,14.5075,0.000543203078814108
385,175,314,14.515,0.00114547132712587
385,175,314,14.5225,0.0009563646148992
385,175,314,14.53,0.000676877486851823
385,175,314,14.5375,0.00106061662913358
385,175,314,14.545,0.000554256726308985
385,175,314,14.5525,0.000460275914552903
385,175,314,14.56,0.000787617303146776
385,175,314,14.5675,0.000437980491537104
385,175,314,14.575,0.000520499908682104
385,175,314,14.5825,0.000353911540775055
385,175,314,14.59,0.000776733437563546
385,175,314,14.5975,0.000417622289564964
385,175,314,14.605,0.000654302923802394
385,175,314,14.6125,0.000773000696994339
385,175,314,14.62,0.00123128503521786
385,175,314,14.6275,0.000689879422522743
385,175,314,14.635,0.000776284514991538
385,175,314,14.6425,0.000931785061759905
385,175,314,14.65,0.000894106385163081
385,175,314,14.6575,0.000501017154281939
385,175,314,14.665,0.000847059769169137
385,175,314,14.6725,0.000785154800375953
385,175,314,14.68,0.000608557124420846
385,175,314,14.6875,0.00108132167299872
385,175,314,14.695,0.000363458116825888
385,175,314,14.7025,0.000504657201302689
385,175,314,14.71,0.000945885160667837
385,175,314,14.7175,0.000442011631062357
385,175,314,14.725,0.00031665080980046
385,175,314,14.7325,0.000436431215046012
385,175,314,14.74,0.000471014586782355
385,175,314,14.7475,0.00017217878920562
385,175,314,14.755,0.000690831183466632
385,175,314,14.7625,0.000456865362173338
385,175,314,14.77,0.000457840433669274
385,175,314,14.7775,0.000483043843638894
385,175,314,14.785,0.000688184812530317
385,175,314,14.7925,0.000360315210271571
385,175,314,14.8,0.000717993170493638
385,175,314,14.8075,0.000166507977195187
385,175,314,14.815,0.000588442890237785
385,175,314,14.8225,0.000291135399489468
385,175,314,14.83,0.000995623563767879
385,175,314,14.8375,0.000673859955809455
385,175,314,14.845,0.000640485496998822
385,175,314,14.8525,0.000579853893463537
385,175,314,14.86,0.000500528110669346
385,175,314,14.8675,0.00112210536971497
385,175,314,14.875,0.000382244920434883
385,175,314,14.8825,0.000557710810569563
385,175,314,14.89,0.0002932676386848
385,175,314,14.8975,0.0011419287478502
385,175,314,14.905,0.00102838799936197
385,175,314,14.9125,0.000876355659914824
385,175,314,14.92,0.000744350329718274
385,175,314,14.9275,0.00072028736018911
385,175,314,14.935,0.000491865613683535
385,175,314,14.9425,0.000574738754039052
385,175,314,14.95,0.00050799307201606
385,175,314,14.9575,0.000502830835618697
385,175,314,14.965,0.000466136124960389
385,175,314,14.9725,0.000461060006094895
385,175,314,14.98,0.000779066299786372
385,175,314,14.9875,0.000117173487442537
385,175,314,14.995,0.000246629329762526
385,175,314,15.0025,0.00039964778307483
385,175,314,15.01,0.000534174928829897
385,175,314,15.0175,0.000587175743896064
385,175,314,15.025,0.000865930677560287
385,175,314,15.0325,0.000672816222693076
385,175,314,15.04,0.000387953361458597
385,175,314,15.0475,0.000703327204148616
385,175,314,15.055,0.000602344308145578
385,175,314,15.0625,0.000282208154794634
385,175,314,15.07,0.000498324499974084
385,175,314,15.0775,0.000718618352696792
385,175,314,15.085,0.00065386320588005
385,175,314,15.0925,0.000405684183420339
385,175,314,15.1,0.000547910706008539
385,175,314,15.1075,0.000877727952288543
385,175,314,15.115,0.000551222589048462
385,175,314,15.1225,0.000525928713888167
385,175,314,15.13,0.000417513962189497
385,175,314,15.1375,0.000366543624237619
385,175,314,15.145,0.000732347853306396
385,175,314,15.1525,0.00058010850429012
385,175,314,15.16,0.000736941807419339
385,175,314,15.1675,0.000311169592557689
385,175,314,15.175,0.000970366260155193
385,175,314,15.1825,0.000340329960304709
385,175,314,15.19,0.000228783705137076
385,175,314,15.1975,0.000525665265810992
385,175,314,15.205,0.000619980001475447
385,175,314,15.2125,0.000299801034241562
385,175,314,15.22,0.000228139024322438
385,175,314,15.2275,0.000455877431628702
385,175,314,15.235,0.000661194514928439
385,175,314,15.2425,0.000483966846729872
385,175,314,15.25,0.000623849264144843
385,175,314,15.2575,0.000146897531764002
385,175,314,15.265,0.000275309052842899
385,175,314,15.2725,0.000670310265967894
385,175,314,15.28,0.000336479531684446
385,175,314,15.2875,0.000649174622145432
385,175,314,15.295,0.000484721672323934
385,175,314,15.3025,0.000624386551555495
385,175,314,15.31,0.000287956639109669
385,175,314,15.3175,0.000609704654689432
385,175,314,15.325,0.000447628498848763
385,175,314,15.3325,0.000351509945245089
385,175,314,15.34,0.000364988263254567
385,175,314,15.3475,0.000846445733214064
385,175,314,15.355,0.000464124790324968
385,175,314,15.3625,0.00051119783613871
385,175,314,15.37,0.000398563531460646
385,175,314,15.3775,0.00074105276864275
385,175,314,15.385,0.000477100374700512
385,175,314,15.3925,0.000705101335579824
385,175,314,15.4,0.000846727585729893
385,175,314,15.4075,0.001155798267801
385,175,314,15.415,0.000600169935044303
385,175,314,15.4225,0.000944569867502701
385,175,314,15.43,0.000833428145654718
385,175,314,15.4375,0.000387032486768387
385,175,314,15.445,0.000611162130678393
385,175,314,15.4525,0.000896817182267987
385,175,314,15.46,0.000439919260409443
385,175,314,15.4675,0.000401384700219639
385,175,314,15.475,0.000679753396089465
385,175,314,15.4825,0.000517358888946457
385,175,314,15.49,0.000668438174243442
385,175,314,15.4975,0.000538298236855478
385,175,314,15.505,0.000102442263023255
385,175,314,15.5125,0.000435760406489206
385,175,314,15.52,0.000295312980198985
385,175,314,15.5275,8.84531054774219e-05
385,175,314,15.535,0.000214665421270299
385,175,314,15.5425,0.000413513750942142
385,175,314,15.55,0.000442181424220548
385,175,314,15.5575,0.000387459526089596
385,175,314,15.565,0.000619979532584714
385,175,314,15.5725,0.000916110064028394
385,175,314,15.58,0.000438855720447725
385,175,314,15.5875,0.000485227841351408
385,175,314,15.595,0.00116917745516055
385,175,314,15.6025,0.000711338746086078
385,175,314,15.61,0.000502342822609208
385,175,314,15.6175,0.000500528411352994
385,175,314,15.625,0.000396632973149399
385,175,314,15.6325,0.000889430586835466
385,175,314,15.64,0.000643879424791472
385,175,314,15.6475,0.000572969740996101
385,175,314,15.655,0.000557282029831768
385,175,314,15.6625,0.000726369029423761
385,175,314,15.67,0.000230931799781039
385,175,314,15.6775,0.000303951110922468
385,175,314,15.685,0.000411537865906602
385,175,314,15.6925,0.000196829781374164
385,175,314,15.7,0.00060746237457128
385,175,314,15.7075,0.000552910950294104
385,175,314,15.715,0.000262724785978175
385,175,314,15.7225,0.000478293846011226
385,175,314,15.73,0.00062743592755112
385,175,314,15.7375,0.000600614379972938
385,175,314,15.745,0.000891116221587722
385,175,314,15.7525,0.000164134055174801
385,175,314,15.76,0.000268660009744526
385,175,314,15.7675,0.00062953191690492
385,175,314,15.775,0.000548648701452256
385,175,314,15.7825,0.000529076394784484
385,175,314,15.79,0.000581735029443987
385,175,314,15.7975,0.000460187904987519
385,175,314,15.805,0.000294991405997132
385,175,314,15.8125,0.000396926091713257
385,175,314,15.82,0.0002077657582706
385,175,314,15.8275,0.000551803846230223
385,175,314,15.835,0.000238243695734864
385,175,314,15.8425,0.000572828057161544
385,175,314,15.85,0.00066520460310573
385,175,314,15.8575,3.87826912825518e-05
385,175,314,15.865,0.000326326998682571
385,175,314,15.8725,0.000305601888967122
385,175,314,15.88,0.000354259727426572
385,175,314,15.8875,0.000453838256442331
385,175,314,15.895,0.000449033165231746
385,175,314,15.9025,0.000526872143280985
385,175,314,15.91,0.00049757438180142
385,175,314,15.9175,0.000441336769296046
385,175,314,15.925,0.00039396174952595
385,175,314,15.9325,0.000480454385102092
385,175,314,15.94,0.000162777291471429
385,175,314,15.9475,0.000256556236964877
385,175,314,15.955,0.000261014908812011
385,175,314,15.9625,0.000547720831765519
385,175,314,15.97,0.000555151006029733
385,175,314,15.9775,0.00075996291025464
385,175,314,15.985,0.000416123128859476
385,175,314,15.9925,0.000264216490424922
385,175,314,16,0.000172683091167589
385,175,313,4,0.00671662152836525
385,175,313,4.0075,0.00643572617664439
385,175,313,4.015,0.00604756562550326
385,175,313,4.0225,0.00585464735147552
385,175,313,4.03,0.00501309995715831
385,175,313,4.0375,0.00545936643871504
385,175,313,4.045,0.00476210276915328
385,175,313,4.0525,0.00460905127395003
385,175,313,4.06,0.00441497781503537
385,175,313,4.0675,0.00402974923372265
385,175,313,4.075,0.00417938336398155
385,175,313,4.0825,0.00431796276838416
385,175,313,4.09,0.00493792263625581
385,175,313,4.0975,0.00570487182431643
385,175,313,4.105,0.00487992934468187
385,175,313,4.1125,0.00400858019063518
385,175,313,4.12,0.0046992474225654
385,175,313,4.1275,0.00405098118279523
385,175,313,4.135,0.00382677542586268
385,175,313,4.1425,0.00359712402433598
385,175,313,4.15,0.00345898863173796
385,175,313,4.1575,0.00415145558015211
385,175,313,4.165,0.00425078430625082
385,175,313,4.1725,0.00358170979473889
385,175,313,4.18,0.00300199216785327
385,175,313,4.1875,0.00370225857098845
385,175,313,4.195,0.00413701702891283
385,175,313,4.2025,0.00356946736783244
385,175,313,4.21,0.00377861568378477
385,175,313,4.2175,0.00335435618349233
385,175,313,4.225,0.00364464176097353
385,175,313,4.2325,0.0030758912211781
385,175,313,4.24,0.00314732724284655
385,175,313,4.2475,0.00321417575066718
385,175,313,4.255,0.00275573695763305
385,175,313,4.2625,0.00276499860407086
385,175,313,4.27,0.00340384286488162
385,175,313,4.2775,0.00345882188689052
385,175,313,4.285,0.00372098462262346
385,175,313,4.2925,0.0041116382166354
385,175,313,4.3,0.00328090282711576
385,175,313,4.3075,0.00317193342888304
385,175,313,4.315,0.0032444871254119
385,175,313,4.3225,0.00371485506956665
385,175,313,4.33,0.00292828299783715
385,175,313,4.3375,0.00356538790509448
385,175,313,4.345,0.00346714905205295
385,175,313,4.3525,0.00312539125020009
385,175,313,4.36,0.00340557503439045
385,175,313,4.3675,0.00239732962636143
385,175,313,4.375,0.00173294355586846
385,175,313,4.3825,0.00202285824163244
385,175,313,4.39,0.00148306449543236
385,175,313,4.3975,0.00156521085257788
385,175,313,4.405,0.00174269698037329
385,175,313,4.4125,0.00185109032183771
385,175,313,4.42,0.00188009129813203
385,175,313,4.4275,0.00168753284783981
385,175,313,4.435,0.00241984885909875
385,175,313,4.4425,0.00251119958960223
385,175,313,4.45,0.00303009207552406
385,175,313,4.4575,0.00317507224190851
385,175,313,4.465,0.00303937229442868
385,175,313,4.4725,0.00367959239344484
385,175,313,4.48,0.00379059469617279
385,175,313,4.4875,0.00398623138004183
385,175,313,4.495,0.00408027104400523
385,175,313,4.5025,0.00389527521720915
385,175,313,4.51,0.00386805576208574
385,175,313,4.5175,0.00376432509554252
385,175,313,4.525,0.00384839551754043
385,175,313,4.5325,0.00393740414723034
385,175,313,4.54,0.00354670950970788
385,175,313,4.5475,0.00383679270435283
385,175,313,4.555,0.00344749571714332
385,175,313,4.5625,0.00329009867716202
385,175,313,4.57,0.00345074239665124
385,175,313,4.5775,0.00358447939986906
385,175,313,4.585,0.00311712708368128
385,175,313,4.5925,0.0031184982659997
385,175,313,4.6,0.00259388231684792
385,175,313,4.6075,0.00216945670862604
385,175,313,4.615,0.0016524746794828
385,175,313,4.6225,0.00136370223497972
385,175,313,4.63,0.00105211528296277
385,175,313,4.6375,0.000887702382481028
385,175,313,4.645,0.000541886970549884
385,175,313,4.6525,0.00105727492413192
385,175,313,4.66,0.00103949552200362
385,175,313,4.6675,0.00210002332692714
385,175,313,4.675,0.00178967336858321
385,175,313,4.6825,0.00169733182067067
385,175,313,4.69,0.00139052126806154
385,175,313,4.6975,0.00137558698391168
385,175,313,4.705,0.00161518233693418
385,175,313,4.7125,0.00196890735870696
385,175,313,4.72,0.00205939910065142
385,175,313,4.7275,0.00237616344355324
385,175,313,4.735,0.00273016144641572
385,175,313,4.7425,0.00293065400678298
385,175,313,4.75,0.00308595132457167
385,175,313,4.7575,0.00250855088414707
385,175,313,4.765,0.00302029059117492
385,175,313,4.7725,0.00291929464454598
385,175,313,4.78,0.00317389627387932
385,175,313,4.7875,0.00312551524184284
385,175,313,4.795,0.00297338778398172
385,175,313,4.8025,0.00242106774786
385,175,313,4.81,0.00325917269903308
385,175,313,4.8175,0.0030413327739138
385,175,313,4.825,0.00274130195643752
385,175,313,4.8325,0.00275978669463373
385,175,313,4.84,0.00312978947615647
385,175,313,4.8475,0.00255510422115379
385,175,313,4.855,0.00256279888156385
385,175,313,4.8625,0.00211967425157428
385,175,313,4.87,0.00225528597648566
385,175,313,4.8775,0.00157460579749402
385,175,313,4.885,0.00190995310525097
385,175,313,4.8925,0.0013990700438888
385,175,313,4.9,0.00157733489423337
385,175,313,4.9075,0.00136263719650327
385,175,313,4.915,0.00099558051264103
385,175,313,4.9225,0.000986169911018874
385,175,313,4.93,0.000949613246713635
385,175,313,4.9375,0.00110885767560055
385,175,313,4.945,0.000973607392870556
385,175,313,4.9525,0.000273376962344795
385,175,313,4.96,0.000400455834867756
385,175,313,4.9675,0.000707505412474119
385,175,313,4.975,0.000948934578387352
385,175,313,4.9825,0.00140520240655343
385,175,313,4.99,0.00128878777548719
385,175,313,4.9975,0.00112963324460119
385,175,313,5.005,0.00174239274255734
385,175,313,5.0125,0.00101528408441849
385,175,313,5.02,0.0011995449827666
385,175,313,5.0275,0.00133572389466973
385,175,313,5.035,0.00160784794607492
385,175,313,5.0425,0.00132680843080004
385,175,313,5.05,0.0011223871386836
385,175,313,5.0575,0.00164428317500383
385,175,313,5.065,0.00160229735828673
385,175,313,5.0725,0.00193871733447485
385,175,313,5.08,0.00177755983978706
385,175,313,5.0875,0.0017062621570514
385,175,313,5.095,0.00205244537482218
385,175,313,5.1025,0.00188212735253042
385,175,313,5.11,0.00180570940540351
385,175,313,5.1175,0.00184356307177452
385,175,313,5.125,0.00191640551906064
385,175,313,5.1325,0.00193007141398003
385,175,313,5.14,0.00193253930064189
385,175,313,5.1475,0.00112180893600555
385,175,313,5.155,0.00141102453919828
385,175,313,5.1625,0.00124966453314107
385,175,313,5.17,0.00120821191824112
385,175,313,5.1775,0.00139445148453994
385,175,313,5.185,0.0010340936118332
385,175,313,5.1925,0.000605478085474791
385,175,313,5.2,0.000345854482595122
385,175,313,5.2075,0.000186958539596803
385,175,313,5.215,0.000478423242514896
385,175,313,5.2225,0.000600574593584467
385,175,313,5.23,0.00123259496162038
385,175,313,5.2375,0.00153708370603593
385,175,313,5.245,0.00208888116633009
385,175,313,5.2525,0.00218725680554995
385,175,313,5.26,0.00213366282399819
385,175,313,5.2675,0.0018289538177864
385,175,313,5.275,0.00158495445105788
385,175,313,5.2825,0.00195434960294394
385,175,313,5.29,0.00143139598207703
385,175,313,5.2975,0.00145319476857934
385,175,313,5.305,0.000905487240355999
385,175,313,5.3125,0.00146486362551645
385,175,313,5.32,0.0010725239952584
385,175,313,5.3275,0.00116658065385484
385,175,313,5.335,0.0012120832259163
385,175,313,5.3425,0.000234707923695022
385,175,313,5.35,0.000688627437656522
385,175,313,5.3575,0.000484409125439438
385,175,313,5.365,0.000670746353145518
385,175,313,5.3725,0.000912660506773499
385,175,313,5.38,0.000956908710514002
385,175,313,5.3875,0.00120274588954972
385,175,313,5.395,0.00109145954486334
385,175,313,5.4025,0.00123523772165974
385,175,313,5.41,0.000613594572613257
385,175,313,5.4175,0.00144696688215083
385,175,313,5.425,0.001274399769612
385,175,313,5.4325,0.00167274779275038
385,175,313,5.44,0.00169389852852076
385,175,313,5.4475,0.00131655561903775
385,175,313,5.455,0.00225487252199762
385,175,313,5.4625,0.00209182525141717
385,175,313,5.47,0.00193485862097661
385,175,313,5.4775,0.00232717629625137
385,175,313,5.485,0.00268717483866438
385,175,313,5.4925,0.00237610622292008
385,175,313,5.5,0.00282018909482314
385,175,313,5.5075,0.00227405069000696
385,175,313,5.515,0.00240850826830546
385,175,313,5.5225,0.00231979415952092
385,175,313,5.53,0.00209024943468288
385,175,313,5.5375,0.0015866488507208
385,175,313,5.545,0.00130864642508703
385,175,313,5.5525,0.00129001698893106
385,175,313,5.56,0.00118214863068396
385,175,313,5.5675,0.00148153752820992
385,175,313,5.575,0.00100836548852931
385,175,313,5.5825,0.00129887253709419
385,175,313,5.59,0.0017594280559508
385,175,313,5.5975,0.000874889174942473
385,175,313,5.605,0.00122160973587063
385,175,313,5.6125,0.000969765209104162
385,175,313,5.62,0.000849813060217764
385,175,313,5.6275,0.000933410702949299
385,175,313,5.635,0.000599417241080452
385,175,313,5.6425,0.000383671370522546
385,175,313,5.65,0.000359406486070825
385,175,313,5.6575,0.000305576553283566
385,175,313,5.665,0.000606040525832314
385,175,313,5.6725,0.000885554989361611
385,175,313,5.68,0.00104874525365161
385,175,313,5.6875,0.00138116070572241
385,175,313,5.695,0.00197459128080722
385,175,313,5.7025,0.00217372554055545
385,175,313,5.71,0.0022481848210594
385,175,313,5.7175,0.00225909924157898
385,175,313,5.725,0.0022903561017652
385,175,313,5.7325,0.00223482745265985
385,175,313,5.74,0.0022437176853841
385,175,313,5.7475,0.00202720307462019
385,175,313,5.755,0.00258149115593676
385,175,313,5.7625,0.00264313503555724
385,175,313,5.77,0.00263568901754764
385,175,313,5.7775,0.00216672762206486
385,175,313,5.785,0.00276136992797617
385,175,313,5.7925,0.00276510303273845
385,175,313,5.8,0.00289091503913546
385,175,313,5.8075,0.00213010650106835
385,175,313,5.815,0.00175160254698822
385,175,313,5.8225,0.00197173737838521
385,175,313,5.83,0.00192110382312609
385,175,313,5.8375,0.00174395550918051
385,175,313,5.845,0.00175455360072672
385,175,313,5.8525,0.00176004214926361
385,175,313,5.86,0.0016729910456627
385,175,313,5.8675,0.00130393828767928
385,175,313,5.875,0.0010665186253956
385,175,313,5.8825,0.00105992625850073
385,175,313,5.89,0.000860878872440486
385,175,313,5.8975,0.000428139431947176
385,175,313,5.905,0.000995135546250635
385,175,313,5.9125,0.000416457388983511
385,175,313,5.92,6.5181912422422e-05
385,175,313,5.9275,0.000428032866782096
385,175,313,5.935,0.000903441784065513
385,175,313,5.9425,0.0012314037607177
385,175,313,5.95,0.000968059691919177
385,175,313,5.9575,0.00102780363271037
385,175,313,5.965,0.00152478072568445
385,175,313,5.9725,0.00141895121318916
385,175,313,5.98,0.00152887495586437
385,175,313,5.9875,0.00166262726141664
385,175,313,5.995,0.00113536194650096
385,175,313,6.0025,0.000931994722830124
385,175,313,6.01,0.00136093837325049
385,175,313,6.0175,0.00129829371111531
385,175,313,6.025,0.00088980465379964
385,175,313,6.0325,0.00153133607685744
385,175,313,6.04,0.000964848857043668
385,175,313,6.0475,0.000640777684344497
385,175,313,6.055,0.00101641655538173
385,175,313,6.0625,0.00130146153618355
385,175,313,6.07,0.00147140592341756
385,175,313,6.0775,0.00097533816031766
385,175,313,6.085,0.00158705493372505
385,175,313,6.0925,0.00140095239813232
385,175,313,6.1,0.00104001355334387
385,175,313,6.1075,0.00152205184748327
385,175,313,6.115,0.000959928289374046
385,175,313,6.1225,0.00102974014338958
385,175,313,6.13,0.000533413326260935
385,175,313,6.1375,0.0013960368186074
385,175,313,6.145,0.00120480308753717
385,175,313,6.1525,0.00127281796578057
385,175,313,6.16,0.000839940365068048
385,175,313,6.1675,0.000867709708670233
385,175,313,6.175,0.00126947701637477
385,175,313,6.1825,0.000997433633090533
385,175,313,6.19,0.00152458457526907
385,175,313,6.1975,0.00147137322742248
385,175,313,6.205,0.00175484396339926
385,175,313,6.2125,0.00171121610059811
385,175,313,6.22,0.00203232683802802
385,175,313,6.2275,0.00197450804667936
385,175,313,6.235,0.00158896517754711
385,175,313,6.2425,0.00184232762766262
385,175,313,6.25,0.00209537996865252
385,175,313,6.2575,0.000963373415914661
385,175,313,6.265,0.00125803833565355
385,175,313,6.2725,0.00100193768941576
385,175,313,6.28,0.00141817567880074
385,175,313,6.2875,0.00120598279821792
385,175,313,6.295,0.00116308608481518
385,175,313,6.3025,0.00154201351515807
385,175,313,6.31,0.00127023032513948
385,175,313,6.3175,0.00116179503123837
385,175,313,6.325,0.00176494251809995
385,175,313,6.3325,0.00120444002012994
385,175,313,6.34,0.00135530137271967
385,175,313,6.3475,0.00130148812200635
385,175,313,6.355,0.00154375619305502
385,175,313,6.3625,0.00112170048455648
385,175,313,6.37,0.00130476873467606
385,175,313,6.3775,0.00146006564384569
385,175,313,6.385,0.00133934754545069
385,175,313,6.3925,0.000757021041580443
385,175,313,6.4,0.00115139866367797
385,175,313,6.4075,0.000952830988121514
385,175,313,6.415,0.00157958620057357
385,175,313,6.4225,0.000674526660370191
385,175,313,6.43,0.000813360797634243
385,175,313,6.4375,0.00110297615511901
385,175,313,6.445,0.00156870377196182
385,175,313,6.4525,0.00175698026016637
385,175,313,6.46,0.00182560523281341
385,175,313,6.4675,0.00197522349304943
385,175,313,6.475,0.00252186814539092
385,175,313,6.4825,0.0016452540143435
385,175,313,6.49,0.0012964632141223
385,175,313,6.4975,0.00189715078605232
385,175,313,6.505,0.00109210505484178
385,175,313,6.5125,0.00174357283759102
385,175,313,6.52,0.00175110248703993
385,175,313,6.5275,0.00145649413420997
385,175,313,6.535,0.00213723288635285
385,175,313,6.5425,0.00214980310501947
385,175,313,6.55,0.00241490631680914
385,175,313,6.5575,0.00255602739887461
385,175,313,6.565,0.00258951377629182
385,175,313,6.5725,0.002388220900438
385,175,313,6.58,0.0023283972441088
385,175,313,6.5875,0.00244525204062213
385,175,313,6.595,0.00213968005762745
385,175,313,6.6025,0.00192421831015129
385,175,313,6.61,0.00228945604528458
385,175,313,6.6175,0.00182796135925461
385,175,313,6.625,0.00186224287998748
385,175,313,6.6325,0.00159052154463363
385,175,313,6.64,0.000942310475697116
385,175,313,6.6475,0.00091578187950942
385,175,313,6.655,0.000502480475255128
385,175,313,6.6625,0.000327366790827173
385,175,313,6.67,0.000417886428462448
385,175,313,6.6775,0.000284944529854557
385,175,313,6.685,0.000489151685468301
385,175,313,6.6925,0.00111689279914114
385,175,313,6.7,0.00135254515739712
385,175,313,6.7075,0.00187214830909488
385,175,313,6.715,0.00210740531568915
385,175,313,6.7225,0.00232618905858087
385,175,313,6.73,0.00272435404798805
385,175,313,6.7375,0.00217460805364893
385,175,313,6.745,0.00205242303916021
385,175,313,6.7525,0.00287056487618619
385,175,313,6.76,0.00232679919612597
385,175,313,6.7675,0.00262990853332191
385,175,313,6.775,0.00282274858378143
385,175,313,6.7825,0.00238283764805961
385,175,313,6.79,0.00268385427426331
385,175,313,6.7975,0.00223906069971405
385,175,313,6.805,0.00262057041286125
385,175,313,6.8125,0.00233767925801586
385,175,313,6.82,0.0024201759601336
385,175,313,6.8275,0.00270391699740755
385,175,313,6.835,0.00235300490911563
385,175,313,6.8425,0.00231641857068756
385,175,313,6.85,0.0022618316205789
385,175,313,6.8575,0.00200185123322436
385,175,313,6.865,0.00197797039530787
385,175,313,6.8725,0.00177082418853777
385,175,313,6.88,0.00170706342196732
385,175,313,6.8875,0.00189041564488023
385,175,313,6.895,0.00212529802682527
385,175,313,6.9025,0.00174014818055413
385,175,313,6.91,0.00215786000842037
385,175,313,6.9175,0.00249767876662808
385,175,313,6.925,0.00247976259268476
385,175,313,6.9325,0.00238795891240203
385,175,313,6.94,0.00208983924484572
385,175,313,6.9475,0.00175387664299371
385,175,313,6.955,0.00168853359507943
385,175,313,6.9625,0.00205207314791312
385,175,313,6.97,0.00167253071902849
385,175,313,6.9775,0.00183292832742042
385,175,313,6.985,0.00196683913705643
385,175,313,6.9925,0.00164749578544596
385,175,313,7,0.0017078947866875
385,175,313,7.0075,0.00160561770358668
385,175,313,7.015,0.00141376113588559
385,175,313,7.0225,0.00174453889112601
385,175,313,7.03,0.00216086053123138
385,175,313,7.0375,0.00172559722478448
385,175,313,7.045,0.00134191990369978
385,175,313,7.0525,0.00145744256223941
385,175,313,7.06,0.00196855720368553
385,175,313,7.0675,0.00188511627902412
385,175,313,7.075,0.00230651759919034
385,175,313,7.0825,0.00246057106556049
385,175,313,7.09,0.0029492605255604
385,175,313,7.0975,0.00300624030712785
385,175,313,7.105,0.00357218363624934
385,175,313,7.1125,0.00313769277156096
385,175,313,7.12,0.00318664289459621
385,175,313,7.1275,0.00343641323826281
385,175,313,7.135,0.00302524233330178
385,175,313,7.1425,0.00262301929938685
385,175,313,7.15,0.00227794634766581
385,175,313,7.1575,0.00193576638640138
385,175,313,7.165,0.00200937590096851
385,175,313,7.1725,0.00186321791992176
385,175,313,7.18,0.00157408743756448
385,175,313,7.1875,0.00160368784322068
385,175,313,7.195,0.00184364445497486
385,175,313,7.2025,0.00150621105465887
385,175,313,7.21,0.0012846685526056
385,175,313,7.2175,0.0018124950613309
385,175,313,7.225,0.00219910249699339
385,175,313,7.2325,0.00209785211343965
385,175,313,7.24,0.00239420483735713
385,175,313,7.2475,0.00232551032118936
385,175,313,7.255,0.00230470041437635
385,175,313,7.2625,0.00317767204222619
385,175,313,7.27,0.00222307350307881
385,175,313,7.2775,0.0031076767235696
385,175,313,7.285,0.00299485865661265
385,175,313,7.2925,0.00278000544848589
385,175,313,7.3,0.00291249430268207
385,175,313,7.3075,0.00291304104504804
385,175,313,7.315,0.00237232850274917
385,175,313,7.3225,0.00241296435388552
385,175,313,7.33,0.00238730171853888
385,175,313,7.3375,0.00233253041925402
385,175,313,7.345,0.00295486589252822
385,175,313,7.3525,0.00260019579357293
385,175,313,7.36,0.00294389037919295
385,175,313,7.3675,0.00284470634521092
385,175,313,7.375,0.00251408463756697
385,175,313,7.3825,0.00268872392109673
385,175,313,7.39,0.00253477849239215
385,175,313,7.3975,0.00204900738000938
385,175,313,7.405,0.00160800331316544
385,175,313,7.4125,0.00158895725049855
385,175,313,7.42,0.00135937852534178
385,175,313,7.4275,0.00131337219863545
385,175,313,7.435,0.00123592834037857
385,175,313,7.4425,0.00150165755764317
385,175,313,7.45,0.00172341988942427
385,175,313,7.4575,0.0024946132334049
385,175,313,7.465,0.00234612418714479
385,175,313,7.4725,0.00240724428821143
385,175,313,7.48,0.00266040660080008
385,175,313,7.4875,0.0027043382749791
385,175,313,7.495,0.00283418943078604
385,175,313,7.5025,0.00282892712708932
385,175,313,7.51,0.00250146842669865
385,175,313,7.5175,0.00230998248571183
385,175,313,7.525,0.00246861951008398
385,175,313,7.5325,0.00159542978885544
385,175,313,7.54,0.00219344848172894
385,175,313,7.5475,0.00179294524262467
385,175,313,7.555,0.00190740521064107
385,175,313,7.5625,0.00156470610181335
385,175,313,7.57,0.00186811445258764
385,175,313,7.5775,0.00177245897495366
385,175,313,7.585,0.00233094458751217
385,175,313,7.5925,0.00259524585487504
385,175,313,7.6,0.00273510188445336
385,175,313,7.6075,0.00266638798743163
385,175,313,7.615,0.00294571735218744
385,175,313,7.6225,0.00335450693011654
385,175,313,7.63,0.00339379448171757
385,175,313,7.6375,0.00286890704016321
385,175,313,7.645,0.00347559040907064
385,175,313,7.6525,0.00257797090288854
385,175,313,7.66,0.00303559918390673
385,175,313,7.6675,0.00287028667388801
385,175,313,7.675,0.00230139519816341
385,175,313,7.6825,0.00213153744591302
385,175,313,7.69,0.00205406739095902
385,175,313,7.6975,0.00217525682433962
385,175,313,7.705,0.00233797657012785
385,175,313,7.7125,0.00228799370255944
385,175,313,7.72,0.00147475064506968
385,175,313,7.7275,0.00212133562296861
385,175,313,7.735,0.00229317472719628
385,175,313,7.7425,0.00179451337427828
385,175,313,7.75,0.00143391669398936
385,175,313,7.7575,0.00165212174325471
385,175,313,7.765,0.0013892668352105
385,175,313,7.7725,0.00152231989608297
385,175,313,7.78,0.00137036615522376
385,175,313,7.7875,0.00161229232707197
385,175,313,7.795,0.0021923927732387
385,175,313,7.8025,0.00205133158451139
385,175,313,7.81,0.0026457171404687
385,175,313,7.8175,0.00239833212724235
385,175,313,7.825,0.00239443988856986
385,175,313,7.8325,0.00296331797799525
385,175,313,7.84,0.00300441394894899
385,175,313,7.8475,0.00341008470499577
385,175,313,7.855,0.00351379019543741
385,175,313,7.8625,0.00341309051197511
385,175,313,7.87,0.00318993876878528
385,175,313,7.8775,0.00309121519649045
385,175,313,7.885,0.00354000191311488
385,175,313,7.8925,0.00329827835981561
385,175,313,7.9,0.00261644602366356
385,175,313,7.9075,0.00244626945230686
385,175,313,7.915,0.00225597467678347
385,175,313,7.9225,0.00185157741199476
385,175,313,7.93,0.0015152569876469
385,175,313,7.9375,0.00158857308363777
385,175,313,7.945,0.00164629302048172
385,175,313,7.9525,0.0021418587777216
385,175,313,7.96,0.00182338245441365
385,175,313,7.9675,0.00257353402156864
385,175,313,7.975,0.00261019097212125
385,175,313,7.9825,0.00204436245072616
385,175,313,7.99,0.00298307004638759
385,175,313,7.9975,0.00321833682248455
385,175,313,8.005,0.00316521653757468
385,175,313,8.0125,0.00337273209274243
385,175,313,8.02,0.00297321788425417
385,175,313,8.0275,0.0030502214191345
385,175,313,8.035,0.00334716444748679
385,175,313,8.0425,0.00266181038015176
385,175,313,8.05,0.00287152754578406
385,175,313,8.0575,0.00223111533032343
385,175,313,8.065,0.00218320815742161
385,175,313,8.0725,0.0019628803652867
385,175,313,8.08,0.00223079117996336
385,175,313,8.0875,0.00251474452976967
385,175,313,8.095,0.00277853101630432
385,175,313,8.1025,0.00258236095559511
385,175,313,8.11,0.00212152172162883
385,175,313,8.1175,0.00260583661239126
385,175,313,8.125,0.00188094935514568
385,175,313,8.1325,0.00191135828694254
385,175,313,8.14,0.00157476124787329
385,175,313,8.1475,0.00166567440397079
385,175,313,8.155,0.00128135356120925
385,175,313,8.1625,0.00147098615435239
385,175,313,8.17,0.00178433060481459
385,175,313,8.1775,0.00181795384521125
385,175,313,8.185,0.00257849155540462
385,175,313,8.1925,0.00294100995784499
385,175,313,8.2,0.00322422229404659
385,175,313,8.2075,0.00296543935882948
385,175,313,8.215,0.00330794010423052
385,175,313,8.2225,0.00326627131424979
385,175,313,8.23,0.00366301520102404
385,175,313,8.2375,0.00339210908464116
385,175,313,8.245,0.00294392240502333
385,175,313,8.2525,0.0027100924565978
385,175,313,8.26,0.002945501776858
385,175,313,8.2675,0.00254630763200254
385,175,313,8.275,0.00243829937998153
385,175,313,8.2825,0.00229487680327083
385,175,313,8.29,0.00239626694201094
385,175,313,8.2975,0.00203210992201431
385,175,313,8.305,0.00174688726822037
385,175,313,8.3125,0.00195642017974482
385,175,313,8.32,0.00170943147794172
385,175,313,8.3275,0.00167636159733442
385,175,313,8.335,0.0023123419148143
385,175,313,8.3425,0.00320245265021266
385,175,313,8.35,0.00331286260465133
385,175,313,8.3575,0.0037268310572258
385,175,313,8.365,0.00353859820435272
385,175,313,8.3725,0.00373373435747462
385,175,313,8.38,0.00413984583555481
385,175,313,8.3875,0.0034276238400033
385,175,313,8.395,0.00365629347385162
385,175,313,8.4025,0.00348793338831763
385,175,313,8.41,0.00315727606470074
385,175,313,8.4175,0.00305951418654715
385,175,313,8.425,0.00277090925782112
385,175,313,8.4325,0.00282315090035838
385,175,313,8.44,0.00206197857707865
385,175,313,8.4475,0.00246861503847841
385,175,313,8.455,0.00190797373189723
385,175,313,8.4625,0.00196100330881112
385,175,313,8.47,0.00151260554420097
385,175,313,8.4775,0.00151252606435873
385,175,313,8.485,0.00154995897303752
385,175,313,8.4925,0.000884023196499696
385,175,313,8.5,0.00113104327263836
385,175,313,8.5075,0.00136999536737705
385,175,313,8.515,0.00144037937993876
385,175,313,8.5225,0.00156064058136632
385,175,313,8.53,0.00203530057485019
385,175,313,8.5375,0.002301225113883
385,175,313,8.545,0.002659783510455
385,175,313,8.5525,0.00294118607363512
385,175,313,8.56,0.00257020559276627
385,175,313,8.5675,0.00334369548961928
385,175,313,8.575,0.00332947193629449
385,175,313,8.5825,0.00291415495094486
385,175,313,8.59,0.00338392664836981
385,175,313,8.5975,0.00327595778264087
385,175,313,8.605,0.00282931762455094
385,175,313,8.6125,0.00305459955512409
385,175,313,8.62,0.00328785925782244
385,175,313,8.6275,0.00261423113162979
385,175,313,8.635,0.0025968175592871
385,175,313,8.6425,0.00293035808223234
385,175,313,8.65,0.00221366934462058
385,175,313,8.6575,0.00263915578051695
385,175,313,8.665,0.00199454679739006
385,175,313,8.6725,0.00194070239917281
385,175,313,8.68,0.00225872813987439
385,175,313,8.6875,0.00151643405771605
385,175,313,8.695,0.00197441921005164
385,175,313,8.7025,0.0019708502057472
385,175,313,8.71,0.00237648200393143
385,175,313,8.7175,0.00233775572294102
385,175,313,8.725,0.00243493850709718
385,175,313,8.7325,0.00275736979868867
385,175,313,8.74,0.00247324103585275
385,175,313,8.7475,0.00249041287946853
385,175,313,8.755,0.00272854696946713
385,175,313,8.7625,0.0021861298213928
385,175,313,8.77,0.00229341821699562
385,175,313,8.7775,0.00185838567756505
385,175,313,8.785,0.00213734298121239
385,175,313,8.7925,0.00168567320467252
385,175,313,8.8,0.00160670769509033
385,175,313,8.8075,0.00176325376121447
385,175,313,8.815,0.00136896216128429
385,175,313,8.8225,0.00177210233661032
385,175,313,8.83,0.00194718713399529
385,175,313,8.8375,0.00148451265820605
385,175,313,8.845,0.00171903928451624
385,175,313,8.8525,0.00183278643244248
385,175,313,8.86,0.00174494624602162
385,175,313,8.8675,0.00180212126714383
385,175,313,8.875,0.00204671409787937
385,175,313,8.8825,0.00237706005462332
385,175,313,8.89,0.00166137220291753
385,175,313,8.8975,0.00221455415020453
385,175,313,8.905,0.00205504775086598
385,175,313,8.9125,0.00243377429547116
385,175,313,8.92,0.00282196547714218
385,175,313,8.9275,0.00313932888211472
385,175,313,8.935,0.00290216685951902
385,175,313,8.9425,0.00285378181948642
385,175,313,8.95,0.00278273403279005
385,175,313,8.9575,0.00308591420741048
385,175,313,8.965,0.00267215985754904
385,175,313,8.9725,0.00329310113804369
385,175,313,8.98,0.00306550022443964
385,175,313,8.9875,0.00272338889281869
385,175,313,8.995,0.00277731961794868
385,175,313,9.0025,0.00258150685193874
385,175,313,9.01,0.00223750043620328
385,175,313,9.0175,0.00191120426491077
385,175,313,9.025,0.00202532529374116
385,175,313,9.0325,0.00157469361455856
385,175,313,9.04,0.00129268591342637
385,175,313,9.0475,0.00175528827285779
385,175,313,9.055,0.00146541724014573
385,175,313,9.0625,0.00184563110311351
385,175,313,9.07,0.00189781875228193
385,175,313,9.0775,0.00200167859283616
385,175,313,9.085,0.00250916334664044
385,175,313,9.0925,0.00244728915259277
385,175,313,9.1,0.00238573673719845
385,175,313,9.1075,0.00230123840031503
385,175,313,9.115,0.00249377783635251
385,175,313,9.1225,0.00239659822899838
385,175,313,9.13,0.00272318035561529
385,175,313,9.1375,0.00268846819918152
385,175,313,9.145,0.00309644655585842
385,175,313,9.1525,0.00283481861801745
385,175,313,9.16,0.00243731193511819
385,175,313,9.1675,0.00255434609548216
385,175,313,9.175,0.00208942966287003
385,175,313,9.1825,0.00183135419591535
385,175,313,9.19,0.00184616837751532
385,175,313,9.1975,0.00179772795115219
385,175,313,9.205,0.00177941018461933
385,175,313,9.2125,0.00117711083446573
385,175,313,9.22,0.00110027132088204
385,175,313,9.2275,0.00166262974796475
385,175,313,9.235,0.00104586038368219
385,175,313,9.2425,0.0011631008581129
385,175,313,9.25,0.00137459077745086
385,175,313,9.2575,0.00168112550565215
385,175,313,9.265,0.00212756381434301
385,175,313,9.2725,0.00186412578053802
385,175,313,9.28,0.00179710188886278
385,175,313,9.2875,0.00200749160220175
385,175,313,9.295,0.00257661925966803
385,175,313,9.3025,0.00203198520608995
385,175,313,9.31,0.00229585505224938
385,175,313,9.3175,0.00236037571314929
385,175,313,9.325,0.00256969007196924
385,175,313,9.3325,0.00281905937787914
385,175,313,9.34,0.00253398724698553
385,175,313,9.3475,0.00256697194674194
385,175,313,9.355,0.00213270854462436
385,175,313,9.3625,0.00265086886300395
385,175,313,9.37,0.00223798379202052
385,175,313,9.3775,0.00216483722596926
385,175,313,9.385,0.00184320543114805
385,175,313,9.3925,0.00182038877597951
385,175,313,9.4,0.00190827624668622
385,175,313,9.4075,0.00137294429060016
385,175,313,9.415,0.00195640972853188
385,175,313,9.4225,0.0017906761901883
385,175,313,9.43,0.00229893246892524
385,175,313,9.4375,0.00177582042599045
385,175,313,9.445,0.00231097656795014
385,175,313,9.4525,0.00196090076965346
385,175,313,9.46,0.00212956098486232
385,175,313,9.4675,0.00246082766233385
385,175,313,9.475,0.00199260837867182
385,175,313,9.4825,0.00254608024220465
385,175,313,9.49,0.00255888507372037
385,175,313,9.4975,0.0021595601088071
385,175,313,9.505,0.00209849667312687
385,175,313,9.5125,0.00240442928716841
385,175,313,9.52,0.0018272710479873
385,175,313,9.5275,0.0024322024237793
385,175,313,9.535,0.00210633965316703
385,175,313,9.5425,0.00172154563166238
385,175,313,9.55,0.00154985101224074
385,175,313,9.5575,0.0018358506003002
385,175,313,9.565,0.00116420239434511
385,175,313,9.5725,0.000735762526720799
385,175,313,9.58,0.000348199887101183
385,175,313,9.5875,0.000521518906554184
385,175,313,9.595,0.00105418737084987
385,175,313,9.6025,0.00100000185490437
385,175,313,9.61,0.00178101637667023
385,175,313,9.6175,0.00162728606499599
385,175,313,9.625,0.00205837775527405
385,175,313,9.6325,0.00233675583978726
385,175,313,9.64,0.00239834814377795
385,175,313,9.6475,0.00244786927536362
385,175,313,9.655,0.00187005011829404
385,175,313,9.6625,0.0030093073157751
385,175,313,9.67,0.00222033897696925
385,175,313,9.6775,0.00227130393852318
385,175,313,9.685,0.00292100466306586
385,175,313,9.6925,0.00232487085671101
385,175,313,9.7,0.0022915788961094
385,175,313,9.7075,0.00315156039992804
385,175,313,9.715,0.00279948194170325
385,175,313,9.7225,0.00302378557214767
385,175,313,9.73,0.00265054693548708
385,175,313,9.7375,0.00249566478664868
385,175,313,9.745,0.00274564126191492
385,175,313,9.7525,0.00207481162299858
385,175,313,9.76,0.00198330862774865
385,175,313,9.7675,0.00208661409323396
385,175,313,9.775,0.00178354021410862
385,175,313,9.7825,0.00126480178649804
385,175,313,9.79,0.00108227076465914
385,175,313,9.7975,0.00152387370607167
385,175,313,9.805,0.00146912267849102
385,175,313,9.8125,0.00134720167298261
385,175,313,9.82,0.00178026358337926
385,175,313,9.8275,0.00191179075103553
385,175,313,9.835,0.00128732018763985
385,175,313,9.8425,0.00165351279769613
385,175,313,9.85,0.00161858255785205
385,175,313,9.8575,0.00199735639285017
385,175,313,9.865,0.00182189480338981
385,175,313,9.8725,0.00213414550065656
385,175,313,9.88,0.00227379120754747
385,175,313,9.8875,0.00214093072829018
385,175,313,9.895,0.00267477715438805
385,175,313,9.9025,0.00157553735945222
385,175,313,9.91,0.00182135843137176
385,175,313,9.9175,0.00214896611851233
385,175,313,9.925,0.00107948757390406
385,175,313,9.9325,0.00148596498672845
385,175,313,9.94,0.00160812346823933
385,175,313,9.9475,0.00151416868017799
385,175,313,9.955,0.00175578615806739
385,175,313,9.9625,0.00180187086757431
385,175,313,9.97,0.00144971403784692
385,175,313,9.9775,0.00211114351939518
385,175,313,9.985,0.00176060219969074
385,175,313,9.9925,0.00208618906148447
385,175,313,10,0.00231024156493254
385,175,313,10.0075,0.00216023877588574
385,175,313,10.015,0.00255920148274873
385,175,313,10.0225,0.0021544714995977
385,175,313,10.03,0.00253813949354142
385,175,313,10.0375,0.0026857796633031
385,175,313,10.045,0.00263922673672487
385,175,313,10.0525,0.00223055227989963
385,175,313,10.06,0.00274106127739733
385,175,313,10.0675,0.00289180045891304
385,175,313,10.075,0.00254708025500261
385,175,313,10.0825,0.00229758506085305
385,175,313,10.09,0.00200687967959811
385,175,313,10.0975,0.00212358014955347
385,175,313,10.105,0.00204918926767155
385,175,313,10.1125,0.00158636047401407
385,175,313,10.12,0.00182927369826578
385,175,313,10.1275,0.00140281752343131
385,175,313,10.135,0.00173218616748218
385,175,313,10.1425,0.001795367878692
385,175,313,10.15,0.00125042374315208
385,175,313,10.1575,0.00158073064299927
385,175,313,10.165,0.00132239030055782
385,175,313,10.1725,0.00171892926031209
385,175,313,10.18,0.00157217832609096
385,175,313,10.1875,0.00160445668989881
385,175,313,10.195,0.00193432705259576
385,175,313,10.2025,0.00221260770371766
385,175,313,10.21,0.00182994740526856
385,175,313,10.2175,0.00184587460765103
385,175,313,10.225,0.00188907547387034
385,175,313,10.2325,0.00239391430402192
385,175,313,10.24,0.00175102252418284
385,175,313,10.2475,0.00169597572401493
385,175,313,10.255,0.00230829541807691
385,175,313,10.2625,0.0018697632922719
385,175,313,10.27,0.00192568278093988
385,175,313,10.2775,0.0020608759667282
385,175,313,10.285,0.00134767874013004
385,175,313,10.2925,0.00180315762728691
385,175,313,10.3,0.0014445726862864
385,175,313,10.3075,0.00083819465840038
385,175,313,10.315,0.000870370384738199
385,175,313,10.3225,0.000655614217470112
385,175,313,10.33,0.000854639850221598
385,175,313,10.3375,0.000889831527493763
385,175,313,10.345,0.000960485998024848
385,175,313,10.3525,0.000563785711293936
385,175,313,10.36,0.0015233456522003
385,175,313,10.3675,0.00104626312633929
385,175,313,10.375,0.00161497855179721
385,175,313,10.3825,0.0020237457698282
385,175,313,10.39,0.00190466022312262
385,175,313,10.3975,0.00203197053863569
385,175,313,10.405,0.00200907846620989
385,175,313,10.4125,0.00206938529037163
385,175,313,10.42,0.00198186245374679
385,175,313,10.4275,0.001810896897284
385,175,313,10.435,0.0019503858693846
385,175,313,10.4425,0.00162008741038387
385,175,313,10.45,0.00200692792991181
385,175,313,10.4575,0.00149010331344582
385,175,313,10.465,0.00173013034035786
385,175,313,10.4725,0.00171839677489808
385,175,313,10.48,0.00195133690553768
385,175,313,10.4875,0.00149773744213621
385,175,313,10.495,0.00158505516293456
385,175,313,10.5025,0.00136570525333335
385,175,313,10.51,0.000884308509049044
385,175,313,10.5175,0.00111623000551254
385,175,313,10.525,0.001448061565417
385,175,313,10.5325,0.00161142587727459
385,175,313,10.54,0.00134271219146363
385,175,313,10.5475,0.00125828956465496
385,175,313,10.555,0.000779468782820811
385,175,313,10.5625,0.00085220305868406
385,175,313,10.57,0.000603642027435426
385,175,313,10.5775,0.00127643104889584
385,175,313,10.585,0.00102167430724307
385,175,313,10.5925,0.000825959209729524
385,175,313,10.6,0.000977997362539734
385,175,313,10.6075,0.00101466448058252
385,175,313,10.615,0.00118887758889319
385,175,313,10.6225,0.00103708705814557
385,175,313,10.63,0.00151343156158132
385,175,313,10.6375,0.000741403023254623
385,175,313,10.645,0.00112727592592446
385,175,313,10.6525,0.000562185518950016
385,175,313,10.66,0.00108535982723032
385,175,313,10.6675,0.000723005648900298
385,175,313,10.675,0.00109514387867352
385,175,313,10.6825,0.000694852308796707
385,175,313,10.69,0.00101035866889939
385,175,313,10.6975,0.00132004998166225
385,175,313,10.705,0.000878265598984729
385,175,313,10.7125,0.000944812673379166
385,175,313,10.72,0.0014504215758965
385,175,313,10.7275,0.001818879616712
385,175,313,10.735,0.0019583642937671
385,175,313,10.7425,0.00183661595864267
385,175,313,10.75,0.00130902608540039
385,175,313,10.7575,0.00177536169440246
385,175,313,10.765,0.00173218508905248
385,175,313,10.7725,0.00185883666946544
385,175,313,10.78,0.0019719623474413
385,175,313,10.7875,0.00192553970459048
385,175,313,10.795,0.00181716097503088
385,175,313,10.8025,0.00122131926851446
385,175,313,10.81,0.00122960580785672
385,175,313,10.8175,0.00116884468977307
385,175,313,10.825,0.00152374314175544
385,175,313,10.8325,0.000984522581193803
385,175,313,10.84,0.000594735792207768
385,175,313,10.8475,0.000961475568991459
385,175,313,10.855,0.000954052451826812
385,175,313,10.8625,0.000712091559450093
385,175,313,10.87,0.000343778937849794
385,175,313,10.8775,0.00100709850585852
385,175,313,10.885,0.00116890027298766
385,175,313,10.8925,0.00116532673360168
385,175,313,10.9,0.000675571133954031
385,175,313,10.9075,0.000577828994397411
385,175,313,10.915,0.00089873604875729
385,175,313,10.9225,0.00120289514966204
385,175,313,10.93,0.00145283895428862
385,175,313,10.9375,0.00122709971766626
385,175,313,10.945,0.00134309947613099
385,175,313,10.9525,0.00103433271171764
385,175,313,10.96,0.0011451354345558
385,175,313,10.9675,0.00105324466843409
385,175,313,10.975,0.00120501272519589
385,175,313,10.9825,0.00157357990529237
385,175,313,10.99,0.00142422548820351
385,175,313,10.9975,0.00105109411997606
385,175,313,11.005,0.00130733628353438
385,175,313,11.0125,0.00130483233644669
385,175,313,11.02,0.00116255502476627
385,175,313,11.0275,0.00100777702330397
385,175,313,11.035,0.00110155705563203
385,175,313,11.0425,0.00111847335354869
385,175,313,11.05,0.000979001074102592
385,175,313,11.0575,0.00109479922697388
385,175,313,11.065,0.000488612788472739
385,175,313,11.0725,0.000569513441819194
385,175,313,11.08,0.000882628510275282
385,175,313,11.0875,0.000920882789310295
385,175,313,11.095,0.000685896733700374
385,175,313,11.1025,0.000779948417750329
385,175,313,11.11,0.00140871793211585
385,175,313,11.1175,0.00133340641849898
385,175,313,11.125,0.00149340042245641
385,175,313,11.1325,0.0011447927638183
385,175,313,11.14,0.0015245197612113
385,175,313,11.1475,0.00122568561331628
385,175,313,11.155,0.00138367954098443
385,175,313,11.1625,0.00134056011863712
385,175,313,11.17,0.00144218450346023
385,175,313,11.1775,0.00121599552998423
385,175,313,11.185,0.00105760741412099
385,175,313,11.1925,0.00127742942620833
385,175,313,11.2,0.00178156342269221
385,175,313,11.2075,0.00145601536654066
385,175,313,11.215,0.00191111183611348
385,175,313,11.2225,0.00137277278480502
385,175,313,11.23,0.00122057161249504
385,175,313,11.2375,0.00116636930497927
385,175,313,11.245,0.00137224683178188
385,175,313,11.2525,0.00122458451414414
385,175,313,11.26,0.00148192357298936
385,175,313,11.2675,0.000983196709357347
385,175,313,11.275,0.000935633851113179
385,175,313,11.2825,0.00126507149456873
385,175,313,11.29,0.000936833285741077
385,175,313,11.2975,0.000444733985697874
385,175,313,11.305,0.000448772397502724
385,175,313,11.3125,0.000870701069489852
385,175,313,11.32,0.00083396322171741
385,175,313,11.3275,0.00066019449331334
385,175,313,11.335,0.000401475279042495
385,175,313,11.3425,0.000776341469608131
385,175,313,11.35,0.000852773740776433
385,175,313,11.3575,0.001592089613102
385,175,313,11.365,0.00118385487162425
385,175,313,11.3725,0.00124759327013018
385,175,313,11.38,0.000885354148638347
385,175,313,11.3875,0.000684919540203176
385,175,313,11.395,0.00113832480928733
385,175,313,11.4025,0.00102175595021211
385,175,313,11.41,0.00136298007846789
385,175,313,11.4175,0.0014764984366912
385,175,313,11.425,0.00134044964140788
385,175,313,11.4325,0.000959348109435046
385,175,313,11.44,0.0016125668364512
385,175,313,11.4475,0.00129176757576657
385,175,313,11.455,0.00143735642829083
385,175,313,11.4625,0.00156300526854315
385,175,313,11.47,0.00176603523860943
385,175,313,11.4775,0.00128014255973703
385,175,313,11.485,0.00147283724037022
385,175,313,11.4925,0.00149851627635445
385,175,313,11.5,0.00169733816372974
385,175,313,11.5075,0.00205537694579384
385,175,313,11.515,0.00226820939534887
385,175,313,11.5225,0.00162520137223626
385,175,313,11.53,0.00201803612659304
385,175,313,11.5375,0.00180030641822221
385,175,313,11.545,0.00201776359054485
385,175,313,11.5525,0.00147896459689848
385,175,313,11.56,0.0015444726430509
385,175,313,11.5675,0.00184757679770985
385,175,313,11.575,0.001432432169611
385,175,313,11.5825,0.00128829386862299
385,175,313,11.59,0.00112382832627891
385,175,313,11.5975,0.00159994162997901
385,175,313,11.605,0.000815013150133285
385,175,313,11.6125,0.000754943573857881
385,175,313,11.62,0.000785978222877145
385,175,313,11.6275,0.000390198824922647
385,175,313,11.635,0.000716550346523389
385,175,313,11.6425,0.000909191879578311
385,175,313,11.65,0.00063755247039819
385,175,313,11.6575,0.000650754448879355
385,175,313,11.665,0.00115407576426977
385,175,313,11.6725,0.00102945169419081
385,175,313,11.68,0.0011917736694716
385,175,313,11.6875,0.00138309370666597
385,175,313,11.695,0.00116251812593746
385,175,313,11.7025,0.00151156034307928
385,175,313,11.71,0.00161850714005742
385,175,313,11.7175,0.00168359358516256
385,175,313,11.725,0.00136733257775838
385,175,313,11.7325,0.00195587215224912
385,175,313,11.74,0.00176373044078925
385,175,313,11.7475,0.00185277788773501
385,175,313,11.755,0.00163720863725284
385,175,313,11.7625,0.00158784268748456
385,175,313,11.77,0.00144478746090473
385,175,313,11.7775,0.00117656337402862
385,175,313,11.785,0.00140153947291982
385,175,313,11.7925,0.00151075292931741
385,175,313,11.8,0.00120917477738424
385,175,313,11.8075,0.0013981492906411
385,175,313,11.815,0.00121120528295462
385,175,313,11.8225,0.00115195326031061
385,175,313,11.83,0.000991868369036288
385,175,313,11.8375,0.000888667467813122
385,175,313,11.845,0.00129738974266949
385,175,313,11.8525,0.00125709792804498
385,175,313,11.86,0.000960279994035599
385,175,313,11.8675,0.00123444406049385
385,175,313,11.875,0.000817207959802772
385,175,313,11.8825,0.0014036520474038
385,175,313,11.89,0.00122677753531527
385,175,313,11.8975,0.00123321711344025
385,175,313,11.905,0.00133368490654422
385,175,313,11.9125,0.0015536424570098
385,175,313,11.92,0.0017927412606109
385,175,313,11.9275,0.00146902760870637
385,175,313,11.935,0.00110821724099583
385,175,313,11.9425,0.001366582239799
385,175,313,11.95,0.00151612690514542
385,175,313,11.9575,0.00131608035894697
385,175,313,11.965,0.000823152076478817
385,175,313,11.9725,0.000738196438044186
385,175,313,11.98,0.000726472674631818
385,175,313,11.9875,0.000569100983416891
385,175,313,11.995,0.000717931564504034
385,175,313,12.0025,0.000821036909110027
385,175,313,12.01,0.000773371824919427
385,175,313,12.0175,0.000586201142514943
385,175,313,12.025,0.000735994054138901
385,175,313,12.0325,0.000753088403354121
385,175,313,12.04,0.000889413823301065
385,175,313,12.0475,0.000637601361626548
385,175,313,12.055,0.00117253536673593
385,175,313,12.0625,0.00134694023061966
385,175,313,12.07,0.000856184207719597
385,175,313,12.0775,0.00128072305792788
385,175,313,12.085,0.00100818380951085
385,175,313,12.0925,0.00113839080865843
385,175,313,12.1,0.000879399120138092
385,175,313,12.1075,0.00069842607154632
385,175,313,12.115,0.00116933749086093
385,175,313,12.1225,0.00122941307535433
385,175,313,12.13,0.00108563919926427
385,175,313,12.1375,0.00123930293069125
385,175,313,12.145,0.00120223098026529
385,175,313,12.1525,0.00134856899662794
385,175,313,12.16,0.00130983693719801
385,175,313,12.1675,0.00133125077497037
385,175,313,12.175,0.00106748713078278
385,175,313,12.1825,0.000964282419221214
385,175,313,12.19,0.000886379540238163
385,175,313,12.1975,0.000993954547662452
385,175,313,12.205,0.00141721500258884
385,175,313,12.2125,0.000821488579945927
385,175,313,12.22,0.00132041474782992
385,175,313,12.2275,0.00122256497366261
385,175,313,12.235,0.00124112195408323
385,175,313,12.2425,0.00160001336934316
385,175,313,12.25,0.00138578597992855
385,175,313,12.2575,0.00138095216809381
385,175,313,12.265,0.00180905945439877
385,175,313,12.2725,0.001825475597593
385,175,313,12.28,0.00136181731452366
385,175,313,12.2875,0.00109662461227647
385,175,313,12.295,0.00135569772858235
385,175,313,12.3025,0.00136531326227067
385,175,313,12.31,0.00111242009125471
385,175,313,12.3175,0.00103562378674716
385,175,313,12.325,0.00132672913002201
385,175,313,12.3325,0.000785490152040399
385,175,313,12.34,0.000506770743967288
385,175,313,12.3475,6.92719423031257e-05
385,175,313,12.355,0.00017617846467017
385,175,313,12.3625,0.00040437797371894
385,175,313,12.37,0.000371136775755074
385,175,313,12.3775,0.000739714630786013
385,175,313,12.385,0.000560263468699213
385,175,313,12.3925,0.000775940583157057
385,175,313,12.4,0.000897165343168555
385,175,313,12.4075,0.0010815182520199
385,175,313,12.415,0.000785059493205468
385,175,313,12.4225,0.00124633263439086
385,175,313,12.43,0.0010408370924412
385,175,313,12.4375,0.00118354503616188
385,175,313,12.445,0.00185220194232927
385,175,313,12.4525,0.00162298135242451
385,175,313,12.46,0.00185283902924128
385,175,313,12.4675,0.00156825718513117
385,175,313,12.475,0.00191337450353708
385,175,313,12.4825,0.00176570136946495
385,175,313,12.49,0.00141339339205854
385,175,313,12.4975,0.00157904221656952
385,175,313,12.505,0.00115479266943419
385,175,313,12.5125,0.00128390514247115
385,175,313,12.52,0.00108587868532994
385,175,313,12.5275,0.000848585809177124
385,175,313,12.535,0.000741588311287603
385,175,313,12.5425,0.00103604289802731
385,175,313,12.55,0.000834092629410548
385,175,313,12.5575,0.000664666699160368
385,175,313,12.565,0.00121946447023359
385,175,313,12.5725,0.000887154510957036
385,175,313,12.58,0.000851437576401136
385,175,313,12.5875,0.000970900816576477
385,175,313,12.595,0.0010779294141467
385,175,313,12.6025,0.000497717736464368
385,175,313,12.61,0.000451722102264742
385,175,313,12.6175,0.000879448659999529
385,175,313,12.625,0.000721160085377526
385,175,313,12.6325,0.00110401864619181
385,175,313,12.64,0.00109551307924822
385,175,313,12.6475,0.000977431167634659
385,175,313,12.655,0.00102374345484064
385,175,313,12.6625,0.000972678561172161
385,175,313,12.67,0.000873334625972346
385,175,313,12.6775,0.000318336057457549
385,175,313,12.685,0.000378095745447908
385,175,313,12.6925,0.000542525014622169
385,175,313,12.7,0.000572280487856139
385,175,313,12.7075,0.000989783143606986
385,175,313,12.715,0.000123246644143958
385,175,313,12.7225,0.000419326042927234
385,175,313,12.73,0.000892771334421957
385,175,313,12.7375,0.00087342128862638
385,175,313,12.745,0.00100251609829647
385,175,313,12.7525,0.000755538284650896
385,175,313,12.76,0.00055378946499155
385,175,313,12.7675,0.00125834392227806
385,175,313,12.775,0.000699881290613238
385,175,313,12.7825,0.000767653195657256
385,175,313,12.79,0.000808572387186429
385,175,313,12.7975,0.000987952640105588
385,175,313,12.805,0.000901288874627457
385,175,313,12.8125,0.00093981781822808
385,175,313,12.82,0.00111583401636992
385,175,313,12.8275,0.000897462622634289
385,175,313,12.835,0.000794897157212305
385,175,313,12.8425,0.000665571067189901
385,175,313,12.85,0.000789275533568237
385,175,313,12.8575,0.000603509026240226
385,175,313,12.865,0.000273878677608553
385,175,313,12.8725,0.00113880346083176
385,175,313,12.88,0.000450977383749009
385,175,313,12.8875,0.00022285838862481
385,175,313,12.895,0.000502558526266917
385,175,313,12.9025,0.00116103513163749
385,175,313,12.91,0.000941215839130266
385,175,313,12.9175,0.000783979193864603
385,175,313,12.925,0.000540601826573182
385,175,313,12.9325,0.000937795019408371
385,175,313,12.94,0.000632169494411361
385,175,313,12.9475,0.000964980447425376
385,175,313,12.955,0.0013233311168386
385,175,313,12.9625,0.00116622529489568
385,175,313,12.97,0.00112470269193647
385,175,313,12.9775,0.00147020875305326
385,175,313,12.985,0.000700507831955585
385,175,313,12.9925,0.000762095229433181
385,175,313,13,0.00119601136315564
385,175,313,13.0075,0.00134938012735357
385,175,313,13.015,0.000990141061258919
385,175,313,13.0225,0.000949717315594006
385,175,313,13.03,0.00111909997896528
385,175,313,13.0375,0.000727758593431668
385,175,313,13.045,0.000922484329419278
385,175,313,13.0525,0.000608699648476015
385,175,313,13.06,0.000756288642759941
385,175,313,13.0675,0.000755376766027399
385,175,313,13.075,0.000233409591214903
385,175,313,13.0825,0.000322081091258112
385,175,313,13.09,0.000704633328077345
385,175,313,13.0975,0.000546204471698924
385,175,313,13.105,0.000815271277300737
385,175,313,13.1125,0.000452711880406738
385,175,313,13.12,0.000442200732772377
385,175,313,13.1275,0.000542113026209665
385,175,313,13.135,0.000935532060952085
385,175,313,13.1425,0.000863193526516244
385,175,313,13.15,0.00104129427765245
385,175,313,13.1575,0.00107120409646219
385,175,313,13.165,0.00134856255216231
385,175,313,13.1725,0.00116618023546563
385,175,313,13.18,0.00167513524073173
385,175,313,13.1875,0.00149638497159069
385,175,313,13.195,0.00104854097695902
385,175,313,13.2025,0.00142495023310847
385,175,313,13.21,0.00119243655928307
385,175,313,13.2175,0.00159674509881279
385,175,313,13.225,0.00161972464679147
385,175,313,13.2325,0.00143042944398432
385,175,313,13.24,0.00137909899287924
385,175,313,13.2475,0.00125737391467206
385,175,313,13.255,0.00145610147342381
385,175,313,13.2625,0.00118045583297923
385,175,313,13.27,0.000798664851668591
385,175,313,13.2775,0.00107678704734427
385,175,313,13.285,0.000914076503766982
385,175,313,13.2925,0.000349428438553565
385,175,313,13.3,0.000686236733868792
385,175,313,13.3075,0.000825356839957601
385,175,313,13.315,0.000798263809318138
385,175,313,13.3225,0.000853005847140622
385,175,313,13.33,0.000952293217770551
385,175,313,13.3375,0.000594384988661296
385,175,313,13.345,0.000674942849019873
385,175,313,13.3525,0.00063977628172768
385,175,313,13.36,0.000873052555651418
385,175,313,13.3675,0.000695910712456776
385,175,313,13.375,0.00110363929156481
385,175,313,13.3825,0.000221868933972977
385,175,313,13.39,0.000339476550536391
385,175,313,13.3975,0.00047513617400218
385,175,313,13.405,0.000597280795423624
385,175,313,13.4125,0.000682479116342677
385,175,313,13.42,0.0011005860638207
385,175,313,13.4275,0.000556111532575195
385,175,313,13.435,0.000682433978822953
385,175,313,13.4425,0.000774430632583155
385,175,313,13.45,0.000117666219876553
385,175,313,13.4575,0.000578374900644256
385,175,313,13.465,0.00115751093246662
385,175,313,13.4725,0.000584531857363568
385,175,313,13.48,0.0012023764462914
385,175,313,13.4875,0.000683809519544709
385,175,313,13.495,0.00144848946070384
385,175,313,13.5025,0.000816267622337365
385,175,313,13.51,0.000879936882565341
385,175,313,13.5175,0.0013815305228144
385,175,313,13.525,0.00151480078430528
385,175,313,13.5325,0.0013363485499718
385,175,313,13.54,0.0010430672229651
385,175,313,13.5475,0.00139658107255833
385,175,313,13.555,0.00169881515046245
385,175,313,13.5625,0.00126987179080681
385,175,313,13.57,0.00129509186766754
385,175,313,13.5775,0.00118826456706746
385,175,313,13.585,0.000654213518997741
385,175,313,13.5925,0.00128788503035591
385,175,313,13.6,0.000856041693162502
385,175,313,13.6075,0.00138205493092072
385,175,313,13.615,0.00103524821977323
385,175,313,13.6225,0.00116080374909441
385,175,313,13.63,0.000445915033913591
385,175,313,13.6375,0.000144511310326868
385,175,313,13.645,0.000639523763952015
385,175,313,13.6525,0.00059771268976796
385,175,313,13.66,0.000452227553153725
385,175,313,13.6675,0.000767134552909551
385,175,313,13.675,0.000848294294259433
385,175,313,13.6825,0.00133895750996428
385,175,313,13.69,0.00089054178535956
385,175,313,13.6975,0.00125832808476381
385,175,313,13.705,0.00109469978955218
385,175,313,13.7125,0.00135638046631846
385,175,313,13.72,0.00149995722019008
385,175,313,13.7275,0.000983838296029058
385,175,313,13.735,0.00147195384812746
385,175,313,13.7425,0.00126170093054041
385,175,313,13.75,0.00113953923013388
385,175,313,13.7575,0.00108990504510015
385,175,313,13.765,0.00112744846637879
385,175,313,13.7725,0.000950331491893896
385,175,313,13.78,0.00130655490670342
385,175,313,13.7875,0.000768317605074154
385,175,313,13.795,0.000922392998744883
385,175,313,13.8025,0.000665105769759751
385,175,313,13.81,0.00101309341623275
385,175,313,13.8175,0.000883252475542844
385,175,313,13.825,0.000894967960201272
385,175,313,13.8325,0.000930092703087587
385,175,313,13.84,0.000483679134878937
385,175,313,13.8475,0.000644043205508009
385,175,313,13.855,0.000818995095703314
385,175,313,13.8625,0.000482276373584908
385,175,313,13.87,0.000835001397646892
385,175,313,13.8775,0.00109865366813391
385,175,313,13.885,0.000457052724866859
385,175,313,13.8925,0.000805503695330762
385,175,313,13.9,0.000688305775962083
385,175,313,13.9075,0.00112466669557629
385,175,313,13.915,0.00118356219924377
385,175,313,13.9225,0.00105670433365256
385,175,313,13.93,0.000793297490519511
385,175,313,13.9375,0.00104881961472521
385,175,313,13.945,0.00109660068887878
385,175,313,13.9525,0.0013799283200769
385,175,313,13.96,0.000950210641590042
385,175,313,13.9675,0.000966028629905947
385,175,313,13.975,0.00122135167779596
385,175,313,13.9825,0.00085579315339435
385,175,313,13.99,0.00077395395790204
385,175,313,13.9975,0.000632178601866444
385,175,313,14.005,0.000923455348523345
385,175,313,14.0125,0.00110474423326805
385,175,313,14.02,0.00100316383147083
385,175,313,14.0275,0.000593615899077568
385,175,313,14.035,0.00101557208474874
385,175,313,14.0425,0.000743543489679589
385,175,313,14.05,0.000898450711797897
385,175,313,14.0575,0.000706383246413495
385,175,313,14.065,0.000779540021509531
385,175,313,14.0725,0.000774521338561267
385,175,313,14.08,0.000960445108067362
385,175,313,14.0875,0.00124426642845942
385,175,313,14.095,0.000774196115425366
385,175,313,14.1025,0.000683479315150612
385,175,313,14.11,0.000813842263906507
385,175,313,14.1175,0.000589175391718532
385,175,313,14.125,0.000458945387772935
385,175,313,14.1325,0.000312601917652625
385,175,313,14.14,0.000757606847982051
385,175,313,14.1475,0.000406924955539817
385,175,313,14.155,0.000524508016208384
385,175,313,14.1625,0.000531089088422654
385,175,313,14.17,0.000447125231784954
385,175,313,14.1775,0.000434404094693559
385,175,313,14.185,0.000500200831381001
385,175,313,14.1925,0.000862675860428066
385,175,313,14.2,0.000575146912605055
385,175,313,14.2075,0.00103024879997339
385,175,313,14.215,0.00081531160166161
385,175,313,14.2225,0.00108435831362834
385,175,313,14.23,0.000487222486729977
385,175,313,14.2375,0.000709346077453312
385,175,313,14.245,0.001177025675538
385,175,313,14.2525,0.000812506993738131
385,175,313,14.26,0.00104953081438934
385,175,313,14.2675,0.00115073938802216
385,175,313,14.275,0.000650610228912444
385,175,313,14.2825,0.00105484472243772
385,175,313,14.29,0.000967623548328639
385,175,313,14.2975,0.00084699704041179
385,175,313,14.305,0.00117752294646795
385,175,313,14.3125,0.00104089645716557
385,175,313,14.32,0.000742535970641338
385,175,313,14.3275,0.000804453627246785
385,175,313,14.335,0.000554869776659691
385,175,313,14.3425,0.00111481984933786
385,175,313,14.35,0.000675414366541043
385,175,313,14.3575,0.000842451372051954
385,175,313,14.365,0.000385043711618976
385,175,313,14.3725,0.000397380313192349
385,175,313,14.38,0.000802809254059832
385,175,313,14.3875,0.000229246873386156
385,175,313,14.395,0.000632424423345716
385,175,313,14.4025,0.000597183815251913
385,175,313,14.41,0.000541819735120061
385,175,313,14.4175,0.000126203820434676
385,175,313,14.425,0.000436558197962014
385,175,313,14.4325,0.000640213607761767
385,175,313,14.44,0.000459760975046835
385,175,313,14.4475,0.000707545895091277
385,175,313,14.455,0.000729758321465561
385,175,313,14.4625,0.00071485157081611
385,175,313,14.47,0.000624749829964466
385,175,313,14.4775,0.000746583547122235
385,175,313,14.485,0.000400985166671051
385,175,313,14.4925,0.000637926021425533
385,175,313,14.5,0.000490188151649537
385,175,313,14.5075,0.00081628367957545
385,175,313,14.515,0.000569089637204556
385,175,313,14.5225,0.000691479685740554
385,175,313,14.53,0.000955245270695968
385,175,313,14.5375,0.000337009710461233
385,175,313,14.545,0.000391055600454325
385,175,313,14.5525,0.000775662519187529
385,175,313,14.56,0.000554791770521227
385,175,313,14.5675,0.000817350675580968
385,175,313,14.575,0.000526442568413833
385,175,313,14.5825,0.000518417149065318
385,175,313,14.59,0.000507439766607083
385,175,313,14.5975,0.000346779225976949
385,175,313,14.605,0.00119166898508834
385,175,313,14.6125,0.000625183791772756
385,175,313,14.62,0.000173314034811609
385,175,313,14.6275,0.000708466979628318
385,175,313,14.635,0.000514974835262761
385,175,313,14.6425,0.000635197129797378
385,175,313,14.65,0.000428390524135959
385,175,313,14.6575,0.000698584038444645
385,175,313,14.665,0.000278003893847316
385,175,313,14.6725,0.000530481548917048
385,175,313,14.68,0.000640140479641316
385,175,313,14.6875,0.000393919790749368
385,175,313,14.695,0.000564111425233924
385,175,313,14.7025,0.000699790909060006
385,175,313,14.71,0.000679633343903938
385,175,313,14.7175,0.000879971475308886
385,175,313,14.725,0.000247578492569473
385,175,313,14.7325,0.000362909243958648
385,175,313,14.74,0.000713208492855455
385,175,313,14.7475,0.00111991406063583
385,175,313,14.755,0.000729945933493262
385,175,313,14.7625,0.000516107356413207
385,175,313,14.77,0.000388866534427873
385,175,313,14.7775,0.000710532599628396
385,175,313,14.785,0.000539045749403995
385,175,313,14.7925,0.000457957101243771
385,175,313,14.8,0.000505206207661193
385,175,313,14.8075,0.000584632258084469
385,175,313,14.815,0.000752725959866804
385,175,313,14.8225,0.00032743434005667
385,175,313,14.83,0.000371236189998806
385,175,313,14.8375,0.000446077695964416
385,175,313,14.845,0.000809548296080204
385,175,313,14.8525,0.00115773260569522
385,175,313,14.86,0.000974488729558516
385,175,313,14.8675,0.000643032572042406
385,175,313,14.875,0.000885566359571824
385,175,313,14.8825,0.000803431530848179
385,175,313,14.89,0.000461224302607602
385,175,313,14.8975,0.000499236129854662
385,175,313,14.905,0.000581742865848777
385,175,313,14.9125,0.000610577321624115
385,175,313,14.92,0.000504701193698175
385,175,313,14.9275,0.000355274003607222
385,175,313,14.935,0.000167105523397748
385,175,313,14.9425,0.000637628656955373
385,175,313,14.95,0.000632041962082431
385,175,313,14.9575,0.000612262236050286
385,175,313,14.965,0.000656633118318984
385,175,313,14.9725,0.000408078457527504
385,175,313,14.98,0.000557295083621524
385,175,313,14.9875,0.000797182341269507
385,175,313,14.995,0.00061725180183203
385,175,313,15.0025,0.000782030830952589
385,175,313,15.01,0.000408052966713394
385,175,313,15.0175,0.000859898579298428
385,175,313,15.025,0.00120704876601911
385,175,313,15.0325,0.00136405041643718
385,175,313,15.04,0.000884511902211237
385,175,313,15.0475,0.000814168439469456
385,175,313,15.055,0.000827737425600963
385,175,313,15.0625,0.000418762347527677
385,175,313,15.07,0.000681508244417008
385,175,313,15.0775,0.000306220966938743
385,175,313,15.085,0.000503243084420721
385,175,313,15.0925,0.000879444872744403
385,175,313,15.1,0.000743641915476492
385,175,313,15.1075,0.00042770901814007
385,175,313,15.115,0.000575961667654954
385,175,313,15.1225,0.000797176387072527
385,175,313,15.13,0.000226797585033891
385,175,313,15.1375,0.000770687335678198
385,175,313,15.145,0.000901717811225496
385,175,313,15.1525,0.00037693131169626
385,175,313,15.16,0.000511808675870496
385,175,313,15.1675,0.000177222851696652
385,175,313,15.175,0.000378878786933732
385,175,313,15.1825,0.000281307340903043
385,175,313,15.19,0.00070920028622444
385,175,313,15.1975,0.00041942156154477
385,175,313,15.205,0.000233664959630143
385,175,313,15.2125,0.000603878546580033
385,175,313,15.22,0.000455367258398122
385,175,313,15.2275,0.000958729063774209
385,175,313,15.235,0.00109726315012535
385,175,313,15.2425,0.000763882487555222
385,175,313,15.25,0.000217812249236409
385,175,313,15.2575,0.000821271666497891
385,175,313,15.265,0.000802977756471819
385,175,313,15.2725,0.000794472718350536
385,175,313,15.28,0.000541374154396658
385,175,313,15.2875,0.000483679762305219
385,175,313,15.295,0.000471523745563818
385,175,313,15.3025,0.000482391417728607
385,175,313,15.31,0.000273638327888399
385,175,313,15.3175,0.00047215518892783
385,175,313,15.325,0.000464948826037147
385,175,313,15.3325,0.000659123293700394
385,175,313,15.34,0.000415040709226067
385,175,313,15.3475,0.000438033890114317
385,175,313,15.355,0.000433420890563098
385,175,313,15.3625,0.000331544257960866
385,175,313,15.37,0.000653488694335368
385,175,313,15.3775,0.000524864013981434
385,175,313,15.385,0.000684944348180862
385,175,313,15.3925,0.000623535822415005
385,175,313,15.4,0.000456192425927456
385,175,313,15.4075,0.000868452648229268
385,175,313,15.415,0.000394513021423381
385,175,313,15.4225,0.000339104120355734
385,175,313,15.43,0.000547450928725125
385,175,313,15.4375,0.000405413652986874
385,175,313,15.445,0.000539125308519448
385,175,313,15.4525,0.00054065356841911
385,175,313,15.46,0.00111112535934367
385,175,313,15.4675,0.000671059625701147
385,175,313,15.475,0.000421050264610102
385,175,313,15.4825,0.000491088745837025
385,175,313,15.49,0.00040017792198078
385,175,313,15.4975,0.000655568472484857
385,175,313,15.505,0.000324421444022462
385,175,313,15.5125,0.000785024568574222
385,175,313,15.52,0.000434167534236202
385,175,313,15.5275,0.000941754313729498
385,175,313,15.535,0.000291262782636192
385,175,313,15.5425,0.000616050130018886
385,175,313,15.55,0.000682769615689999
385,175,313,15.5575,0.000666027980239912
385,175,313,15.565,0.000335737788985374
385,175,313,15.5725,0.000151878600503521
385,175,313,15.58,0.000239233976422545
385,175,313,15.5875,0.000614781143387064
385,175,313,15.595,0.000785496921828118
385,175,313,15.6025,0.000244170160799134
385,175,313,15.61,0.000285133046685408
385,175,313,15.6175,0.000776050263122453
385,175,313,15.625,0.000280557861517434
385,175,313,15.6325,0.000515386147604588
385,175,313,15.64,0.000374645154302594
385,175,313,15.6475,0.000293825839543441
385,175,313,15.655,0.000251182217808265
385,175,313,15.6625,0.000112012110492288
385,175,313,15.67,6.25390012166117e-05
385,175,313,15.6775,0.000173941380056735
385,175,313,15.685,7.900617487887e-05
385,175,313,15.6925,0.000339192709230876
385,175,313,15.7,0.000656498221089025
385,175,313,15.7075,0.000436773673145917
385,175,313,15.715,0.000477204484729557
385,175,313,15.7225,0.000474050466245211
385,175,313,15.73,0.000653995621679148
385,175,313,15.7375,0.00081243478231085
385,175,313,15.745,0.000526807767087203
385,175,313,15.7525,7.46394859107197e-05
385,175,313,15.76,0.000782393475897649
385,175,313,15.7675,0.000181144517593702
385,175,313,15.775,0.000630239677875438
385,175,313,15.7825,0.000492974603723047
385,175,313,15.79,0.000491998446824137
385,175,313,15.7975,0.000688333728524209
385,175,313,15.805,0.00067738758376189
385,175,313,15.8125,0.000139135517381705
385,175,313,15.82,0.000633588875933199
385,175,313,15.8275,0.000472376258413483
385,175,313,15.835,0.000560926926950134
385,175,313,15.8425,0.000801653375474254
385,175,313,15.85,0.000390856504113838
385,175,313,15.8575,0.000312156388819367
385,175,313,15.865,0.00104691023167259
385,175,313,15.8725,0.000427850259756048
385,175,313,15.88,0.000698276339312142
385,175,313,15.8875,0.00034997610748049
385,175,313,15.895,0.000245985471738446
385,175,313,15.9025,0.00068079315607545
385,175,313,15.91,0.000499961467295017
385,175,313,15.9175,0.000564654707373353
385,175,313,15.925,0.000679961302445403
385,175,313,15.9325,0.000324742889153698
385,175,313,15.94,0.000622093264107109
385,175,313,15.9475,0.000275747167759857
385,175,313,15.955,0.000303941177772406
385,175,313,15.9625,0.000243272225595106
385,175,313,15.97,0.000277475668703834
385,175,313,15.9775,7.8894490098201e-05
385,175,313,15.985,0.000494349086826956
385,175,313,15.9925,0.000307661012404845
385,175,313,16,0.000128219500268873
385,175,312,4,0.00590486902598144
385,175,312,4.0075,0.00538887634282146
385,175,312,4.015,0.00604245125366818
385,175,312,4.0225,0.00468094307637987
385,175,312,4.03,0.00477275822030354
385,175,312,4.0375,0.00479069759797879
385,175,312,4.045,0.00394026609637191
385,175,312,4.0525,0.00402948002506431
385,175,312,4.06,0.00392544223500115
385,175,312,4.0675,0.00352217723328611
385,175,312,4.075,0.00373756922621195
385,175,312,4.0825,0.0038992832527129
385,175,312,4.09,0.00421867678233765
385,175,312,4.0975,0.00501352123589649
385,175,312,4.105,0.00486434394594406
385,175,312,4.1125,0.00428604397345352
385,175,312,4.12,0.00448795956738729
385,175,312,4.1275,0.00403190080968798
385,175,312,4.135,0.00395130510250072
385,175,312,4.1425,0.00425827256201646
385,175,312,4.15,0.00379128588575078
385,175,312,4.1575,0.00412412771526299
385,175,312,4.165,0.00467327062746501
385,175,312,4.1725,0.00463860718316529
385,175,312,4.18,0.00420684419234186
385,175,312,4.1875,0.00393728336774106
385,175,312,4.195,0.00344900003135745
385,175,312,4.2025,0.00397748878899073
385,175,312,4.21,0.00363455253095158
385,175,312,4.2175,0.00381290765442286
385,175,312,4.225,0.00376945555795836
385,175,312,4.2325,0.00354963125067297
385,175,312,4.24,0.00427282415206761
385,175,312,4.2475,0.00364731566755361
385,175,312,4.255,0.00254299730191549
385,175,312,4.2625,0.00338483499084621
385,175,312,4.27,0.00315928352489443
385,175,312,4.2775,0.00342768111848623
385,175,312,4.285,0.00338702619391038
385,175,312,4.2925,0.00394199080951117
385,175,312,4.3,0.0037132308328898
385,175,312,4.3075,0.00318592194337393
385,175,312,4.315,0.00288572656411745
385,175,312,4.3225,0.00303295632863518
385,175,312,4.33,0.00282253760799545
385,175,312,4.3375,0.00288684387162539
385,175,312,4.345,0.00217527792234696
385,175,312,4.3525,0.00207380698905336
385,175,312,4.36,0.00240040921368435
385,175,312,4.3675,0.0019878634041714
385,175,312,4.375,0.00156191795000325
385,175,312,4.3825,0.00136693194798085
385,175,312,4.39,0.00135534522293908
385,175,312,4.3975,0.0019385635233285
385,175,312,4.405,0.00195144709568652
385,175,312,4.4125,0.00187714600833151
385,175,312,4.42,0.00281719861172353
385,175,312,4.4275,0.00287947284068728
385,175,312,4.435,0.00304713550801324
385,175,312,4.4425,0.0029665943455377
385,175,312,4.45,0.00266720779243182
385,175,312,4.4575,0.00336324506483503
385,175,312,4.465,0.00365010085245398
385,175,312,4.4725,0.0037152902562708
385,175,312,4.48,0.00375288390111604
385,175,312,4.4875,0.00434724304634583
385,175,312,4.495,0.00410559091868481
385,175,312,4.5025,0.00360604632878996
385,175,312,4.51,0.00344063552501707
385,175,312,4.5175,0.00343094497932553
385,175,312,4.525,0.00373078666141998
385,175,312,4.5325,0.00399972721646607
385,175,312,4.54,0.00392033308382512
385,175,312,4.5475,0.0038440880872717
385,175,312,4.555,0.00394940250413781
385,175,312,4.5625,0.00319658788810044
385,175,312,4.57,0.00336065005867495
385,175,312,4.5775,0.00242703210423373
385,175,312,4.585,0.00249994032403577
385,175,312,4.5925,0.00228235248761965
385,175,312,4.6,0.00157568543929163
385,175,312,4.6075,0.00144953526575717
385,175,312,4.615,0.00141584360785628
385,175,312,4.6225,0.000906151691199622
385,175,312,4.63,0.000613339785804119
385,175,312,4.6375,0.000548459517366989
385,175,312,4.645,0.000910889152328116
385,175,312,4.6525,0.00129552034843532
385,175,312,4.66,0.0016220395606917
385,175,312,4.6675,0.00171614393776548
385,175,312,4.675,0.00174509933663156
385,175,312,4.6825,0.00202481685686266
385,175,312,4.69,0.00194222606467797
385,175,312,4.6975,0.00157468633572544
385,175,312,4.705,0.00226139542652791
385,175,312,4.7125,0.00181441821858918
385,175,312,4.72,0.00181313681717536
385,175,312,4.7275,0.00259500260936051
385,175,312,4.735,0.00249817193929728
385,175,312,4.7425,0.00249938009464926
385,175,312,4.75,0.00232248811671565
385,175,312,4.7575,0.00178618201147876
385,175,312,4.765,0.00220009089558684
385,175,312,4.7725,0.00273794719565344
385,175,312,4.78,0.00222743616175126
385,175,312,4.7875,0.00256012777565014
385,175,312,4.795,0.00199833780148877
385,175,312,4.8025,0.00196347001397732
385,175,312,4.81,0.00266929240114443
385,175,312,4.8175,0.00217114814373987
385,175,312,4.825,0.00266511725072773
385,175,312,4.8325,0.00196195669968624
385,175,312,4.84,0.00160206754143499
385,175,312,4.8475,0.00250529064120764
385,175,312,4.855,0.00172204816782269
385,175,312,4.8625,0.00177559942463699
385,175,312,4.87,0.0019585116430604
385,175,312,4.8775,0.00175490025900591
385,175,312,4.885,0.00194117755772498
385,175,312,4.8925,0.00165378865344424
385,175,312,4.9,0.00185204384616836
385,175,312,4.9075,0.00192081536971162
385,175,312,4.915,0.00116509172569338
385,175,312,4.9225,0.00161823600896992
385,175,312,4.93,0.0016319754678325
385,175,312,4.9375,0.00134521171976322
385,175,312,4.945,0.00162465645654004
385,175,312,4.9525,0.00112672357212212
385,175,312,4.96,0.00106147853148633
385,175,312,4.9675,0.00152429917815941
385,175,312,4.975,0.00101752886901654
385,175,312,4.9825,0.00124677510566983
385,175,312,4.99,0.00141745635267288
385,175,312,4.9975,0.00142515706395585
385,175,312,5.005,0.00162915173967083
385,175,312,5.0125,0.00180974022433534
385,175,312,5.02,0.00133335783416812
385,175,312,5.0275,0.00114156899059993
385,175,312,5.035,0.000502186076139056
385,175,312,5.0425,0.000620848301708515
385,175,312,5.05,0.00103794986127553
385,175,312,5.0575,0.000393040026914692
385,175,312,5.065,0.000441658201831412
385,175,312,5.0725,0.000910062692735132
385,175,312,5.08,0.00135980898609983
385,175,312,5.0875,0.00109165814024254
385,175,312,5.095,0.00148911359632158
385,175,312,5.1025,0.00161462124891122
385,175,312,5.11,0.00145356334907645
385,175,312,5.1175,0.00184432793486382
385,175,312,5.125,0.00149620632511907
385,175,312,5.1325,0.00184406703681851
385,175,312,5.14,0.00116191986360544
385,175,312,5.1475,0.000901485676970524
385,175,312,5.155,0.00142391807826924
385,175,312,5.1625,0.000997828849058724
385,175,312,5.17,0.00100069084952054
385,175,312,5.1775,0.000566559213481474
385,175,312,5.185,0.000964624256694756
385,175,312,5.1925,0.00118830790394423
385,175,312,5.2,0.00126993405199635
385,175,312,5.2075,0.00123849372400284
385,175,312,5.215,0.00133749355149988
385,175,312,5.2225,0.00110020780302103
385,175,312,5.23,0.00148841984976698
385,175,312,5.2375,0.00180942591389765
385,175,312,5.245,0.00221096703057934
385,175,312,5.2525,0.00239426558701147
385,175,312,5.26,0.00255763861463401
385,175,312,5.2675,0.00219297829036966
385,175,312,5.275,0.00242017780343028
385,175,312,5.2825,0.00185691670773669
385,175,312,5.29,0.00166595329217365
385,175,312,5.2975,0.00149091529614769
385,175,312,5.305,0.000948377851791005
385,175,312,5.3125,0.000635464252810031
385,175,312,5.32,0.00131280919271388
385,175,312,5.3275,0.00100294126974877
385,175,312,5.335,0.000856902661594651
385,175,312,5.3425,0.000773682727832532
385,175,312,5.35,0.000721475247831368
385,175,312,5.3575,0.000332246802044634
385,175,312,5.365,0.000872938516818426
385,175,312,5.3725,0.000575373578435379
385,175,312,5.38,0.00100632929551856
385,175,312,5.3875,0.000841980349200123
385,175,312,5.395,0.00119513023944702
385,175,312,5.4025,0.00112694511023861
385,175,312,5.41,0.00150179827327926
385,175,312,5.4175,0.00159332920972721
385,175,312,5.425,0.00179882883641573
385,175,312,5.4325,0.0023845725680873
385,175,312,5.44,0.002142519213842
385,175,312,5.4475,0.00251097913476804
385,175,312,5.455,0.00229905283640725
385,175,312,5.4625,0.00237379715303135
385,175,312,5.47,0.00291571506046216
385,175,312,5.4775,0.00251291282429698
385,175,312,5.485,0.00230934805125635
385,175,312,5.4925,0.00249540017132049
385,175,312,5.5,0.0029094181480635
385,175,312,5.5075,0.00259024734673644
385,175,312,5.515,0.00245597864869384
385,175,312,5.5225,0.00242180411693077
385,175,312,5.53,0.00218985811525942
385,175,312,5.5375,0.00170185842138081
385,175,312,5.545,0.00149485806443136
385,175,312,5.5525,0.0014990946448687
385,175,312,5.56,0.00110984799078646
385,175,312,5.5675,0.000996209870797423
385,175,312,5.575,0.00123267344259288
385,175,312,5.5825,0.00162877241487858
385,175,312,5.59,0.00172409345779709
385,175,312,5.5975,0.00097247916410499
385,175,312,5.605,0.00134572182974158
385,175,312,5.6125,0.00110945299558799
385,175,312,5.62,0.000817251139442217
385,175,312,5.6275,0.000733774557859514
385,175,312,5.635,0.000279604853343648
385,175,312,5.6425,0.000447886986371796
385,175,312,5.65,0.000247027870217214
385,175,312,5.6575,0.000388294371651558
385,175,312,5.665,0.000159754023504986
385,175,312,5.6725,0.000222292806159244
385,175,312,5.68,0.00054994814975461
385,175,312,5.6875,0.00126243132261755
385,175,312,5.695,0.0011717042557053
385,175,312,5.7025,0.00148811393069126
385,175,312,5.71,0.00189257956216943
385,175,312,5.7175,0.00209917572927663
385,175,312,5.725,0.00208149060260965
385,175,312,5.7325,0.00186146200253435
385,175,312,5.74,0.00195049029969794
385,175,312,5.7475,0.00193478514759589
385,175,312,5.755,0.00165380205754915
385,175,312,5.7625,0.00190273912300638
385,175,312,5.77,0.0018857365809419
385,175,312,5.7775,0.00251039695462263
385,175,312,5.785,0.0024226950606276
385,175,312,5.7925,0.00193301889628869
385,175,312,5.8,0.00170326742386631
385,175,312,5.8075,0.00201492916718277
385,175,312,5.815,0.00191135114987739
385,175,312,5.8225,0.00188729881509849
385,175,312,5.83,0.00171061599318489
385,175,312,5.8375,0.00190802152034249
385,175,312,5.845,0.00145059736100684
385,175,312,5.8525,0.00126210801704694
385,175,312,5.86,0.00142505062430213
385,175,312,5.8675,0.00106589014618842
385,175,312,5.875,0.000742749231526699
385,175,312,5.8825,0.000669848744225
385,175,312,5.89,0.0006811322997531
385,175,312,5.8975,0.00056204258619869
385,175,312,5.905,0.00135946763783987
385,175,312,5.9125,0.0010406311045459
385,175,312,5.92,0.00146392681149119
385,175,312,5.9275,0.000744743178073348
385,175,312,5.935,0.000990094312325906
385,175,312,5.9425,0.000790916750125583
385,175,312,5.95,0.000939249258130346
385,175,312,5.9575,0.000975758069516438
385,175,312,5.965,0.00133638138680388
385,175,312,5.9725,0.0011686982949843
385,175,312,5.98,0.00147586052550265
385,175,312,5.9875,0.00155174999529211
385,175,312,5.995,0.00139765538787
385,175,312,6.0025,0.00147631601933611
385,175,312,6.01,0.00120739245395977
385,175,312,6.0175,0.00104339408579896
385,175,312,6.025,0.000601142932413887
385,175,312,6.0325,0.000787811322537666
385,175,312,6.04,0.000398811427456297
385,175,312,6.0475,0.000944213696945287
385,175,312,6.055,0.000916498664519904
385,175,312,6.0625,0.000392008359721921
385,175,312,6.07,0.000692131467877727
385,175,312,6.0775,0.000620475361016907
385,175,312,6.085,0.0011623289266386
385,175,312,6.0925,0.00114269348142924
385,175,312,6.1,0.00107036059355348
385,175,312,6.1075,0.00127776981915711
385,175,312,6.115,0.00131220765250936
385,175,312,6.1225,0.000851302136190323
385,175,312,6.13,0.000932055887608923
385,175,312,6.1375,0.000950632446396446
385,175,312,6.145,0.00132746354167357
385,175,312,6.1525,0.00142221788841741
385,175,312,6.16,0.00185503462999676
385,175,312,6.1675,0.00170710530487559
385,175,312,6.175,0.00185893838265463
385,175,312,6.1825,0.0015644677350771
385,175,312,6.19,0.001031870208894
385,175,312,6.1975,0.0011460688507591
385,175,312,6.205,0.00177351013849679
385,175,312,6.2125,0.00187053974349265
385,175,312,6.22,0.00172708594316688
385,175,312,6.2275,0.00167751657380638
385,175,312,6.235,0.00134022033335053
385,175,312,6.2425,0.00137945710988865
385,175,312,6.25,0.00175949116476611
385,175,312,6.2575,0.00116606393959812
385,175,312,6.265,0.00128176583714595
385,175,312,6.2725,0.00116860595679405
385,175,312,6.28,0.00130286446232887
385,175,312,6.2875,0.00116289453789672
385,175,312,6.295,0.00128312230910654
385,175,312,6.3025,0.00127854842054584
385,175,312,6.31,0.000882056823193365
385,175,312,6.3175,0.000598197922198993
385,175,312,6.325,0.000939228058726902
385,175,312,6.3325,0.000883456457779559
385,175,312,6.34,0.00115659561216918
385,175,312,6.3475,0.0013512768928315
385,175,312,6.355,0.000745859798480067
385,175,312,6.3625,0.0007767744388091
385,175,312,6.37,0.00108405222562952
385,175,312,6.3775,0.00132648024615088
385,175,312,6.385,0.00150368551783833
385,175,312,6.3925,0.00140376395727175
385,175,312,6.4,0.00149334390148791
385,175,312,6.4075,0.00107101196910818
385,175,312,6.415,0.00074272774790808
385,175,312,6.4225,0.00106211772354624
385,175,312,6.43,0.00111365266069316
385,175,312,6.4375,0.00114496692229021
385,175,312,6.445,0.000917740022685754
385,175,312,6.4525,0.00167253215537304
385,175,312,6.46,0.00182168242114703
385,175,312,6.4675,0.00115650909176494
385,175,312,6.475,0.00246583337710407
385,175,312,6.4825,0.00185966946926584
385,175,312,6.49,0.00192221558907978
385,175,312,6.4975,0.00207177165846805
385,175,312,6.505,0.00214790392936724
385,175,312,6.5125,0.00210583480959995
385,175,312,6.52,0.0018367521827266
385,175,312,6.5275,0.00167597421479398
385,175,312,6.535,0.00240773896282499
385,175,312,6.5425,0.00221536485628145
385,175,312,6.55,0.00207597066350407
385,175,312,6.5575,0.00236736043033357
385,175,312,6.565,0.00228779952449775
385,175,312,6.5725,0.00220993691648956
385,175,312,6.58,0.00244454458405864
385,175,312,6.5875,0.00230731061292324
385,175,312,6.595,0.00198124995238607
385,175,312,6.6025,0.00187511228926698
385,175,312,6.61,0.00206561124511342
385,175,312,6.6175,0.00205475046305562
385,175,312,6.625,0.00232303067578613
385,175,312,6.6325,0.00165799603086141
385,175,312,6.64,0.000960511288369126
385,175,312,6.6475,0.000630475107760181
385,175,312,6.655,0.000929767680808113
385,175,312,6.6625,0.00061453191531184
385,175,312,6.67,0.000764087453665481
385,175,312,6.6775,0.000930991630621816
385,175,312,6.685,0.000903053975968525
385,175,312,6.6925,0.00160713317038191
385,175,312,6.7,0.00139802343557352
385,175,312,6.7075,0.00173359492833799
385,175,312,6.715,0.00233561693632976
385,175,312,6.7225,0.00215279577111493
385,175,312,6.73,0.00209318718056501
385,175,312,6.7375,0.00219212046640255
385,175,312,6.745,0.00218795773230117
385,175,312,6.7525,0.00235613289103214
385,175,312,6.76,0.00147515310607907
385,175,312,6.7675,0.00216285259108191
385,175,312,6.775,0.00220716871134632
385,175,312,6.7825,0.00175759525830068
385,175,312,6.79,0.00190970712003441
385,175,312,6.7975,0.00165592792683176
385,175,312,6.805,0.00156490539763257
385,175,312,6.8125,0.00181829259274346
385,175,312,6.82,0.00143358222010965
385,175,312,6.8275,0.00187049708018405
385,175,312,6.835,0.0016912212125129
385,175,312,6.8425,0.00179364033598808
385,175,312,6.85,0.002082940120171
385,175,312,6.8575,0.00192756805666806
385,175,312,6.865,0.00193116890721224
385,175,312,6.8725,0.00188621525631833
385,175,312,6.88,0.00197294994987149
385,175,312,6.8875,0.00197086651696675
385,175,312,6.895,0.00220096428888259
385,175,312,6.9025,0.00239873604034299
385,175,312,6.91,0.00304875038945703
385,175,312,6.9175,0.0030055708076487
385,175,312,6.925,0.00263343302545986
385,175,312,6.9325,0.00265332312717421
385,175,312,6.94,0.00233893391711517
385,175,312,6.9475,0.00288039967269634
385,175,312,6.955,0.00234745337483017
385,175,312,6.9625,0.00204700378249913
385,175,312,6.97,0.00210017412259979
385,175,312,6.9775,0.00212169005513527
385,175,312,6.985,0.00262037800601017
385,175,312,6.9925,0.00235213696619292
385,175,312,7,0.00224267148259696
385,175,312,7.0075,0.00219084957646852
385,175,312,7.015,0.00147930389384421
385,175,312,7.0225,0.0018161962957476
385,175,312,7.03,0.0014469179840384
385,175,312,7.0375,0.0017410672768606
385,175,312,7.045,0.00154427743747911
385,175,312,7.0525,0.0012716322431616
385,175,312,7.06,0.00151563498510567
385,175,312,7.0675,0.00195628782283831
385,175,312,7.075,0.00171119646755579
385,175,312,7.0825,0.00248976979897705
385,175,312,7.09,0.00314257393328593
385,175,312,7.0975,0.00276223010296852
385,175,312,7.105,0.00249144448120156
385,175,312,7.1125,0.00279846936529204
385,175,312,7.12,0.00293358324704122
385,175,312,7.1275,0.00301310508800362
385,175,312,7.135,0.00217146106304585
385,175,312,7.1425,0.00229096220212189
385,175,312,7.15,0.00191612271348136
385,175,312,7.1575,0.00230284318653239
385,175,312,7.165,0.00194701283022204
385,175,312,7.1725,0.00154796356572137
385,175,312,7.18,0.00113322494388065
385,175,312,7.1875,0.0014028610600746
385,175,312,7.195,0.00164081415097531
385,175,312,7.2025,0.00126260039981634
385,175,312,7.21,0.00152881204235426
385,175,312,7.2175,0.00210499633510878
385,175,312,7.225,0.0017993692548927
385,175,312,7.2325,0.00214981661718313
385,175,312,7.24,0.00238934885549079
385,175,312,7.2475,0.00304498282605791
385,175,312,7.255,0.00282906224165522
385,175,312,7.2625,0.00310920875266054
385,175,312,7.27,0.00299374473560748
385,175,312,7.2775,0.0031855189507698
385,175,312,7.285,0.00319469561558156
385,175,312,7.2925,0.00322612190171465
385,175,312,7.3,0.00341501526855055
385,175,312,7.3075,0.00290597776558002
385,175,312,7.315,0.0021468912355078
385,175,312,7.3225,0.00292715471898149
385,175,312,7.33,0.00249082718151454
385,175,312,7.3375,0.00202475790141546
385,175,312,7.345,0.00225379903061153
385,175,312,7.3525,0.00219707489446597
385,175,312,7.36,0.00252554665944769
385,175,312,7.3675,0.0027699118747085
385,175,312,7.375,0.00248514667788242
385,175,312,7.3825,0.0023818342672187
385,175,312,7.39,0.00243203432199591
385,175,312,7.3975,0.00197236026526302
385,175,312,7.405,0.00170832859993599
385,175,312,7.4125,0.00116894625173903
385,175,312,7.42,0.00147794485072729
385,175,312,7.4275,0.00108711662767461
385,175,312,7.435,0.00157758285675981
385,175,312,7.4425,0.00185311479162134
385,175,312,7.45,0.00240628773896148
385,175,312,7.4575,0.00231446381947725
385,175,312,7.465,0.00285152842903474
385,175,312,7.4725,0.00247847679465656
385,175,312,7.48,0.00251412028764238
385,175,312,7.4875,0.00258553489943223
385,175,312,7.495,0.00294589103499099
385,175,312,7.5025,0.0026818451389885
385,175,312,7.51,0.00255795402749441
385,175,312,7.5175,0.00268781219663948
385,175,312,7.525,0.00237103333276243
385,175,312,7.5325,0.0020158815725356
385,175,312,7.54,0.00251789150566183
385,175,312,7.5475,0.00198963007032583
385,175,312,7.555,0.00177901463076557
385,175,312,7.5625,0.00192831626050851
385,175,312,7.57,0.00169394408201184
385,175,312,7.5775,0.00196055667538148
385,175,312,7.585,0.00194720443950775
385,175,312,7.5925,0.00200456812394372
385,175,312,7.6,0.00259708895873307
385,175,312,7.6075,0.00255927927347353
385,175,312,7.615,0.00295366876000879
385,175,312,7.6225,0.00332219435699357
385,175,312,7.63,0.00288969299224221
385,175,312,7.6375,0.00314047385923601
385,175,312,7.645,0.0025739471271057
385,175,312,7.6525,0.0031197608719049
385,175,312,7.66,0.00316966452837616
385,175,312,7.6675,0.00284459483680455
385,175,312,7.675,0.00197537535933286
385,175,312,7.6825,0.00250616519616456
385,175,312,7.69,0.00221605228882792
385,175,312,7.6975,0.00198756279391544
385,175,312,7.705,0.00228187011520258
385,175,312,7.7125,0.0019300575549197
385,175,312,7.72,0.00210808330444669
385,175,312,7.7275,0.00218513436043383
385,175,312,7.735,0.00233606852479775
385,175,312,7.7425,0.00164976906427138
385,175,312,7.75,0.00209909654349052
385,175,312,7.7575,0.00208290877655042
385,175,312,7.765,0.00202074102950555
385,175,312,7.7725,0.0021127399284801
385,175,312,7.78,0.00201945499974515
385,175,312,7.7875,0.00180226568770226
385,175,312,7.795,0.00163017155206583
385,175,312,7.8025,0.00173109102380773
385,175,312,7.81,0.0017767088945261
385,175,312,7.8175,0.00215882359464803
385,175,312,7.825,0.00204961660227759
385,175,312,7.8325,0.00284834099918471
385,175,312,7.84,0.00266187359328501
385,175,312,7.8475,0.00310026052923854
385,175,312,7.855,0.00320135118235088
385,175,312,7.8625,0.0031349766111958
385,175,312,7.87,0.00277867724901311
385,175,312,7.8775,0.002297677621486
385,175,312,7.885,0.00298695501265739
385,175,312,7.8925,0.00247710416810843
385,175,312,7.9,0.00221766936294623
385,175,312,7.9075,0.00188840771551884
385,175,312,7.915,0.00158771137724452
385,175,312,7.9225,0.00141067033851581
385,175,312,7.93,0.00155623423489633
385,175,312,7.9375,0.00104648513757068
385,175,312,7.945,0.00211968957084968
385,175,312,7.9525,0.00171677677863504
385,175,312,7.96,0.00263898142703915
385,175,312,7.9675,0.00256430899964792
385,175,312,7.975,0.00223590231695955
385,175,312,7.9825,0.00245980328370061
385,175,312,7.99,0.00268917172494507
385,175,312,7.9975,0.00277201451083389
385,175,312,8.005,0.00311904295964547
385,175,312,8.0125,0.00383377682492109
385,175,312,8.02,0.00320322184609716
385,175,312,8.0275,0.00326706188107117
385,175,312,8.035,0.00331708618637297
385,175,312,8.0425,0.00325105924790635
385,175,312,8.05,0.00335783445154043
385,175,312,8.0575,0.00289739906521303
385,175,312,8.065,0.00285455156307789
385,175,312,8.0725,0.00310666236044612
385,175,312,8.08,0.00263744404058529
385,175,312,8.0875,0.00257557812963246
385,175,312,8.095,0.00261813746248855
385,175,312,8.1025,0.00258483835775526
385,175,312,8.11,0.00226264437742872
385,175,312,8.1175,0.00223971727823271
385,175,312,8.125,0.00219488537880472
385,175,312,8.1325,0.00196324362467725
385,175,312,8.14,0.00142362917865053
385,175,312,8.1475,0.00150290193411831
385,175,312,8.155,0.00134317099827289
385,175,312,8.1625,0.00207275520619305
385,175,312,8.17,0.00197918718287169
385,175,312,8.1775,0.00127406591265422
385,175,312,8.185,0.00270474635529611
385,175,312,8.1925,0.00203997686384104
385,175,312,8.2,0.00243517081339296
385,175,312,8.2075,0.00300663270485488
385,175,312,8.215,0.00277060972052917
385,175,312,8.2225,0.00280190406835076
385,175,312,8.23,0.00264226975342258
385,175,312,8.2375,0.00280944097628867
385,175,312,8.245,0.00224432553312597
385,175,312,8.2525,0.00255826320490109
385,175,312,8.26,0.00258151703716014
385,175,312,8.2675,0.00238576063676565
385,175,312,8.275,0.00210142204873005
385,175,312,8.2825,0.00192400206639154
385,175,312,8.29,0.00196036520636497
385,175,312,8.2975,0.00254744718364029
385,175,312,8.305,0.00200965819082266
385,175,312,8.3125,0.00200649161610066
385,175,312,8.32,0.0024637944097812
385,175,312,8.3275,0.00219719171728562
385,175,312,8.335,0.00257900055872043
385,175,312,8.3425,0.00329648450227012
385,175,312,8.35,0.00327486724716454
385,175,312,8.3575,0.00401952701977871
385,175,312,8.365,0.00411212280540203
385,175,312,8.3725,0.00400214288347472
385,175,312,8.38,0.00410063131350686
385,175,312,8.3875,0.00358646589481846
385,175,312,8.395,0.00348261434456695
385,175,312,8.4025,0.00332193665273106
385,175,312,8.41,0.00334012474131049
385,175,312,8.4175,0.0029146008336359
385,175,312,8.425,0.00271283586377963
385,175,312,8.4325,0.00262354753636847
385,175,312,8.44,0.00221719638901026
385,175,312,8.4475,0.00284323937926417
385,175,312,8.455,0.00233075831854901
385,175,312,8.4625,0.00173085703649081
385,175,312,8.47,0.00135749619164433
385,175,312,8.4775,0.00170161415923938
385,175,312,8.485,0.00180110786333663
385,175,312,8.4925,0.00151540504680098
385,175,312,8.5,0.00113606762259113
385,175,312,8.5075,0.000806844005713763
385,175,312,8.515,0.00206258478774679
385,175,312,8.5225,0.00181932365045203
385,175,312,8.53,0.00229282414490512
385,175,312,8.5375,0.00245510855923822
385,175,312,8.545,0.00228725354686567
385,175,312,8.5525,0.00322391671179587
385,175,312,8.56,0.00271768249477465
385,175,312,8.5675,0.00296447949571379
385,175,312,8.575,0.00333855529851245
385,175,312,8.5825,0.00296421485249674
385,175,312,8.59,0.00332725122165225
385,175,312,8.5975,0.00267864014475488
385,175,312,8.605,0.00234726608364165
385,175,312,8.6125,0.00262000759662926
385,175,312,8.62,0.00258252650525585
385,175,312,8.6275,0.00210709731803945
385,175,312,8.635,0.00267523560555077
385,175,312,8.6425,0.00231923822731192
385,175,312,8.65,0.0023363943249655
385,175,312,8.6575,0.00206200680067202
385,175,312,8.665,0.00186816267395482
385,175,312,8.6725,0.00161261795007304
385,175,312,8.68,0.00143361422287099
385,175,312,8.6875,0.0014337274351307
385,175,312,8.695,0.00213094649562187
385,175,312,8.7025,0.0021333856419731
385,175,312,8.71,0.0024616705069312
385,175,312,8.7175,0.00228576866311564
385,175,312,8.725,0.00235577808849838
385,175,312,8.7325,0.0030277103269499
385,175,312,8.74,0.0029375302779431
385,175,312,8.7475,0.00270908500892009
385,175,312,8.755,0.00307149619183433
385,175,312,8.7625,0.00283620729040483
385,175,312,8.77,0.00298450897290261
385,175,312,8.7775,0.0025135087428805
385,175,312,8.785,0.00249430531569453
385,175,312,8.7925,0.00277521499778457
385,175,312,8.8,0.00231798629595434
385,175,312,8.8075,0.00242762204515862
385,175,312,8.815,0.00183364185568975
385,175,312,8.8225,0.00189366777950532
385,175,312,8.83,0.00197173589360397
385,175,312,8.8375,0.00185719401136403
385,175,312,8.845,0.00191316310022451
385,175,312,8.8525,0.00140110575492692
385,175,312,8.86,0.00153676456450885
385,175,312,8.8675,0.00195819221863189
385,175,312,8.875,0.0019169915961472
385,175,312,8.8825,0.00160430849933322
385,175,312,8.89,0.00220547827185089
385,175,312,8.8975,0.00219349653040313
385,175,312,8.905,0.0019672089671603
385,175,312,8.9125,0.00222562293018735
385,175,312,8.92,0.00223881421154488
385,175,312,8.9275,0.00230612356859627
385,175,312,8.935,0.00188559102986879
385,175,312,8.9425,0.00195851485917875
385,175,312,8.95,0.00240939098308298
385,175,312,8.9575,0.00239632286286234
385,175,312,8.965,0.00226544261363123
385,175,312,8.9725,0.00230617121723107
385,175,312,8.98,0.0023767907242778
385,175,312,8.9875,0.00235215213786988
385,175,312,8.995,0.00238974898897604
385,175,312,9.0025,0.00246173926955961
385,175,312,9.01,0.0025516490735306
385,175,312,9.0175,0.00208451012068899
385,175,312,9.025,0.00255055888836291
385,175,312,9.0325,0.00239071995416537
385,175,312,9.04,0.00234024218330929
385,175,312,9.0475,0.00209564904728907
385,175,312,9.055,0.00156820733878964
385,175,312,9.0625,0.00187503108686201
385,175,312,9.07,0.00222674412754403
385,175,312,9.0775,0.00186637795262488
385,175,312,9.085,0.00256077596232696
385,175,312,9.0925,0.00266883213052772
385,175,312,9.1,0.00269808613096656
385,175,312,9.1075,0.00253526755841103
385,175,312,9.115,0.00264373748457082
385,175,312,9.1225,0.00269598175762273
385,175,312,9.13,0.00357984862948743
385,175,312,9.1375,0.00309400533437521
385,175,312,9.145,0.00278152674329221
385,175,312,9.1525,0.002800541459487
385,175,312,9.16,0.00271917324639335
385,175,312,9.1675,0.00281502611765973
385,175,312,9.175,0.00215717618729892
385,175,312,9.1825,0.00263680430146896
385,175,312,9.19,0.00208251993051514
385,175,312,9.1975,0.00226548662294207
385,175,312,9.205,0.00188847567068299
385,175,312,9.2125,0.00167177844753341
385,175,312,9.22,0.00103536950523946
385,175,312,9.2275,0.00118967265016844
385,175,312,9.235,0.00185683403988517
385,175,312,9.2425,0.00103233990363155
385,175,312,9.25,0.00145611788781212
385,175,312,9.2575,0.00108697768050395
385,175,312,9.265,0.00197942357176966
385,175,312,9.2725,0.00144882463229843
385,175,312,9.28,0.00180282478781841
385,175,312,9.2875,0.0016405638380762
385,175,312,9.295,0.00209868817689642
385,175,312,9.3025,0.00224103996351089
385,175,312,9.31,0.00213747277126403
385,175,312,9.3175,0.00216330169194107
385,175,312,9.325,0.00233403544987029
385,175,312,9.3325,0.0021731638133003
385,175,312,9.34,0.00194035953805147
385,175,312,9.3475,0.00288851263892051
385,175,312,9.355,0.00208207768393217
385,175,312,9.3625,0.00242762657945808
385,175,312,9.37,0.00193824357664915
385,175,312,9.3775,0.00201769539444075
385,175,312,9.385,0.00233424031324451
385,175,312,9.3925,0.00179872368422636
385,175,312,9.4,0.00208620363026033
385,175,312,9.4075,0.00212453396520128
385,175,312,9.415,0.00169637878772542
385,175,312,9.4225,0.001928839528054
385,175,312,9.43,0.00199196841537294
385,175,312,9.4375,0.00183455069919452
385,175,312,9.445,0.00224381170375438
385,175,312,9.4525,0.00262291463447124
385,175,312,9.46,0.00217400961383745
385,175,312,9.4675,0.00212782088911463
385,175,312,9.475,0.00241384308470216
385,175,312,9.4825,0.00192290727115889
385,175,312,9.49,0.00217716608230928
385,175,312,9.4975,0.0025010299826979
385,175,312,9.505,0.00238801214720059
385,175,312,9.5125,0.00286483330538217
385,175,312,9.52,0.00223041462933624
385,175,312,9.5275,0.00236737470488783
385,175,312,9.535,0.0021492831007228
385,175,312,9.5425,0.00188767715745374
385,175,312,9.55,0.0017554672850754
385,175,312,9.5575,0.0017853006761276
385,175,312,9.565,0.0015932477238715
385,175,312,9.5725,0.00125407903788387
385,175,312,9.58,0.000908791599376206
385,175,312,9.5875,0.000691362734246689
385,175,312,9.595,0.00104419397626423
385,175,312,9.6025,0.00123217413701965
385,175,312,9.61,0.00125842157137669
385,175,312,9.6175,0.00144600958361148
385,175,312,9.625,0.0017828195516793
385,175,312,9.6325,0.00174476293363468
385,175,312,9.64,0.00236273586515923
385,175,312,9.6475,0.00181372441159497
385,175,312,9.655,0.00219248917080813
385,175,312,9.6625,0.00254477289422986
385,175,312,9.67,0.00229326516262504
385,175,312,9.6775,0.00158268019123467
385,175,312,9.685,0.00208785079256001
385,175,312,9.6925,0.00196855120686106
385,175,312,9.7,0.00182344104076552
385,175,312,9.7075,0.00192417288210767
385,175,312,9.715,0.0019533872208469
385,175,312,9.7225,0.00203574767434691
385,175,312,9.73,0.00185643603255762
385,175,312,9.7375,0.00209216145866468
385,175,312,9.745,0.00194976691751554
385,175,312,9.7525,0.00160910804501898
385,175,312,9.76,0.00219443091547662
385,175,312,9.7675,0.00201493730853846
385,175,312,9.775,0.00106689849217506
385,175,312,9.7825,0.00167068125163636
385,175,312,9.79,0.00195039904466658
385,175,312,9.7975,0.0012361820765963
385,175,312,9.805,0.0021873470587725
385,175,312,9.8125,0.00222829767798992
385,175,312,9.82,0.00213112029704783
385,175,312,9.8275,0.0021439126395333
385,175,312,9.835,0.00248770486780766
385,175,312,9.8425,0.00273334482853148
385,175,312,9.85,0.00250015522583921
385,175,312,9.8575,0.00276886923182541
385,175,312,9.865,0.00296682850834616
385,175,312,9.8725,0.00311562497251068
385,175,312,9.88,0.00296626559366005
385,175,312,9.8875,0.00318681257163107
385,175,312,9.895,0.00244019239159911
385,175,312,9.9025,0.00206189146090743
385,175,312,9.91,0.00253142693473577
385,175,312,9.9175,0.00219942552481172
385,175,312,9.925,0.00136823401227423
385,175,312,9.9325,0.00123562256002599
385,175,312,9.94,0.00150000840203252
385,175,312,9.9475,0.000803479627660093
385,175,312,9.955,0.00083876055907811
385,175,312,9.9625,0.00113024662718226
385,175,312,9.97,0.000945685229572114
385,175,312,9.9775,0.00117456855943362
385,175,312,9.985,0.00156728781758653
385,175,312,9.9925,0.00168316957304813
385,175,312,10,0.00185634161412544
385,175,312,10.0075,0.00222316956526308
385,175,312,10.015,0.00219640453994591
385,175,312,10.0225,0.00199724334230702
385,175,312,10.03,0.00203623507242028
385,175,312,10.0375,0.00211332927404807
385,175,312,10.045,0.00233457956799133
385,175,312,10.0525,0.00233208792458217
385,175,312,10.06,0.00206420546788531
385,175,312,10.0675,0.00261962579319593
385,175,312,10.075,0.00261652774177954
385,175,312,10.0825,0.00228712514542387
385,175,312,10.09,0.00239698201010687
385,175,312,10.0975,0.00238173439774757
385,175,312,10.105,0.00229921486463201
385,175,312,10.1125,0.00192947077877072
385,175,312,10.12,0.00252062466926383
385,175,312,10.1275,0.00186755814095114
385,175,312,10.135,0.00190642898240077
385,175,312,10.1425,0.00201324170122783
385,175,312,10.15,0.00180400493014092
385,175,312,10.1575,0.00198608856075238
385,175,312,10.165,0.00150000940067819
385,175,312,10.1725,0.0015879148999189
385,175,312,10.18,0.00139836389014757
385,175,312,10.1875,0.00113037086137309
385,175,312,10.195,0.0019496938355493
385,175,312,10.2025,0.00171673118478522
385,175,312,10.21,0.00187423342967216
385,175,312,10.2175,0.00208856889905046
385,175,312,10.225,0.00229784415667619
385,175,312,10.2325,0.00214691677057147
385,175,312,10.24,0.00236061830543608
385,175,312,10.2475,0.00208300033473489
385,175,312,10.255,0.00247889043347878
385,175,312,10.2625,0.00182621476632735
385,175,312,10.27,0.00152178340793578
385,175,312,10.2775,0.00184412575036241
385,175,312,10.285,0.0014664637616332
385,175,312,10.2925,0.0012161594873333
385,175,312,10.3,0.000959630808910902
385,175,312,10.3075,0.000887545000254058
385,175,312,10.315,0.000672741219063553
385,175,312,10.3225,0.000916539193292065
385,175,312,10.33,0.000409520071349834
385,175,312,10.3375,0.000949358149004276
385,175,312,10.345,0.00127029283518286
385,175,312,10.3525,0.00158549647439487
385,175,312,10.36,0.00133657157347098
385,175,312,10.3675,0.00179057239484724
385,175,312,10.375,0.00159082551898827
385,175,312,10.3825,0.00125271544825002
385,175,312,10.39,0.00126675033499124
385,175,312,10.3975,0.0015020292280869
385,175,312,10.405,0.00206361780671076
385,175,312,10.4125,0.00197347923752031
385,175,312,10.42,0.00189514716595553
385,175,312,10.4275,0.00145430986710104
385,175,312,10.435,0.00146726746924251
385,175,312,10.4425,0.00184159630824928
385,175,312,10.45,0.00174615801358065
385,175,312,10.4575,0.00112486589487975
385,175,312,10.465,0.00159198088389
385,175,312,10.4725,0.00153421182092697
385,175,312,10.48,0.00100587220459315
385,175,312,10.4875,0.00142391185474957
385,175,312,10.495,0.00158996345271269
385,175,312,10.5025,0.00118042377295192
385,175,312,10.51,0.000981296792253804
385,175,312,10.5175,0.000429225723895082
385,175,312,10.525,0.00109553037198732
385,175,312,10.5325,0.000920667341806286
385,175,312,10.54,0.00132562737795285
385,175,312,10.5475,0.00129863498597135
385,175,312,10.555,0.00122892250998536
385,175,312,10.5625,0.00133839945484354
385,175,312,10.57,0.00170600003258591
385,175,312,10.5775,0.00108425481360679
385,175,312,10.585,0.00178871653786595
385,175,312,10.5925,0.00142052377151074
385,175,312,10.6,0.0013066467499989
385,175,312,10.6075,0.00152331603997537
385,175,312,10.615,0.0016997499727853
385,175,312,10.6225,0.00165490496906275
385,175,312,10.63,0.00138818190874406
385,175,312,10.6375,0.00151132168690375
385,175,312,10.645,0.00088568635028221
385,175,312,10.6525,0.000729701160320818
385,175,312,10.66,0.00110090469503837
385,175,312,10.6675,0.000801238432368984
385,175,312,10.675,0.000700114227402987
385,175,312,10.6825,0.00112096945224979
385,175,312,10.69,0.000703642474753774
385,175,312,10.6975,0.000929857469273234
385,175,312,10.705,0.00114393441310801
385,175,312,10.7125,0.000571688191029249
385,175,312,10.72,0.000864200513955669
385,175,312,10.7275,0.00056937908625237
385,175,312,10.735,0.000892102346891896
385,175,312,10.7425,0.00128952584791141
385,175,312,10.75,0.00149517963103935
385,175,312,10.7575,0.00168636301212167
385,175,312,10.765,0.000833315628858141
385,175,312,10.7725,0.00112967345299819
385,175,312,10.78,0.00145863983279872
385,175,312,10.7875,0.00118090729538733
385,175,312,10.795,0.00116951784794129
385,175,312,10.8025,0.00136897319691338
385,175,312,10.81,0.00168725690510705
385,175,312,10.8175,0.00131403149740523
385,175,312,10.825,0.00118783366085647
385,175,312,10.8325,0.0014661053332055
385,175,312,10.84,0.00119743137634262
385,175,312,10.8475,0.00168581105984425
385,175,312,10.855,0.00139894623351136
385,175,312,10.8625,0.00166645607838324
385,175,312,10.87,0.00168921569059332
385,175,312,10.8775,0.00165480791276505
385,175,312,10.885,0.001308518381136
385,175,312,10.8925,0.00139072238334324
385,175,312,10.9,0.00173160147194022
385,175,312,10.9075,0.00126859541484007
385,175,312,10.915,0.00112719481834298
385,175,312,10.9225,0.00160856012105001
385,175,312,10.93,0.00150862880787183
385,175,312,10.9375,0.00139384865338456
385,175,312,10.945,0.00142240775962678
385,175,312,10.9525,0.00136075869316196
385,175,312,10.96,0.00129739912769046
385,175,312,10.9675,0.00119774634303347
385,175,312,10.975,0.00116581450693744
385,175,312,10.9825,0.000661190351469217
385,175,312,10.99,0.000888367492671953
385,175,312,10.9975,0.000909591229839092
385,175,312,11.005,0.000528037295190976
385,175,312,11.0125,0.000612128933190599
385,175,312,11.02,0.00036520347312614
385,175,312,11.0275,0.000403339116901265
385,175,312,11.035,0.000381940312018817
385,175,312,11.0425,0.000813274685500514
385,175,312,11.05,0.000556039313398093
385,175,312,11.0575,0.000845445385267209
385,175,312,11.065,0.00106945515703155
385,175,312,11.0725,0.000398830703292312
385,175,312,11.08,0.00131332740561975
385,175,312,11.0875,0.000701907849070253
385,175,312,11.095,0.00145064967081437
385,175,312,11.1025,0.00128182413904253
385,175,312,11.11,0.0015405368818526
385,175,312,11.1175,0.00166565470256739
385,175,312,11.125,0.00155469027054032
385,175,312,11.1325,0.00214705242318606
385,175,312,11.14,0.00209590545202375
385,175,312,11.1475,0.0017098212508674
385,175,312,11.155,0.00147779846473924
385,175,312,11.1625,0.0012803460381085
385,175,312,11.17,0.00119386854047
385,175,312,11.1775,0.00154623510262988
385,175,312,11.185,0.00159296184218691
385,175,312,11.1925,0.00188694134444222
385,175,312,11.2,0.00192013542437083
385,175,312,11.2075,0.0012626721518008
385,175,312,11.215,0.00147556663333268
385,175,312,11.2225,0.000939429321173475
385,175,312,11.23,0.00150104641179601
385,175,312,11.2375,0.00113366533674399
385,175,312,11.245,0.00106434072631316
385,175,312,11.2525,0.00105833354548065
385,175,312,11.26,0.00043568249865418
385,175,312,11.2675,0.000457815830347759
385,175,312,11.275,0.000486774739762249
385,175,312,11.2825,0.000896988228141358
385,175,312,11.29,0.00113886323477951
385,175,312,11.2975,0.00113308089520073
385,175,312,11.305,0.00136367315411581
385,175,312,11.3125,0.00127760228918239
385,175,312,11.32,0.00141419774778393
385,175,312,11.3275,0.00136489197327005
385,175,312,11.335,0.00131462944550944
385,175,312,11.3425,0.00124426551042431
385,175,312,11.35,0.0014082778150702
385,175,312,11.3575,0.000931096193452421
385,175,312,11.365,0.00108611170526643
385,175,312,11.3725,0.0010159352759857
385,175,312,11.38,0.0013177735593941
385,175,312,11.3875,0.00111470556259737
385,175,312,11.395,0.00116070385712916
385,175,312,11.4025,0.00169495766275438
385,175,312,11.41,0.00112278575739054
385,175,312,11.4175,0.00157593159659748
385,175,312,11.425,0.000716986124259965
385,175,312,11.4325,0.00103413385365051
385,175,312,11.44,0.000863413145798943
385,175,312,11.4475,0.00128848267979667
385,175,312,11.455,0.00168553844928003
385,175,312,11.4625,0.00102192845178807
385,175,312,11.47,0.00139923480322773
385,175,312,11.4775,0.000888980153582858
385,175,312,11.485,0.00126155563387126
385,175,312,11.4925,0.000950556101531557
385,175,312,11.5,0.000697367510548061
385,175,312,11.5075,0.00128431614534347
385,175,312,11.515,0.00166260614038411
385,175,312,11.5225,0.001492634219701
385,175,312,11.53,0.00187423799392223
385,175,312,11.5375,0.00237161917452563
385,175,312,11.545,0.0019011990513012
385,175,312,11.5525,0.00175689369755682
385,175,312,11.56,0.00160388339842348
385,175,312,11.5675,0.00153004674337181
385,175,312,11.575,0.00154084176008671
385,175,312,11.5825,0.00123028095345267
385,175,312,11.59,0.0014698892863546
385,175,312,11.5975,0.00150567562778629
385,175,312,11.605,0.00089108432834683
385,175,312,11.6125,0.000843033959143571
385,175,312,11.62,0.00128821921146308
385,175,312,11.6275,0.000942681675712178
385,175,312,11.635,0.00117974868155074
385,175,312,11.6425,0.00097742331629182
385,175,312,11.65,0.0012854186722562
385,175,312,11.6575,0.00143706998193
385,175,312,11.665,0.0015417378153915
385,175,312,11.6725,0.00153988423103883
385,175,312,11.68,0.00155264269014716
385,175,312,11.6875,0.00157183413923299
385,175,312,11.695,0.00155947136867744
385,175,312,11.7025,0.00130942929434923
385,175,312,11.71,0.00131470208526263
385,175,312,11.7175,0.00142580931987545
385,175,312,11.725,0.00128731748089947
385,175,312,11.7325,0.00125302648109855
385,175,312,11.74,0.00111600209713995
385,175,312,11.7475,0.000915473073759151
385,175,312,11.755,0.000731037759567423
385,175,312,11.7625,0.000648158104203562
385,175,312,11.77,0.000976117338192506
385,175,312,11.7775,0.000944664580994195
385,175,312,11.785,0.00075686404066863
385,175,312,11.7925,0.000683696320447646
385,175,312,11.8,0.000785837585023963
385,175,312,11.8075,0.000364641495781292
385,175,312,11.815,0.0012237630725068
385,175,312,11.8225,0.00140984674538194
385,175,312,11.83,0.00133356045646506
385,175,312,11.8375,0.00156813587434961
385,175,312,11.845,0.00162150311201865
385,175,312,11.8525,0.00128450886445558
385,175,312,11.86,0.00153262827281368
385,175,312,11.8675,0.00161074147258242
385,175,312,11.875,0.00163431088006361
385,175,312,11.8825,0.00141899217504186
385,175,312,11.89,0.00163726101669511
385,175,312,11.8975,0.00190722570857822
385,175,312,11.905,0.00219257737803634
385,175,312,11.9125,0.00174894399437957
385,175,312,11.92,0.0018713891600691
385,175,312,11.9275,0.00189267362144481
385,175,312,11.935,0.00177377496166182
385,175,312,11.9425,0.00142394628930295
385,175,312,11.95,0.00138127897848994
385,175,312,11.9575,0.00201011601394404
385,175,312,11.965,0.00135795662130157
385,175,312,11.9725,0.00135289365593791
385,175,312,11.98,0.00131403877063955
385,175,312,11.9875,0.000683952457576391
385,175,312,11.995,0.000820602388990381
385,175,312,12.0025,0.000492396457630511
385,175,312,12.01,0.000513197955752946
385,175,312,12.0175,0.000568219948687346
385,175,312,12.025,0.000826367816466379
385,175,312,12.0325,0.000621184731723118
385,175,312,12.04,0.000276728873798593
385,175,312,12.0475,0.000853623832612445
385,175,312,12.055,0.000266867108550505
385,175,312,12.0625,0.000506770048637276
385,175,312,12.07,0.000466430564029309
385,175,312,12.0775,0.000885734246184991
385,175,312,12.085,0.000876322038713843
385,175,312,12.0925,0.00109614587385224
385,175,312,12.1,0.00130369073326608
385,175,312,12.1075,0.000921800263174145
385,175,312,12.115,0.00158141074032606
385,175,312,12.1225,0.00126339457737289
385,175,312,12.13,0.00177025760125138
385,175,312,12.1375,0.00136319417197726
385,175,312,12.145,0.00171127076519745
385,175,312,12.1525,0.00115318437998983
385,175,312,12.16,0.00141588415133219
385,175,312,12.1675,0.00151733638961854
385,175,312,12.175,0.00103635768798455
385,175,312,12.1825,0.00106573035635223
385,175,312,12.19,0.00117112662774182
385,175,312,12.1975,0.00120823972468819
385,175,312,12.205,0.00147511441523099
385,175,312,12.2125,0.00119981493433864
385,175,312,12.22,0.000711796038972875
385,175,312,12.2275,0.00108226578715273
385,175,312,12.235,0.00107830905253007
385,175,312,12.2425,0.00133101196031894
385,175,312,12.25,0.00160391133232294
385,175,312,12.2575,0.00134482941665659
385,175,312,12.265,0.00142910753071488
385,175,312,12.2725,0.00104339050117716
385,175,312,12.28,0.000917105677156169
385,175,312,12.2875,0.00127255429867093
385,175,312,12.295,0.00101049819951339
385,175,312,12.3025,0.000906871685082203
385,175,312,12.31,0.00131070018312212
385,175,312,12.3175,0.00146294345268429
385,175,312,12.325,0.0006941796250171
385,175,312,12.3325,0.000829042683352675
385,175,312,12.34,0.000943574353367449
385,175,312,12.3475,0.000727578675619608
385,175,312,12.355,0.000682810838410567
385,175,312,12.3625,0.000925519923423098
385,175,312,12.37,0.000766524786417143
385,175,312,12.3775,0.000406544750761416
385,175,312,12.385,0.000918145549862305
385,175,312,12.3925,0.000595732192944582
385,175,312,12.4,0.00111484261127291
385,175,312,12.4075,0.0007820182709066
385,175,312,12.415,0.000820347177883782
385,175,312,12.4225,0.00130107319306193
385,175,312,12.43,0.000943652797832517
385,175,312,12.4375,0.00154318229299373
385,175,312,12.445,0.0013953488934267
385,175,312,12.4525,0.00155689047680127
385,175,312,12.46,0.0009654087207363
385,175,312,12.4675,0.00131157586195178
385,175,312,12.475,0.000847236453644435
385,175,312,12.4825,0.000850583917646258
385,175,312,12.49,0.000924166021847335
385,175,312,12.4975,0.001101828581151
385,175,312,12.505,0.000579544547536905
385,175,312,12.5125,0.000471650761401268
385,175,312,12.52,0.000588547383211241
385,175,312,12.5275,0.000505114159184345
385,175,312,12.535,0.000309120773267524
385,175,312,12.5425,0.000307862197406628
385,175,312,12.55,0.000690229654076464
385,175,312,12.5575,0.00110444689959617
385,175,312,12.565,0.000899885796292776
385,175,312,12.5725,0.00115732590444978
385,175,312,12.58,0.000785151994802599
385,175,312,12.5875,0.00129088906942157
385,175,312,12.595,0.0011281683578691
385,175,312,12.6025,0.00130254437265577
385,175,312,12.61,0.00151899262416444
385,175,312,12.6175,0.00164592306527009
385,175,312,12.625,0.00128104398556922
385,175,312,12.6325,0.00109789879370964
385,175,312,12.64,0.0015608765109738
385,175,312,12.6475,0.00224596279916785
385,175,312,12.655,0.00122733937632146
385,175,312,12.6625,0.00121994423312221
385,175,312,12.67,0.00151345235773816
385,175,312,12.6775,0.00136283584315523
385,175,312,12.685,0.00157421966534129
385,175,312,12.6925,0.00137775994813908
385,175,312,12.7,0.00167309791587825
385,175,312,12.7075,0.000986247692987786
385,175,312,12.715,0.00121796834565449
385,175,312,12.7225,0.00111489668933519
385,175,312,12.73,0.00117665721727553
385,175,312,12.7375,0.000784924617976659
385,175,312,12.745,0.000470783300521859
385,175,312,12.7525,0.00076822662278533
385,175,312,12.76,6.26841274415703e-05
385,175,312,12.7675,0.000334922953176198
385,175,312,12.775,0.000255052845248699
385,175,312,12.7825,0.000384131620521874
385,175,312,12.79,0.000577417467743325
385,175,312,12.7975,0.00035859714270735
385,175,312,12.805,0.000243389869680974
385,175,312,12.8125,0.000669152439617457
385,175,312,12.82,0.000768070259423909
385,175,312,12.8275,0.000350414874914173
385,175,312,12.835,0.000386146288288511
385,175,312,12.8425,0.000288688198640868
385,175,312,12.85,0.000670018898511924
385,175,312,12.8575,0.000425233648510754
385,175,312,12.865,0.000749151344301019
385,175,312,12.8725,0.000768272058774457
385,175,312,12.88,0.000818348071795434
385,175,312,12.8875,0.000638358603387015
385,175,312,12.895,0.000770525228218802
385,175,312,12.9025,0.000762962156613239
385,175,312,12.91,0.00100340126015332
385,175,312,12.9175,0.00145537374998326
385,175,312,12.925,0.00105930650197993
385,175,312,12.9325,0.000984679120868887
385,175,312,12.94,0.00131974228552734
385,175,312,12.9475,0.00101516550163879
385,175,312,12.955,0.00140411690907015
385,175,312,12.9625,0.00144211584890356
385,175,312,12.97,0.00141439732526837
385,175,312,12.9775,0.0011358770536874
385,175,312,12.985,0.00106097253572776
385,175,312,12.9925,0.00110401648084439
385,175,312,13,0.000655900805977621
385,175,312,13.0075,0.00104079629209814
385,175,312,13.015,0.000685783847198909
385,175,312,13.0225,0.000904916192620835
385,175,312,13.03,0.000943075311468867
385,175,312,13.0375,0.00107123550358723
385,175,312,13.045,0.000418798213889659
385,175,312,13.0525,0.000640149347428956
385,175,312,13.06,0.00023340580396106
385,175,312,13.0675,0.000443014490655895
385,175,312,13.075,0.000426451152717459
385,175,312,13.0825,0.000221711565230753
385,175,312,13.09,0.000412401459327114
385,175,312,13.0975,0.000451803166174864
385,175,312,13.105,7.19708833761213e-05
385,175,312,13.1125,0.000343130770734888
385,175,312,13.12,0.000497071373125644
385,175,312,13.1275,0.000418672072001058
385,175,312,13.135,0.000884561282024803
385,175,312,13.1425,0.000720103600720431
385,175,312,13.15,0.00123586075936035
385,175,312,13.1575,0.00141295810101521
385,175,312,13.165,0.000708095534972114
385,175,312,13.1725,0.00181782608277375
385,175,312,13.18,0.00108598766350118
385,175,312,13.1875,0.00156686786251935
385,175,312,13.195,0.00183571173908664
385,175,312,13.2025,0.00107370335289727
385,175,312,13.21,0.00131057963855137
385,175,312,13.2175,0.00132661322429084
385,175,312,13.225,0.000878747828704058
385,175,312,13.2325,0.000624534072743184
385,175,312,13.24,0.00087725357581976
385,175,312,13.2475,0.000793670437478413
385,175,312,13.255,0.000601936648878129
385,175,312,13.2625,0.00104486745430871
385,175,312,13.27,0.000566578995194445
385,175,312,13.2775,0.000599460283007565
385,175,312,13.285,0.000270570956644061
385,175,312,13.2925,0.000713249821086192
385,175,312,13.3,0.000688109163695941
385,175,312,13.3075,0.000799549237183569
385,175,312,13.315,0.000860114467720817
385,175,312,13.3225,0.000823607340118771
385,175,312,13.33,0.000951727602150911
385,175,312,13.3375,0.00078894321734659
385,175,312,13.345,0.00100004277162828
385,175,312,13.3525,0.00110390428932304
385,175,312,13.36,0.00134913398292472
385,175,312,13.3675,0.00102294287310986
385,175,312,13.375,0.00108532737903808
385,175,312,13.3825,0.00182318133223258
385,175,312,13.39,0.00134274065322959
385,175,312,13.3975,0.00137551249000699
385,175,312,13.405,0.00141413558728021
385,175,312,13.4125,0.00122215679587047
385,175,312,13.42,0.000626497535284552
385,175,312,13.4275,0.000801512581654137
385,175,312,13.435,0.00136952692588274
385,175,312,13.4425,0.000837344855097874
385,175,312,13.45,0.000834688203412033
385,175,312,13.4575,0.000893932985211654
385,175,312,13.465,0.000698861148593692
385,175,312,13.4725,0.000415167295856303
385,175,312,13.48,0.000513631517006559
385,175,312,13.4875,0.000780156809801941
385,175,312,13.495,0.000393252728648718
385,175,312,13.5025,0.000770291010055332
385,175,312,13.51,0.000416124167200941
385,175,312,13.5175,0.000849716682143271
385,175,312,13.525,0.000862164538578738
385,175,312,13.5325,0.000509941087786406
385,175,312,13.54,0.000617835907045266
385,175,312,13.5475,0.000758716821357053
385,175,312,13.555,0.00108099320626773
385,175,312,13.5625,0.00125798147393089
385,175,312,13.57,0.00151647508835361
385,175,312,13.5775,0.00117980267976635
385,175,312,13.585,0.000956480015479226
385,175,312,13.5925,0.000770205262346797
385,175,312,13.6,0.000564447814433924
385,175,312,13.6075,0.000717742324618895
385,175,312,13.615,0.000819215894765297
385,175,312,13.6225,0.00083765025149208
385,175,312,13.63,0.000967019783603608
385,175,312,13.6375,0.00100161914466748
385,175,312,13.645,0.000801971728921811
385,175,312,13.6525,0.00115321200291737
385,175,312,13.66,0.00100144171087759
385,175,312,13.6675,0.0012323120602772
385,175,312,13.675,0.00147741096086331
385,175,312,13.6825,0.00100892429175438
385,175,312,13.69,0.00127449936984222
385,175,312,13.6975,0.00120947339796185
385,175,312,13.705,0.00155044522730113
385,175,312,13.7125,0.00120070710445606
385,175,312,13.72,0.00165512576966675
385,175,312,13.7275,0.00131849170535807
385,175,312,13.735,0.0012042411604326
385,175,312,13.7425,0.00151935105284776
385,175,312,13.75,0.000845195610892765
385,175,312,13.7575,0.00130325767758357
385,175,312,13.765,0.00136731786884782
385,175,312,13.7725,0.000570511832937706
385,175,312,13.78,0.000834619197013829
385,175,312,13.7875,0.000639058056090868
385,175,312,13.795,0.000299617361858414
385,175,312,13.8025,0.000648805677448037
385,175,312,13.81,0.00039795094730806
385,175,312,13.8175,0.000681707396312356
385,175,312,13.825,0.00050111612703727
385,175,312,13.8325,9.20165425775213e-05
385,175,312,13.84,0.000195353952231979
385,175,312,13.8475,0.000874682732627387
385,175,312,13.855,0.00101946276655029
385,175,312,13.8625,0.000650614835142165
385,175,312,13.87,0.00103286519236733
385,175,312,13.8775,0.00116063183254413
385,175,312,13.885,0.00126770379847169
385,175,312,13.8925,0.00169132299014963
385,175,312,13.9,0.000925407406411147
385,175,312,13.9075,0.0012558037545502
385,175,312,13.915,0.00105138280305376
385,175,312,13.9225,0.00159654917475936
385,175,312,13.93,0.00111062280570564
385,175,312,13.9375,0.000901751843039835
385,175,312,13.945,0.00160719470596546
385,175,312,13.9525,0.00118358193968162
385,175,312,13.96,0.00154286324459078
385,175,312,13.9675,0.00108354543714111
385,175,312,13.975,0.00149980063527789
385,175,312,13.9825,0.00153231486448394
385,175,312,13.99,0.00106064013710134
385,175,312,13.9975,0.000844770732473045
385,175,312,14.005,0.00093553807775156
385,175,312,14.0125,0.00113279160984224
385,175,312,14.02,0.000826934670861228
385,175,312,14.0275,0.000706737450652141
385,175,312,14.035,0.000932604891122203
385,175,312,14.0425,0.000209987755556477
385,175,312,14.05,0.000538779942671219
385,175,312,14.0575,0.000499883526910174
385,175,312,14.065,0.000407655299440631
385,175,312,14.0725,0.000446862544240175
385,175,312,14.08,0.000306271083306986
385,175,312,14.0875,0.000697579859674981
385,175,312,14.095,0.000662430847814647
385,175,312,14.1025,0.0008896614251856
385,175,312,14.11,0.000992413233936598
385,175,312,14.1175,0.000145735560632425
385,175,312,14.125,0.000538197211228321
385,175,312,14.1325,0.000964871553209705
385,175,312,14.14,0.000233406757309757
385,175,312,14.1475,0.00108142436383285
385,175,312,14.155,0.000683640299735328
385,175,312,14.1625,0.000753703873196493
385,175,312,14.17,0.00066978232865231
385,175,312,14.1775,0.000586944773066591
385,175,312,14.185,0.000543550920370447
385,175,312,14.1925,0.000635145010148051
385,175,312,14.2,0.000852955262199501
385,175,312,14.2075,0.00122453829091992
385,175,312,14.215,0.000847860216119054
385,175,312,14.2225,0.00120011539062943
385,175,312,14.23,0.00132820108573104
385,175,312,14.2375,0.000932926075230867
385,175,312,14.245,0.000818733695011149
385,175,312,14.2525,0.00116402591035834
385,175,312,14.26,0.0011489602627431
385,175,312,14.2675,0.000801630733532002
385,175,312,14.275,0.000846403577140007
385,175,312,14.2825,0.000838662035280377
385,175,312,14.29,0.000469811222931247
385,175,312,14.2975,0.00062708075758113
385,175,312,14.305,0.000886821939546507
385,175,312,14.3125,0.000796515871512526
385,175,312,14.32,0.000577526817971574
385,175,312,14.3275,0.000560935302580038
385,175,312,14.335,0.000829547541575681
385,175,312,14.3425,0.000229961985714974
385,175,312,14.35,0.000560035703057908
385,175,312,14.3575,0.000462919443745602
385,175,312,14.365,0.00063760828827571
385,175,312,14.3725,0.000187296814209488
385,175,312,14.38,0.000157253890959908
385,175,312,14.3875,0.000437129546185976
385,175,312,14.395,0.000468734046644984
385,175,312,14.4025,0.000676988201229673
385,175,312,14.41,0.000644375728770706
385,175,312,14.4175,0.00113997574168381
385,175,312,14.425,0.00109940758441799
385,175,312,14.4325,0.00114354131135425
385,175,312,14.44,0.000766731321549195
385,175,312,14.4475,0.00106583026835353
385,175,312,14.455,0.000968091724632734
385,175,312,14.4625,0.00148191319725164
385,175,312,14.47,0.00120075597804747
385,175,312,14.4775,0.000969883683209258
385,175,312,14.485,0.00132716680378872
385,175,312,14.4925,0.00131305873243918
385,175,312,14.5,0.00133825897326629
385,175,312,14.5075,0.00117694758595453
385,175,312,14.515,0.00105703687378637
385,175,312,14.5225,0.000855416707137815
385,175,312,14.53,0.00105015619770925
385,175,312,14.5375,0.000679588888449015
385,175,312,14.545,0.000761879115634017
385,175,312,14.5525,0.000781740553816871
385,175,312,14.56,0.000410473735263995
385,175,312,14.5675,0.000493736607572861
385,175,312,14.575,0.000170602097499468
385,175,312,14.5825,0.000241741105875809
385,175,312,14.59,0.000330612199109523
385,175,312,14.5975,0.000308711992062088
385,175,312,14.605,0.000287094377970309
385,175,312,14.6125,0.000362262164941812
385,175,312,14.62,0.000542756101252096
385,175,312,14.6275,0.000119652269925583
385,175,312,14.635,0.000306616479931222
385,175,312,14.6425,0.000788216014665724
385,175,312,14.65,0.000666789298239033
385,175,312,14.6575,0.000526307856656318
385,175,312,14.665,0.000703290104487008
385,175,312,14.6725,0.00107552481811208
385,175,312,14.68,0.00137371005973399
385,175,312,14.6875,0.000659285577258121
385,175,312,14.695,0.00056692573711696
385,175,312,14.7025,0.00110300677151007
385,175,312,14.71,0.000979778011851852
385,175,312,14.7175,0.000681715747842671
385,175,312,14.725,0.000499518774163504
385,175,312,14.7325,0.00115265950455139
385,175,312,14.74,0.00100182213871013
385,175,312,14.7475,0.000704865110352431
385,175,312,14.755,0.000839249242151
385,175,312,14.7625,0.00110776689895779
385,175,312,14.77,0.000555783500040677
385,175,312,14.7775,0.000874012887329463
385,175,312,14.785,0.000836722722820858
385,175,312,14.7925,0.00106496144311037
385,175,312,14.8,0.000755980206545737
385,175,312,14.8075,0.000517721444529974
385,175,312,14.815,0.000558292823915415
385,175,312,14.8225,0.000851530048399707
385,175,312,14.83,0.000353925206380743
385,175,312,14.8375,0.000658581703638113
385,175,312,14.845,0.000149402262938207
385,175,312,14.8525,0.000577769295934677
385,175,312,14.86,0.000369799910993454
385,175,312,14.8675,0.00026869323896312
385,175,312,14.875,0.000529340224558362
385,175,312,14.8825,0.000249455026274736
385,175,312,14.89,0.000707910425656248
385,175,312,14.8975,0.000544582651507182
385,175,312,14.905,0.000181585890825003
385,175,312,14.9125,0.000274801234137198
385,175,312,14.92,0.000827002530303681
385,175,312,14.9275,0.000443201280662076
385,175,312,14.935,0.000558333254938071
385,175,312,14.9425,0.000668577229671538
385,175,312,14.95,0.000818676144063711
385,175,312,14.9575,0.00101051232044275
385,175,312,14.965,0.000237422306199716
385,175,312,14.9725,0.000945965048325513
385,175,312,14.98,0.000953401332397275
385,175,312,14.9875,0.000704794848654125
385,175,312,14.995,0.000906516742547392
385,175,312,15.0025,0.000795567499790249
385,175,312,15.01,0.00041220856926586
385,175,312,15.0175,0.000796060989779934
385,175,312,15.025,0.000869856704801979
385,175,312,15.0325,0.000724129822136832
385,175,312,15.04,0.000504210517601626
385,175,312,15.0475,0.000735792095334962
385,175,312,15.055,0.000817213872345441
385,175,312,15.0625,0.00115584214354851
385,175,312,15.07,0.000360696092216014
385,175,312,15.0775,0.00053478041978581
385,175,312,15.085,0.00042283491766895
385,175,312,15.0925,0.000611501044137024
385,175,312,15.1,0.0006800237800544
385,175,312,15.1075,0.000273190861280325
385,175,312,15.115,0.000605113587632706
385,175,312,15.1225,0.000378434664194977
385,175,312,15.13,0.000430516604128437
385,175,312,15.1375,0.000412342529914836
385,175,312,15.145,0.000646558546885537
385,175,312,15.1525,0.000839607548501454
385,175,312,15.16,0.000583977461191687
385,175,312,15.1675,0.000593606217040157
385,175,312,15.175,0.00052745326204879
385,175,312,15.1825,0.000447776055789202
385,175,312,15.19,0.000526949461522573
385,175,312,15.1975,0.000939551882887526
385,175,312,15.205,0.000338748634501315
385,175,312,15.2125,0.000841152135679838
385,175,312,15.22,0.000780875981339458
385,175,312,15.2275,0.000829637812653193
385,175,312,15.235,0.00110652529001436
385,175,312,15.2425,0.000727939457505576
385,175,312,15.25,0.000680312564305264
385,175,312,15.2575,0.000334823408851745
385,175,312,15.265,0.000908418986343748
385,175,312,15.2725,0.000582555770935441
385,175,312,15.28,0.000839924408257564
385,175,312,15.2875,0.000178260024771403
385,175,312,15.295,0.00030393483277425
385,175,312,15.3025,0.000896380228900025
385,175,312,15.31,0.000369126484969981
385,175,312,15.3175,0.000360233415700289
385,175,312,15.325,0.000330347575329772
385,175,312,15.3325,0.000460224455618996
385,175,312,15.34,0.000369185914923458
385,175,312,15.3475,0.000660350567907677
385,175,312,15.355,0.000307741854452687
385,175,312,15.3625,0.000374671000660428
385,175,312,15.37,0.000745694210274054
385,175,312,15.3775,0.000299890913910738
385,175,312,15.385,6.51275693539203e-05
385,175,312,15.3925,0.00084719095112692
385,175,312,15.4,0.000432094098755632
385,175,312,15.4075,0.000660347814577634
385,175,312,15.415,0.000991392121420237
385,175,312,15.4225,0.000956733911426708
385,175,312,15.43,0.000507649283620827
385,175,312,15.4375,0.000292919815592575
385,175,312,15.445,0.000568011617374596
385,175,312,15.4525,0.000602503734167681
385,175,312,15.46,0.000690730073428824
385,175,312,15.4675,0.000220655259344923
385,175,312,15.475,0.000706409184376763
385,175,312,15.4825,0.00014706644168013
385,175,312,15.49,0.000384219498633247
385,175,312,15.4975,0.0007886539898054
385,175,312,15.505,0.00052715019801152
385,175,312,15.5125,0.000374138698210878
385,175,312,15.52,0.000778728972737763
385,175,312,15.5275,0.000779148019893506
385,175,312,15.535,0.00088061071771817
385,175,312,15.5425,0.000337106469980462
385,175,312,15.55,0.00038954974336628
385,175,312,15.5575,0.000931104847669844
385,175,312,15.565,0.000431476306752481
385,175,312,15.5725,0.000310715001686839
385,175,312,15.58,0.0006378968513758
385,175,312,15.5875,6.68439513062101e-05
385,175,312,15.595,0.000103810682064632
385,175,312,15.6025,0.000893832516628434
385,175,312,15.61,0.000453785110197477
385,175,312,15.6175,0.000725168734216096
385,175,312,15.625,0.000325166963805239
385,175,312,15.6325,0.000480234161044689
385,175,312,15.64,2.67999634221309e-05
385,175,312,15.6475,0.000607785690108122
385,175,312,15.655,0.000324222729753767
385,175,312,15.6625,0.000368794465421982
385,175,312,15.67,0.000182838540157554
385,175,312,15.6775,0.000113253720050409
385,175,312,15.685,0.000267884056261262
385,175,312,15.6925,0.000566052322584756
385,175,312,15.7,0.000176132084660704
385,175,312,15.7075,0.000608659992091385
385,175,312,15.715,0.000146400235414973
385,175,312,15.7225,0.000626150170623484
385,175,312,15.73,0.000357246321308759
385,175,312,15.7375,0.000303216685247568
385,175,312,15.745,0.000630017137389958
385,175,312,15.7525,0.000331830096090137
385,175,312,15.76,0.000591360885038554
385,175,312,15.7675,0.000616383100809792
385,175,312,15.775,0.000341001322820385
385,175,312,15.7825,0.000118960377212667
385,175,312,15.79,0.000860532633440647
385,175,312,15.7975,0.000837642052520866
385,175,312,15.805,0.000393033714728757
385,175,312,15.8125,0.000360958723822155
385,175,312,15.82,0.000377794117092101
385,175,312,15.8275,0.000328786040477347
385,175,312,15.835,0.000271410437775709
385,175,312,15.8425,0.000226443441455388
385,175,312,15.85,0.000885671106413128
385,175,312,15.8575,0.000349734560999088
385,175,312,15.865,0.000417461606527149
385,175,312,15.8725,0.000455928019300683
385,175,312,15.88,0.000534820930953924
385,175,312,15.8875,0.00026622539009791
385,175,312,15.895,0.000328994232705644
385,175,312,15.9025,0.000582761861191035
385,175,312,15.91,0.000261032185886661
385,175,312,15.9175,0.000327743733463281
385,175,312,15.925,0.000433830153319456
385,175,312,15.9325,0.000570196847099601
385,175,312,15.94,0.000531122427547222
385,175,312,15.9475,0.0003171421942737
385,175,312,15.955,0.000220445887055455
385,175,312,15.9625,0.0005429077022569
385,175,312,15.97,0.000450772705469142
385,175,312,15.9775,0.000506003613248292
385,175,312,15.985,0.000464761887093596
385,175,312,15.9925,0.000182142045638503
385,175,312,16,0.000436634339154829
385,175,311,4,0.00577930523594539
385,175,311,4.0075,0.0048677274599171
385,175,311,4.015,0.00482506522925414
385,175,311,4.0225,0.00440002134273145
385,175,311,4.03,0.00405718282229159
385,175,311,4.0375,0.00421112360434013
385,175,311,4.045,0.00387779712527629
385,175,311,4.0525,0.00367541472399689
385,175,311,4.06,0.00368981014068237
385,175,311,4.0675,0.00360018952072136
385,175,311,4.075,0.0040125973090319
385,175,311,4.0825,0.00373670119180652
385,175,311,4.09,0.00397355096561228
385,175,311,4.0975,0.00482771550008541
385,175,311,4.105,0.00465460886705764
385,175,311,4.1125,0.00407478208974569
385,175,311,4.12,0.0043492069952592
385,175,311,4.1275,0.00439987528263865
385,175,311,4.135,0.00426445960271122
385,175,311,4.1425,0.00458032912001507
385,175,311,4.15,0.0038964206305904
385,175,311,4.1575,0.00481396868074745
385,175,311,4.165,0.00519748708564299
385,175,311,4.1725,0.00465248366023505
385,175,311,4.18,0.00511685196473449
385,175,311,4.1875,0.00489309919905345
385,175,311,4.195,0.00413083733286497
385,175,311,4.2025,0.00463059775274648
385,175,311,4.21,0.00389193265385084
385,175,311,4.2175,0.00463626041774816
385,175,311,4.225,0.00387822075643843
385,175,311,4.2325,0.00354294699636936
385,175,311,4.24,0.00400020198790707
385,175,311,4.2475,0.00370029938581286
385,175,311,4.255,0.0036220231193589
385,175,311,4.2625,0.00336370415992789
385,175,311,4.27,0.00304570543584325
385,175,311,4.2775,0.00346067968878497
385,175,311,4.285,0.0033077489906037
385,175,311,4.2925,0.00316703622710417
385,175,311,4.3,0.00354089714858431
385,175,311,4.3075,0.00360320112348183
385,175,311,4.315,0.00295604177068927
385,175,311,4.3225,0.00309447785148953
385,175,311,4.33,0.00227904897410534
385,175,311,4.3375,0.00208779967556905
385,175,311,4.345,0.00168662796355191
385,175,311,4.3525,0.00178381699400133
385,175,311,4.36,0.00191967778812614
385,175,311,4.3675,0.00173017350409403
385,175,311,4.375,0.0017136187907653
385,175,311,4.3825,0.00184467689831511
385,175,311,4.39,0.00223595429593946
385,175,311,4.3975,0.00231332407701906
385,175,311,4.405,0.00238645867089105
385,175,311,4.4125,0.00312879984670599
385,175,311,4.42,0.00333639723859986
385,175,311,4.4275,0.00322521333573565
385,175,311,4.435,0.00278018561288046
385,175,311,4.4425,0.00298583926603907
385,175,311,4.45,0.00318619604037283
385,175,311,4.4575,0.0027630694341878
385,175,311,4.465,0.00322670810176955
385,175,311,4.4725,0.00343183076745211
385,175,311,4.48,0.00334779085043341
385,175,311,4.4875,0.00376050045986793
385,175,311,4.495,0.00351956329190128
385,175,311,4.5025,0.00320673811048794
385,175,311,4.51,0.00309726219060759
385,175,311,4.5175,0.002980506024065
385,175,311,4.525,0.00306423000143488
385,175,311,4.5325,0.00349777070643882
385,175,311,4.54,0.00365695887315667
385,175,311,4.5475,0.00358127086155129
385,175,311,4.555,0.00332246082551195
385,175,311,4.5625,0.0029285462917964
385,175,311,4.57,0.00282358101294636
385,175,311,4.5775,0.00241595624118284
385,175,311,4.585,0.00192238194612665
385,175,311,4.5925,0.00182439435432075
385,175,311,4.6,0.00175400369497937
385,175,311,4.6075,0.00118087594117563
385,175,311,4.615,0.00126789856713807
385,175,311,4.6225,0.000853121866396777
385,175,311,4.63,0.000744688296655421
385,175,311,4.6375,0.00083558342193594
385,175,311,4.645,0.00136017198750502
385,175,311,4.6525,0.00128092126419461
385,175,311,4.66,0.0017863854042469
385,175,311,4.6675,0.00182151450646003
385,175,311,4.675,0.00197225327068488
385,175,311,4.6825,0.00177539696671645
385,175,311,4.69,0.00181489108770763
385,175,311,4.6975,0.00204017523032632
385,175,311,4.705,0.00177142699735253
385,175,311,4.7125,0.00200588836815184
385,175,311,4.72,0.00162516493774822
385,175,311,4.7275,0.0021864397225895
385,175,311,4.735,0.00218500972691162
385,175,311,4.7425,0.00201391848408585
385,175,311,4.75,0.00185475762853248
385,175,311,4.7575,0.00167887596097489
385,175,311,4.765,0.00205299751240945
385,175,311,4.7725,0.00208600226971747
385,175,311,4.78,0.00190583348560357
385,175,311,4.7875,0.00197941885576368
385,175,311,4.795,0.00152753209564058
385,175,311,4.8025,0.00152089579872173
385,175,311,4.81,0.00166398207917706
385,175,311,4.8175,0.00150025079069866
385,175,311,4.825,0.00172201802603561
385,175,311,4.8325,0.0015381887371597
385,175,311,4.84,0.00111012901694471
385,175,311,4.8475,0.00162402230292109
385,175,311,4.855,0.00179753582740198
385,175,311,4.8625,0.002156325256937
385,175,311,4.87,0.00219438090123292
385,175,311,4.8775,0.00229849219139944
385,175,311,4.885,0.00231318090129008
385,175,311,4.8925,0.00247582963923288
385,175,311,4.9,0.00231950313448254
385,175,311,4.9075,0.00243137824665173
385,175,311,4.915,0.00150360971565771
385,175,311,4.9225,0.00198007806705655
385,175,311,4.93,0.00220541571314073
385,175,311,4.9375,0.00192585861932996
385,175,311,4.945,0.00207366244289362
385,175,311,4.9525,0.00229840941062186
385,175,311,4.96,0.00193905929794195
385,175,311,4.9675,0.00188836537232703
385,175,311,4.975,0.00159756004243964
385,175,311,4.9825,0.00145885436594742
385,175,311,4.99,0.00159074318075335
385,175,311,4.9975,0.00206236979690929
385,175,311,5.005,0.00195089577971867
385,175,311,5.0125,0.00170295335754452
385,175,311,5.02,0.00177422086412206
385,175,311,5.0275,0.00169184152785131
385,175,311,5.035,0.00119509183253344
385,175,311,5.0425,0.000570566069265872
385,175,311,5.05,0.000820963136944919
385,175,311,5.0575,0.000183251272869569
385,175,311,5.065,0.000553332990018333
385,175,311,5.0725,0.000172525012709427
385,175,311,5.08,0.000520890589229915
385,175,311,5.0875,0.00113585495416144
385,175,311,5.095,0.000957439593962612
385,175,311,5.1025,0.00127668951390408
385,175,311,5.11,0.000887913556078032
385,175,311,5.1175,0.00156360765388876
385,175,311,5.125,0.00176760501194527
385,175,311,5.1325,0.00162723449935615
385,175,311,5.14,0.00125912431060044
385,175,311,5.1475,0.00138978503685646
385,175,311,5.155,0.00163416896167021
385,175,311,5.1625,0.00114395791231126
385,175,311,5.17,0.00150498486105012
385,175,311,5.1775,0.000899457227604515
385,175,311,5.185,0.00104483918724655
385,175,311,5.1925,0.0016826147730281
385,175,311,5.2,0.00179738627757336
385,175,311,5.2075,0.00185940397683214
385,175,311,5.215,0.00219375439027196
385,175,311,5.2225,0.00179465261425337
385,175,311,5.23,0.00202980099231484
385,175,311,5.2375,0.00177015713183815
385,175,311,5.245,0.00230160420888008
385,175,311,5.2525,0.00225398571492663
385,175,311,5.26,0.00274234724321147
385,175,311,5.2675,0.00298502121373943
385,175,311,5.275,0.00235545073602964
385,175,311,5.2825,0.00230491351076073
385,175,311,5.29,0.00214557426264705
385,175,311,5.2975,0.00184377449824548
385,175,311,5.305,0.00192811783770721
385,175,311,5.3125,0.00102034619713648
385,175,311,5.32,0.00109363801657768
385,175,311,5.3275,0.00102530424766125
385,175,311,5.335,0.000482143909396052
385,175,311,5.3425,0.000973685155632457
385,175,311,5.35,0.000772196363677516
385,175,311,5.3575,7.68575353807183e-05
385,175,311,5.365,0.000799936578079613
385,175,311,5.3725,0.000496035978848594
385,175,311,5.38,0.000785892658953802
385,175,311,5.3875,0.000830602429825489
385,175,311,5.395,0.00171046578799441
385,175,311,5.4025,0.00121815987357181
385,175,311,5.41,0.0016513388865464
385,175,311,5.4175,0.00173022075926577
385,175,311,5.425,0.00159121661344937
385,175,311,5.4325,0.00186482651036863
385,175,311,5.44,0.00238481288399455
385,175,311,5.4475,0.00262482338951014
385,175,311,5.455,0.00299547884757117
385,175,311,5.4625,0.00288886508834082
385,175,311,5.47,0.00275731246829558
385,175,311,5.4775,0.00241745651891096
385,175,311,5.485,0.00243833724029101
385,175,311,5.4925,0.00249470878868504
385,175,311,5.5,0.00237504778163408
385,175,311,5.5075,0.00188198866614139
385,175,311,5.515,0.00182986777770172
385,175,311,5.5225,0.00195997677484833
385,175,311,5.53,0.00167805527793166
385,175,311,5.5375,0.00154265984301315
385,175,311,5.545,0.0015391899734202
385,175,311,5.5525,0.000837315436923391
385,175,311,5.56,0.000727405323621485
385,175,311,5.5675,0.00150522311393475
385,175,311,5.575,0.00111859349726826
385,175,311,5.5825,0.00114007316162577
385,175,311,5.59,0.00119489729272531
385,175,311,5.5975,0.00180360866051398
385,175,311,5.605,0.00169286577710168
385,175,311,5.6125,0.00144593202848871
385,175,311,5.62,0.000837440254727811
385,175,311,5.6275,0.000247785774447365
385,175,311,5.635,0.000673694261948818
385,175,311,5.6425,0.000704865155250517
385,175,311,5.65,0.000478526868119006
385,175,311,5.6575,0.000367831053095076
385,175,311,5.665,0.00113833621806162
385,175,311,5.6725,0.000843427005078923
385,175,311,5.68,0.000817164845383855
385,175,311,5.6875,0.00064216312091425
385,175,311,5.695,0.000296189042427349
385,175,311,5.7025,0.00114660122435169
385,175,311,5.71,0.000847162156330701
385,175,311,5.7175,0.00103549219630853
385,175,311,5.725,0.00160588392117814
385,175,311,5.7325,0.00165682075010228
385,175,311,5.74,0.00122560779065172
385,175,311,5.7475,0.0010530610052658
385,175,311,5.755,0.00125148215439982
385,175,311,5.7625,0.00129242175524207
385,175,311,5.77,0.00115871791167455
385,175,311,5.7775,0.00150574340621588
385,175,311,5.785,0.00161972068997818
385,175,311,5.7925,0.00141315367438028
385,175,311,5.8,0.00200016491700503
385,175,311,5.8075,0.00164770945026975
385,175,311,5.815,0.00187685356924297
385,175,311,5.8225,0.0018336691028296
385,175,311,5.83,0.00128491368826698
385,175,311,5.8375,0.00167035811770751
385,175,311,5.845,0.00164490567584078
385,175,311,5.8525,0.00141841400442764
385,175,311,5.86,0.00141362350130849
385,175,311,5.8675,0.0015260479378438
385,175,311,5.875,0.000908916272993399
385,175,311,5.8825,0.00101044590064468
385,175,311,5.89,0.00146150552526749
385,175,311,5.8975,0.00127100501970348
385,175,311,5.905,0.00115944217338632
385,175,311,5.9125,0.00142829222772203
385,175,311,5.92,0.00109105055982093
385,175,311,5.9275,0.00135732409416537
385,175,311,5.935,0.00128528102743471
385,175,311,5.9425,0.000962354432080655
385,175,311,5.95,0.00122880813972659
385,175,311,5.9575,0.00107259618328123
385,175,311,5.965,0.00128926449898319
385,175,311,5.9725,0.00135206616068614
385,175,311,5.98,0.00143246778664891
385,175,311,5.9875,0.00166897625491962
385,175,311,5.995,0.00125479255146438
385,175,311,6.0025,0.00130167008847801
385,175,311,6.01,0.00126015339520249
385,175,311,6.0175,0.00104170312713556
385,175,311,6.025,0.000867750475044109
385,175,311,6.0325,0.000900500365480636
385,175,311,6.04,0.000443625243611769
385,175,311,6.0475,0.000833300589660193
385,175,311,6.055,0.000657460868103341
385,175,311,6.0625,0.000767401161681686
385,175,311,6.07,0.00102407940331476
385,175,311,6.0775,0.000312884640327035
385,175,311,6.085,0.000513513778699746
385,175,311,6.0925,0.000790673320391721
385,175,311,6.1,0.0011120843336771
385,175,311,6.1075,0.00102068832878288
385,175,311,6.115,0.00120838947121161
385,175,311,6.1225,0.00101114942927865
385,175,311,6.13,0.00136133129002817
385,175,311,6.1375,0.0015543725750599
385,175,311,6.145,0.00167553376615726
385,175,311,6.1525,0.00193546713389672
385,175,311,6.16,0.00212561996825047
385,175,311,6.1675,0.00199049453134739
385,175,311,6.175,0.00208340432005855
385,175,311,6.1825,0.00143116796332954
385,175,311,6.19,0.00147694270199867
385,175,311,6.1975,0.00127137606142149
385,175,311,6.205,0.00164759209220885
385,175,311,6.2125,0.0011961105759431
385,175,311,6.22,0.00129114348710043
385,175,311,6.2275,0.00200707608481138
385,175,311,6.235,0.00111336271878495
385,175,311,6.2425,0.00154981516382595
385,175,311,6.25,0.00154039540440889
385,175,311,6.2575,0.00109612655549739
385,175,311,6.265,0.001205753651401
385,175,311,6.2725,0.00122039445091443
385,175,311,6.28,0.000914945953619818
385,175,311,6.2875,0.000908261286023894
385,175,311,6.295,0.000483960199184675
385,175,311,6.3025,0.00107683607077749
385,175,311,6.31,0.00127068991276477
385,175,311,6.3175,0.00107239247994534
385,175,311,6.325,0.00139194372507847
385,175,311,6.3325,0.00107186667733517
385,175,311,6.34,0.00126916600874401
385,175,311,6.3475,0.00129996737430701
385,175,311,6.355,0.00129568028584205
385,175,311,6.3625,0.00128144609302939
385,175,311,6.37,0.00110156146713658
385,175,311,6.3775,0.0013483323148644
385,175,311,6.385,0.00134930895494147
385,175,311,6.3925,0.0020293039744985
385,175,311,6.4,0.00149166646140207
385,175,311,6.4075,0.00094576423867753
385,175,311,6.415,0.00146150856213828
385,175,311,6.4225,0.00123721544346132
385,175,311,6.43,0.00132873973805603
385,175,311,6.4375,0.00135079750082748
385,175,311,6.445,0.000916917260828396
385,175,311,6.4525,0.000626594874429989
385,175,311,6.46,0.00133466912455062
385,175,311,6.4675,0.00118564679164268
385,175,311,6.475,0.00247625159678934
385,175,311,6.4825,0.00177226220579456
385,175,311,6.49,0.00188505576482025
385,175,311,6.4975,0.00251750605459462
385,175,311,6.505,0.00190230968102994
385,175,311,6.5125,0.00196054044933057
385,175,311,6.52,0.00172030618624928
385,175,311,6.5275,0.00150923929706448
385,175,311,6.535,0.00199493173224367
385,175,311,6.5425,0.00207157891675869
385,175,311,6.55,0.001888219759494
385,175,311,6.5575,0.00164067421006511
385,175,311,6.565,0.00221101883934668
385,175,311,6.5725,0.00174058907990734
385,175,311,6.58,0.00190777100808365
385,175,311,6.5875,0.00182462080129211
385,175,311,6.595,0.00146952240237702
385,175,311,6.6025,0.00182182640636004
385,175,311,6.61,0.00195791944181614
385,175,311,6.6175,0.0021821071156891
385,175,311,6.625,0.00274867260572373
385,175,311,6.6325,0.00196115490676181
385,175,311,6.64,0.00213359208752199
385,175,311,6.6475,0.00167143802321044
385,175,311,6.655,0.00147861535801384
385,175,311,6.6625,0.00104341489697896
385,175,311,6.67,0.00131464290494498
385,175,311,6.6775,0.00062391881271449
385,175,311,6.685,0.00109724823152982
385,175,311,6.6925,0.00146718256222417
385,175,311,6.7,0.00139524372711214
385,175,311,6.7075,0.00158277887298281
385,175,311,6.715,0.00197253550547898
385,175,311,6.7225,0.00166920480863931
385,175,311,6.73,0.00224768251269465
385,175,311,6.7375,0.00244744408032607
385,175,311,6.745,0.00258775665255484
385,175,311,6.7525,0.0020944435176077
385,175,311,6.76,0.00185441686464439
385,175,311,6.7675,0.00183913087042477
385,175,311,6.775,0.00202185308138211
385,175,311,6.7825,0.0017491101192205
385,175,311,6.79,0.00155924510862267
385,175,311,6.7975,0.00115584825382543
385,175,311,6.805,0.00122454511786503
385,175,311,6.8125,0.00134971683612314
385,175,311,6.82,0.00133012116110024
385,175,311,6.8275,0.0011622475376219
385,175,311,6.835,0.00139312413049382
385,175,311,6.8425,0.0019242143317269
385,175,311,6.85,0.0017297592918887
385,175,311,6.8575,0.00229796310412601
385,175,311,6.865,0.00235703333888815
385,175,311,6.8725,0.00225653976880487
385,175,311,6.88,0.00215561938096617
385,175,311,6.8875,0.00247703968226257
385,175,311,6.895,0.00235679538528026
385,175,311,6.9025,0.00290680749873859
385,175,311,6.91,0.00287870741783312
385,175,311,6.9175,0.00285535269176057
385,175,311,6.925,0.00305198945049435
385,175,311,6.9325,0.00291763680730206
385,175,311,6.94,0.00298355139748765
385,175,311,6.9475,0.00247157001596874
385,175,311,6.955,0.00234335232543781
385,175,311,6.9625,0.00217968177865848
385,175,311,6.97,0.00292665806234143
385,175,311,6.9775,0.00178743074950806
385,175,311,6.985,0.00263426625519685
385,175,311,6.9925,0.00226941838655092
385,175,311,7,0.00234188771190576
385,175,311,7.0075,0.00258772368573107
385,175,311,7.015,0.00177580872994322
385,175,311,7.0225,0.00172552399001684
385,175,311,7.03,0.00173145565040375
385,175,311,7.0375,0.00109227533335254
385,175,311,7.045,0.00114733763554592
385,175,311,7.0525,0.00182705899875941
385,175,311,7.06,0.00144962141693669
385,175,311,7.0675,0.00141792450036816
385,175,311,7.075,0.00189758043325767
385,175,311,7.0825,0.00227473585380262
385,175,311,7.09,0.00262838553477363
385,175,311,7.0975,0.00278459226233055
385,175,311,7.105,0.00304457507452912
385,175,311,7.1125,0.00298469317339133
385,175,311,7.12,0.00284836693932624
385,175,311,7.1275,0.00299843603992204
385,175,311,7.135,0.002375530786077
385,175,311,7.1425,0.00248824131341179
385,175,311,7.15,0.0023642538414994
385,175,311,7.1575,0.00195637353496126
385,175,311,7.165,0.00183768801688291
385,175,311,7.1725,0.00164012123570847
385,175,311,7.18,0.00157129501727639
385,175,311,7.1875,0.00159404001084622
385,175,311,7.195,0.00114069266486267
385,175,311,7.2025,0.00160730222157916
385,175,311,7.21,0.00188403930566578
385,175,311,7.2175,0.00247985271360851
385,175,311,7.225,0.00247607198437242
385,175,311,7.2325,0.0024373680105133
385,175,311,7.24,0.00260606714463901
385,175,311,7.2475,0.00256275238956968
385,175,311,7.255,0.00319776684855454
385,175,311,7.2625,0.00262774373943604
385,175,311,7.27,0.00301153227666725
385,175,311,7.2775,0.00301495314743942
385,175,311,7.285,0.00297596300391703
385,175,311,7.2925,0.00286062159361802
385,175,311,7.3,0.00288214967067503
385,175,311,7.3075,0.00268805222684012
385,175,311,7.315,0.00260290871783529
385,175,311,7.3225,0.00272762152274138
385,175,311,7.33,0.00257765646716256
385,175,311,7.3375,0.0023283626086206
385,175,311,7.345,0.00225365337877028
385,175,311,7.3525,0.00265206722840276
385,175,311,7.36,0.00256597020332194
385,175,311,7.3675,0.00279346070525622
385,175,311,7.375,0.00212155672665801
385,175,311,7.3825,0.00239384932560436
385,175,311,7.39,0.00262031626946638
385,175,311,7.3975,0.00206803656737717
385,175,311,7.405,0.00190061686206701
385,175,311,7.4125,0.00151651113614175
385,175,311,7.42,0.00183641935354525
385,175,311,7.4275,0.00150734018666241
385,175,311,7.435,0.00210200457383163
385,175,311,7.4425,0.0018692998459537
385,175,311,7.45,0.0024204385532485
385,175,311,7.4575,0.00237143277403034
385,175,311,7.465,0.00255229236535997
385,175,311,7.4725,0.00287471025818103
385,175,311,7.48,0.00245157650652595
385,175,311,7.4875,0.00264656896818131
385,175,311,7.495,0.00225647627167189
385,175,311,7.5025,0.00298667285362996
385,175,311,7.51,0.00252115624804259
385,175,311,7.5175,0.00248468153189872
385,175,311,7.525,0.0021312685504609
385,175,311,7.5325,0.00206366675177717
385,175,311,7.54,0.00227557646318335
385,175,311,7.5475,0.0013211891521827
385,175,311,7.555,0.00159882424955034
385,175,311,7.5625,0.00184533018676004
385,175,311,7.57,0.00145886466898626
385,175,311,7.5775,0.00183825838431257
385,175,311,7.585,0.00181831907366414
385,175,311,7.5925,0.0019362605184132
385,175,311,7.6,0.0021810141368048
385,175,311,7.6075,0.00191308330396166
385,175,311,7.615,0.00273423681773443
385,175,311,7.6225,0.00260925679100507
385,175,311,7.63,0.00277385088244565
385,175,311,7.6375,0.00294266846120584
385,175,311,7.645,0.00258173023130279
385,175,311,7.6525,0.00238916264943831
385,175,311,7.66,0.00299993631885142
385,175,311,7.6675,0.00277189604015615
385,175,311,7.675,0.00240369666855437
385,175,311,7.6825,0.00256203236050484
385,175,311,7.69,0.00238008397868207
385,175,311,7.6975,0.00206644486355146
385,175,311,7.705,0.00192608722448434
385,175,311,7.7125,0.00193443764352101
385,175,311,7.72,0.00210527126532325
385,175,311,7.7275,0.00229402342273297
385,175,311,7.735,0.00225669026281168
385,175,311,7.7425,0.00219871668406204
385,175,311,7.75,0.0020711551491092
385,175,311,7.7575,0.00203760205678628
385,175,311,7.765,0.00183956040057245
385,175,311,7.7725,0.00256522921378921
385,175,311,7.78,0.00172321386052635
385,175,311,7.7875,0.00189631680475319
385,175,311,7.795,0.00210027272704464
385,175,311,7.8025,0.00173136847654334
385,175,311,7.81,0.00200600562213518
385,175,311,7.8175,0.00206557071436933
385,175,311,7.825,0.00239351790664862
385,175,311,7.8325,0.0029845726558694
385,175,311,7.84,0.00269939369204302
385,175,311,7.8475,0.00298957379554097
385,175,311,7.855,0.00301770949500882
385,175,311,7.8625,0.00308220207335576
385,175,311,7.87,0.00226742539508181
385,175,311,7.8775,0.00204318895718704
385,175,311,7.885,0.00184931376796173
385,175,311,7.8925,0.00164065482230017
385,175,311,7.9,0.00149983721954838
385,175,311,7.9075,0.00122679551454828
385,175,311,7.915,0.00169020798275305
385,175,311,7.9225,0.00152461289822424
385,175,311,7.93,0.00205137995465594
385,175,311,7.9375,0.00154539620567096
385,175,311,7.945,0.00182599085680075
385,175,311,7.9525,0.00209550036390059
385,175,311,7.96,0.00215474269852536
385,175,311,7.9675,0.00240482394248973
385,175,311,7.975,0.00254337551409164
385,175,311,7.9825,0.00243010010700341
385,175,311,7.99,0.00290944456119947
385,175,311,7.9975,0.00316423669411404
385,175,311,8.005,0.00318597827239126
385,175,311,8.0125,0.00303449380540938
385,175,311,8.02,0.0032001610129763
385,175,311,8.0275,0.00343271172558475
385,175,311,8.035,0.00325005464722074
385,175,311,8.0425,0.00307579123894145
385,175,311,8.05,0.00312676962598761
385,175,311,8.0575,0.00329622034659929
385,175,311,8.065,0.00280820413169284
385,175,311,8.0725,0.00259588677026769
385,175,311,8.08,0.0029225039790602
385,175,311,8.0875,0.00257412819272757
385,175,311,8.095,0.00289623483837796
385,175,311,8.1025,0.00293725366728916
385,175,311,8.11,0.00266578126401177
385,175,311,8.1175,0.00270487394266638
385,175,311,8.125,0.00229607094603425
385,175,311,8.1325,0.00175684755122129
385,175,311,8.14,0.00218503643299478
385,175,311,8.1475,0.00187636999297503
385,175,311,8.155,0.00197816006295752
385,175,311,8.1625,0.00218679283573261
385,175,311,8.17,0.00192491964131906
385,175,311,8.1775,0.00196657373678881
385,175,311,8.185,0.00235328466701732
385,175,311,8.1925,0.00266870931687434
385,175,311,8.2,0.00265461162177751
385,175,311,8.2075,0.00273065198634929
385,175,311,8.215,0.00252573905506893
385,175,311,8.2225,0.00254639801306151
385,175,311,8.23,0.00282905014235644
385,175,311,8.2375,0.00222844462337297
385,175,311,8.245,0.00228915604537653
385,175,311,8.2525,0.00236395903779115
385,175,311,8.26,0.00205188086665658
385,175,311,8.2675,0.00226021544231852
385,175,311,8.275,0.0021298074274376
385,175,311,8.2825,0.00177620388418564
385,175,311,8.29,0.00205965038016107
385,175,311,8.2975,0.00218079912512591
385,175,311,8.305,0.00169372712611107
385,175,311,8.3125,0.00165813060288789
385,175,311,8.32,0.00176190540213225
385,175,311,8.3275,0.00188497717903949
385,175,311,8.335,0.00253452929562157
385,175,311,8.3425,0.00242262413971542
385,175,311,8.35,0.00341152721982748
385,175,311,8.3575,0.00352318312838644
385,175,311,8.365,0.00398907903960807
385,175,311,8.3725,0.00371133459973841
385,175,311,8.38,0.00373158380688446
385,175,311,8.3875,0.00351889513842516
385,175,311,8.395,0.00306976476407916
385,175,311,8.4025,0.0033113607038916
385,175,311,8.41,0.00317170083785331
385,175,311,8.4175,0.00290287366140043
385,175,311,8.425,0.00306657623136399
385,175,311,8.4325,0.00283135158126317
385,175,311,8.44,0.00281270816751796
385,175,311,8.4475,0.00301703111854394
385,175,311,8.455,0.00255768561983138
385,175,311,8.4625,0.00254095916118111
385,175,311,8.47,0.00234173793755492
385,175,311,8.4775,0.00198725528417731
385,175,311,8.485,0.00173557879607412
385,175,311,8.4925,0.00164819744428088
385,175,311,8.5,0.00164862821115224
385,175,311,8.5075,0.0019071874836454
385,175,311,8.515,0.00194570200411347
385,175,311,8.5225,0.00233078553026891
385,175,311,8.53,0.00249250494364335
385,175,311,8.5375,0.00278762709459587
385,175,311,8.545,0.00267715850459029
385,175,311,8.5525,0.00280931958791105
385,175,311,8.56,0.00307609075014048
385,175,311,8.5675,0.00248974063493233
385,175,311,8.575,0.00292253572933341
385,175,311,8.5825,0.00252785035311869
385,175,311,8.59,0.0024709177777837
385,175,311,8.5975,0.00258543714091344
385,175,311,8.605,0.0022215223528525
385,175,311,8.6125,0.00209772135578483
385,175,311,8.62,0.00208587115612275
385,175,311,8.6275,0.00194676838003927
385,175,311,8.635,0.00217655241244025
385,175,311,8.6425,0.00177720471007513
385,175,311,8.65,0.00140781830296405
385,175,311,8.6575,0.00157741335436642
385,175,311,8.665,0.0012118485262128
385,175,311,8.6725,0.0014463509366765
385,175,311,8.68,0.0013625134342739
385,175,311,8.6875,0.00183048855550132
385,175,311,8.695,0.00180891523060511
385,175,311,8.7025,0.00259301063999067
385,175,311,8.71,0.00227221151882256
385,175,311,8.7175,0.00251975860468242
385,175,311,8.725,0.0029499271342426
385,175,311,8.7325,0.00304830426744181
385,175,311,8.74,0.00314488372271207
385,175,311,8.7475,0.0034623092198121
385,175,311,8.755,0.00365977257980644
385,175,311,8.7625,0.00290962624601508
385,175,311,8.77,0.00300921286761068
385,175,311,8.7775,0.00288326776165573
385,175,311,8.785,0.00268477629453851
385,175,311,8.7925,0.00292996148663332
385,175,311,8.8,0.0027889726962496
385,175,311,8.8075,0.00248290832771141
385,175,311,8.815,0.00281091521556938
385,175,311,8.8225,0.00205495792091658
385,175,311,8.83,0.00165277495511865
385,175,311,8.8375,0.0021081694517579
385,175,311,8.845,0.00195271668811807
385,175,311,8.8525,0.001522017646104
385,175,311,8.86,0.00139647486947917
385,175,311,8.8675,0.000795219482328269
385,175,311,8.875,0.00164038912919587
385,175,311,8.8825,0.00136837335174047
385,175,311,8.89,0.00141865108148055
385,175,311,8.8975,0.00224801953291517
385,175,311,8.905,0.00182920488691167
385,175,311,8.9125,0.00215513474511665
385,175,311,8.92,0.00205720785074963
385,175,311,8.9275,0.00215245150607145
385,175,311,8.935,0.00229246571875033
385,175,311,8.9425,0.00224277599317773
385,175,311,8.95,0.00195267536524932
385,175,311,8.9575,0.00217644955747056
385,175,311,8.965,0.00273012808838236
385,175,311,8.9725,0.00267773480721281
385,175,311,8.98,0.00273252445280541
385,175,311,8.9875,0.00216853337933809
385,175,311,8.995,0.00282847859524041
385,175,311,9.0025,0.00269867158547451
385,175,311,9.01,0.00255639080646449
385,175,311,9.0175,0.00274396843836814
385,175,311,9.025,0.00234312853297468
385,175,311,9.0325,0.00233939447628854
385,175,311,9.04,0.00213222293083569
385,175,311,9.0475,0.00209009271242557
385,175,311,9.055,0.00174265384970239
385,175,311,9.0625,0.00193764252963379
385,175,311,9.07,0.00212900457798566
385,175,311,9.0775,0.00176157533893935
385,175,311,9.085,0.00228237589348851
385,175,311,9.0925,0.00262271510822284
385,175,311,9.1,0.00237483136567797
385,175,311,9.1075,0.00231955949979313
385,175,311,9.115,0.00288970236583448
385,175,311,9.1225,0.00275689076616197
385,175,311,9.13,0.0035213409466105
385,175,311,9.1375,0.00295096397096753
385,175,311,9.145,0.00279400683177227
385,175,311,9.1525,0.00271497012446298
385,175,311,9.16,0.00274402457704572
385,175,311,9.1675,0.00279749575408598
385,175,311,9.175,0.00242658831219749
385,175,311,9.1825,0.00225660932016914
385,175,311,9.19,0.0013994550509036
385,175,311,9.1975,0.00161598664783623
385,175,311,9.205,0.00143649188483889
385,175,311,9.2125,0.00113112924303438
385,175,311,9.22,0.00128991982573936
385,175,311,9.2275,0.00161829233182844
385,175,311,9.235,0.00143879387617152
385,175,311,9.2425,0.00130151124817123
385,175,311,9.25,0.00176261377213917
385,175,311,9.2575,0.00200229703610314
385,175,311,9.265,0.00213732837754731
385,175,311,9.2725,0.00225735709422278
385,175,311,9.28,0.00192438809633781
385,175,311,9.2875,0.00201152367171606
385,175,311,9.295,0.00206023847685098
385,175,311,9.3025,0.0023626166265895
385,175,311,9.31,0.00200794601417601
385,175,311,9.3175,0.00165165654849155
385,175,311,9.325,0.00214250729076194
385,175,311,9.3325,0.00178668288020439
385,175,311,9.34,0.00225132099594943
385,175,311,9.3475,0.00200522255208643
385,175,311,9.355,0.00236779696460955
385,175,311,9.3625,0.00201076387451594
385,175,311,9.37,0.00195335541403037
385,175,311,9.3775,0.00191230003325492
385,175,311,9.385,0.00133301845988283
385,175,311,9.3925,0.00104987850901846
385,175,311,9.4,0.00088808226948961
385,175,311,9.4075,0.00152532216487588
385,175,311,9.415,0.00132809014241667
385,175,311,9.4225,0.00152870237067612
385,175,311,9.43,0.00160688029313585
385,175,311,9.4375,0.00176702119500979
385,175,311,9.445,0.00167020317030513
385,175,311,9.4525,0.00204834070177035
385,175,311,9.46,0.00195468756807387
385,175,311,9.4675,0.00261159788900875
385,175,311,9.475,0.00265685615669708
385,175,311,9.4825,0.00281464457815445
385,175,311,9.49,0.00283735578502948
385,175,311,9.4975,0.00281625181366224
385,175,311,9.505,0.0028485215964185
385,175,311,9.5125,0.00275026995284394
385,175,311,9.52,0.00274806494878361
385,175,311,9.5275,0.00321570618626917
385,175,311,9.535,0.00240710327021763
385,175,311,9.5425,0.00263903184729511
385,175,311,9.55,0.00208432030257219
385,175,311,9.5575,0.00200142712994472
385,175,311,9.565,0.00178216033595638
385,175,311,9.5725,0.00190324773769357
385,175,311,9.58,0.00175337073004325
385,175,311,9.5875,0.00171443068764479
385,175,311,9.595,0.00157555931132172
385,175,311,9.6025,0.00114824336036137
385,175,311,9.61,0.00178539652970782
385,175,311,9.6175,0.00166949794665963
385,175,311,9.625,0.00179635445202686
385,175,311,9.6325,0.00174638995280538
385,175,311,9.64,0.0014474924964766
385,175,311,9.6475,0.00166516007795424
385,175,311,9.655,0.00159792330627032
385,175,311,9.6625,0.00181552228323072
385,175,311,9.67,0.0019231276547675
385,175,311,9.6775,0.0013946010895697
385,175,311,9.685,0.00130950580705143
385,175,311,9.6925,0.00159952860823936
385,175,311,9.7,0.00140120638849709
385,175,311,9.7075,0.00131329440455513
385,175,311,9.715,0.00158460183790981
385,175,311,9.7225,0.00175547867566155
385,175,311,9.73,0.00169630717380867
385,175,311,9.7375,0.00200357033116899
385,175,311,9.745,0.00190612663864487
385,175,311,9.7525,0.00184145618048196
385,175,311,9.76,0.00202535010803286
385,175,311,9.7675,0.00229810133749371
385,175,311,9.775,0.00188300989391815
385,175,311,9.7825,0.00216782220813913
385,175,311,9.79,0.0022442646187294
385,175,311,9.7975,0.00174842825271463
385,175,311,9.805,0.00246251527287872
385,175,311,9.8125,0.00242493583316298
385,175,311,9.82,0.00239152268966439
385,175,311,9.8275,0.0030684068377504
385,175,311,9.835,0.00270178009864229
385,175,311,9.8425,0.00273791436937008
385,175,311,9.85,0.00334390987785779
385,175,311,9.8575,0.00310645974721262
385,175,311,9.865,0.00297780971147697
385,175,311,9.8725,0.00323812590416143
385,175,311,9.88,0.00281035861764327
385,175,311,9.8875,0.0029792511387308
385,175,311,9.895,0.00292397712369487
385,175,311,9.9025,0.00253270116302291
385,175,311,9.91,0.00218243584882014
385,175,311,9.9175,0.00206118568096085
385,175,311,9.925,0.00149690598903563
385,175,311,9.9325,0.00165316315020804
385,175,311,9.94,0.00122610865035387
385,175,311,9.9475,0.000982018879517187
385,175,311,9.955,0.00132300359542561
385,175,311,9.9625,0.00108260661309271
385,175,311,9.97,0.000944835363335187
385,175,311,9.9775,0.0018382659736513
385,175,311,9.985,0.00177253587136721
385,175,311,9.9925,0.00139275882473652
385,175,311,10,0.0018436651597809
385,175,311,10.0075,0.00222939210301265
385,175,311,10.015,0.00196205486990588
385,175,311,10.0225,0.00245702069528971
385,175,311,10.03,0.00234024003321708
385,175,311,10.0375,0.00238474289770873
385,175,311,10.045,0.00250629403170412
385,175,311,10.0525,0.00213129717040773
385,175,311,10.06,0.0021885573630837
385,175,311,10.0675,0.00226524598769481
385,175,311,10.075,0.00211600422550482
385,175,311,10.0825,0.00230060025037739
385,175,311,10.09,0.00229682728823311
385,175,311,10.0975,0.00243104847498005
385,175,311,10.105,0.00168550837658947
385,175,311,10.1125,0.00200614655904278
385,175,311,10.12,0.00200140738862878
385,175,311,10.1275,0.00212739972473955
385,175,311,10.135,0.00173088199176929
385,175,311,10.1425,0.00214041653627421
385,175,311,10.15,0.00169892558141889
385,175,311,10.1575,0.00158794833592777
385,175,311,10.165,0.00146121474347031
385,175,311,10.1725,0.00163484869074513
385,175,311,10.18,0.00160390650431065
385,175,311,10.1875,0.00137309314039037
385,175,311,10.195,0.00180674688024786
385,175,311,10.2025,0.00194908954787621
385,175,311,10.21,0.00187801192202247
385,175,311,10.2175,0.00232184688439671
385,175,311,10.225,0.00261954204242216
385,175,311,10.2325,0.0021898097563228
385,175,311,10.24,0.00212822628125474
385,175,311,10.2475,0.00246144120575037
385,175,311,10.255,0.00219178331185944
385,175,311,10.2625,0.00190836900902741
385,175,311,10.27,0.00160057133020931
385,175,311,10.2775,0.00159782510795623
385,175,311,10.285,0.00204073889991876
385,175,311,10.2925,0.0015721981672441
385,175,311,10.3,0.00169497063913022
385,175,311,10.3075,0.00164610112660625
385,175,311,10.315,0.00114275190415974
385,175,311,10.3225,0.000620169439750152
385,175,311,10.33,0.000913351208181073
385,175,311,10.3375,0.0010233318452685
385,175,311,10.345,0.00163896370361763
385,175,311,10.3525,0.00129192335377044
385,175,311,10.36,0.00147085095396643
385,175,311,10.3675,0.00170809717835324
385,175,311,10.375,0.00156638924806881
385,175,311,10.3825,0.000933058312437608
385,175,311,10.39,0.0015716963181699
385,175,311,10.3975,0.00132975799990237
385,175,311,10.405,0.0008172661182883
385,175,311,10.4125,0.00124878178790047
385,175,311,10.42,0.001233588440187
385,175,311,10.4275,0.00116391298747175
385,175,311,10.435,0.00143562855279897
385,175,311,10.4425,0.000948394494433931
385,175,311,10.45,0.00103303260960496
385,175,311,10.4575,0.00120471345106759
385,175,311,10.465,0.00110242497371732
385,175,311,10.4725,0.00096835591705418
385,175,311,10.48,0.00177952312483649
385,175,311,10.4875,0.00124391306012229
385,175,311,10.495,0.00131895399362828
385,175,311,10.5025,0.000922744906973029
385,175,311,10.51,0.000951324429142281
385,175,311,10.5175,0.0012399436196822
385,175,311,10.525,0.00109174117672491
385,175,311,10.5325,0.00142199293444293
385,175,311,10.54,0.00128802608575719
385,175,311,10.5475,0.00189504772348719
385,175,311,10.555,0.00179686772605206
385,175,311,10.5625,0.00228044106141279
385,175,311,10.57,0.00224520626655795
385,175,311,10.5775,0.00257082085716794
385,175,311,10.585,0.00253143905353677
385,175,311,10.5925,0.00204405785368019
385,175,311,10.6,0.00194494980092234
385,175,311,10.6075,0.00173237738774655
385,175,311,10.615,0.00170457910310586
385,175,311,10.6225,0.00216137458874505
385,175,311,10.63,0.00163991738198943
385,175,311,10.6375,0.00125075708466808
385,175,311,10.645,0.00141463980866971
385,175,311,10.6525,0.000939678296334379
385,175,311,10.66,0.0014663592890245
385,175,311,10.6675,0.00080956849105348
385,175,311,10.675,0.000859723721325843
385,175,311,10.6825,0.000633983266464187
385,175,311,10.69,0.000642804285749686
385,175,311,10.6975,0.000299188419264613
385,175,311,10.705,0.000290870225654882
385,175,311,10.7125,0.00038543050018471
385,175,311,10.72,0.00035226455968338
385,175,311,10.7275,0.000227400360517504
385,175,311,10.735,0.000804205455090209
385,175,311,10.7425,0.000893405271352069
385,175,311,10.75,0.00109037055862894
385,175,311,10.7575,0.00142912710270226
385,175,311,10.765,0.00119001751614775
385,175,311,10.7725,0.00124103628305965
385,175,311,10.78,0.00107658197134686
385,175,311,10.7875,0.00156677743903321
385,175,311,10.795,0.00153581879989123
385,175,311,10.8025,0.00171427091418128
385,175,311,10.81,0.00176234526045016
385,175,311,10.8175,0.00224163597118978
385,175,311,10.825,0.00129916439463791
385,175,311,10.8325,0.00178324467059496
385,175,311,10.84,0.00149476627306856
385,175,311,10.8475,0.00170422952127445
385,175,311,10.855,0.00119141716831581
385,175,311,10.8625,0.00137592424689161
385,175,311,10.87,0.00175475686909381
385,175,311,10.8775,0.00179486675890462
385,175,311,10.885,0.00166968106982981
385,175,311,10.8925,0.00138400396786795
385,175,311,10.9,0.00101459504533261
385,175,311,10.9075,0.0015616739342179
385,175,311,10.915,0.000952014425784866
385,175,311,10.9225,0.00144849117199528
385,175,311,10.93,0.0014886086814541
385,175,311,10.9375,0.0011446625420128
385,175,311,10.945,0.00110721198653615
385,175,311,10.9525,0.00130051050487221
385,175,311,10.96,0.00070354071517607
385,175,311,10.9675,0.00117439280896608
385,175,311,10.975,0.000706209242578722
385,175,311,10.9825,0.000811802755852743
385,175,311,10.99,0.00115095230720282
385,175,311,10.9975,0.00113606725846644
385,175,311,11.005,0.000712213489658764
385,175,311,11.0125,0.000482341425868591
385,175,311,11.02,0.000685931316293683
385,175,311,11.0275,0.00083564598877843
385,175,311,11.035,0.000720093208222988
385,175,311,11.0425,0.000802596371338872
385,175,311,11.05,0.000612214746372866
385,175,311,11.0575,0.00111539832099963
385,175,311,11.065,0.00102734793603553
385,175,311,11.0725,0.00086039552600294
385,175,311,11.08,0.00112356848230466
385,175,311,11.0875,0.0010498361084146
385,175,311,11.095,0.00128487762524952
385,175,311,11.1025,0.00110517779526
385,175,311,11.11,0.000643697247055612
385,175,311,11.1175,0.00104556816931969
385,175,311,11.125,0.00127488073036387
385,175,311,11.1325,0.00142411149473116
385,175,311,11.14,0.00159487104611592
385,175,311,11.1475,0.00170453135931351
385,175,311,11.155,0.00151542492065315
385,175,311,11.1625,0.000921303873613975
385,175,311,11.17,0.0012871227781451
385,175,311,11.1775,0.00123962596877938
385,175,311,11.185,0.00081114489513598
385,175,311,11.1925,0.00113622490206187
385,175,311,11.2,0.00131838425161959
385,175,311,11.2075,0.000798685129551687
385,175,311,11.215,0.000716301981107956
385,175,311,11.2225,0.00069953904036327
385,175,311,11.23,0.000603045592078089
385,175,311,11.2375,0.000752387039416006
385,175,311,11.245,0.000675623627763209
385,175,311,11.2525,0.000961825095476828
385,175,311,11.26,0.00128303966589411
385,175,311,11.2675,0.00120326262295989
385,175,311,11.275,0.00139230058264558
385,175,311,11.2825,0.00173035930465924
385,175,311,11.29,0.00199724544665469
385,175,311,11.2975,0.00185464496029641
385,175,311,11.305,0.00187489522580534
385,175,311,11.3125,0.00176699255708867
385,175,311,11.32,0.00201857922928283
385,175,311,11.3275,0.00205115635663182
385,175,311,11.335,0.00193893827852013
385,175,311,11.3425,0.00179688955224607
385,175,311,11.35,0.00196734902743445
385,175,311,11.3575,0.00148949419678441
385,175,311,11.365,0.00146802000419562
385,175,311,11.3725,0.00162828904431234
385,175,311,11.38,0.00144181082989845
385,175,311,11.3875,0.00130753863352157
385,175,311,11.395,0.00124880147892552
385,175,311,11.4025,0.000916828440146432
385,175,311,11.41,0.0011197595780638
385,175,311,11.4175,0.000859467944185691
385,175,311,11.425,0.000522513217261348
385,175,311,11.4325,0.000942646585402743
385,175,311,11.44,5.5113921715211e-05
385,175,311,11.4475,0.000188943872589425
385,175,311,11.455,0.00053579896168017
385,175,311,11.4625,0.00060615762530624
385,175,311,11.47,0.000478725821574319
385,175,311,11.4775,0.000984900600530124
385,175,311,11.485,0.000922110884909462
385,175,311,11.4925,0.000813041985113125
385,175,311,11.5,0.00100039012500206
385,175,311,11.5075,0.00122018548279452
385,175,311,11.515,0.00166980332900073
385,175,311,11.5225,0.00130999503634954
385,175,311,11.53,0.00197903654439428
385,175,311,11.5375,0.00170683198409439
385,175,311,11.545,0.00171050432478059
385,175,311,11.5525,0.00185746387268916
385,175,311,11.56,0.0019296773030557
385,175,311,11.5675,0.00148129823962733
385,175,311,11.575,0.00175869844250318
385,175,311,11.5825,0.00150347755061288
385,175,311,11.59,0.00161740470554905
385,175,311,11.5975,0.00183695568876497
385,175,311,11.605,0.00152308183844399
385,175,311,11.6125,0.00138775041125495
385,175,311,11.62,0.00145740577227234
385,175,311,11.6275,0.00150628980973088
385,175,311,11.635,0.00220812722027861
385,175,311,11.6425,0.00154719058909168
385,175,311,11.65,0.00151262148249035
385,175,311,11.6575,0.00206402983668382
385,175,311,11.665,0.00176750698308265
385,175,311,11.6725,0.00152976505767322
385,175,311,11.68,0.00176519362065469
385,175,311,11.6875,0.00152289101715157
385,175,311,11.695,0.00165555984754479
385,175,311,11.7025,0.00116874821525364
385,175,311,11.71,0.00182574989601603
385,175,311,11.7175,0.00148865399450313
385,175,311,11.725,0.00112627780064115
385,175,311,11.7325,0.000715279063566448
385,175,311,11.74,0.000692272192066714
385,175,311,11.7475,0.00044774777812826
385,175,311,11.755,0.000435322786256403
385,175,311,11.7625,0.000684549318517293
385,175,311,11.77,0.000396046128759942
385,175,311,11.7775,0.000812682260228599
385,175,311,11.785,0.000836728690423131
385,175,311,11.7925,0.000871132480656464
385,175,311,11.8,0.000960197810933895
385,175,311,11.8075,0.00132454171051191
385,175,311,11.815,0.00105134350896878
385,175,311,11.8225,0.0017510519126118
385,175,311,11.83,0.00147953419729103
385,175,311,11.8375,0.00116985553809724
385,175,311,11.845,0.00187190713529911
385,175,311,11.8525,0.00127477793862102
385,175,311,11.86,0.00158630388790118
385,175,311,11.8675,0.00169260941480006
385,175,311,11.875,0.00137187671861078
385,175,311,11.8825,0.00144718522394212
385,175,311,11.89,0.00130851823087543
385,175,311,11.8975,0.00140322952646551
385,175,311,11.905,0.00137015580583499
385,175,311,11.9125,0.00178995426817326
385,175,311,11.92,0.00172007221896055
385,175,311,11.9275,0.00159370666433939
385,175,311,11.935,0.00133810340351227
385,175,311,11.9425,0.00131242122795504
385,175,311,11.95,0.00102092964003487
385,175,311,11.9575,0.00148228796169507
385,175,311,11.965,0.000934533223443159
385,175,311,11.9725,0.000438406091607799
385,175,311,11.98,0.000998246431920183
385,175,311,11.9875,0.000820293747117529
385,175,311,11.995,0.000730989040132772
385,175,311,12.0025,0.000918815141529086
385,175,311,12.01,0.0007989954328309
385,175,311,12.0175,0.000740191026522916
385,175,311,12.025,0.000847190033339213
385,175,311,12.0325,0.000746345163643843
385,175,311,12.04,0.000895855415617599
385,175,311,12.0475,0.000816499866134518
385,175,311,12.055,0.00124996028895487
385,175,311,12.0625,0.00115537426816441
385,175,311,12.07,0.00146438861633239
385,175,311,12.0775,0.00144357730872554
385,175,311,12.085,0.000782886208114369
385,175,311,12.0925,0.00114568393793942
385,175,311,12.1,0.00179596610501224
385,175,311,12.1075,0.00147226200974153
385,175,311,12.115,0.00149926098772997
385,175,311,12.1225,0.00118124958660582
385,175,311,12.13,0.00123582557471073
385,175,311,12.1375,0.00105150631260784
385,175,311,12.145,0.000788819377062263
385,175,311,12.1525,0.000412027197388104
385,175,311,12.16,0.000460497438441495
385,175,311,12.1675,0.00080003040146763
385,175,311,12.175,0.000748336765723691
385,175,311,12.1825,0.00106782853898786
385,175,311,12.19,0.000480254090689705
385,175,311,12.1975,0.000627862212998598
385,175,311,12.205,0.000889146961296303
385,175,311,12.2125,0.000738851373882468
385,175,311,12.22,0.000481344999403065
385,175,311,12.2275,0.000693337657908937
385,175,311,12.235,0.000744843804204324
385,175,311,12.2425,0.000638183286522617
385,175,311,12.25,0.00104703585623405
385,175,311,12.2575,0.00109675028054001
385,175,311,12.265,0.000950490485341849
385,175,311,12.2725,0.00134169515518497
385,175,311,12.28,0.00119843546373673
385,175,311,12.2875,0.00128086525008436
385,175,311,12.295,0.00163839099093747
385,175,311,12.3025,0.00165483093405441
385,175,311,12.31,0.00160389399784746
385,175,311,12.3175,0.00182715268718229
385,175,311,12.325,0.00177633644396213
385,175,311,12.3325,0.0017789833663665
385,175,311,12.34,0.00178507988850118
385,175,311,12.3475,0.00199120001097379
385,175,311,12.355,0.00165231837604214
385,175,311,12.3625,0.00166620323859679
385,175,311,12.37,0.00112323584577248
385,175,311,12.3775,0.000971322723798672
385,175,311,12.385,0.00141936043300597
385,175,311,12.3925,0.000847809954059942
385,175,311,12.4,0.00128025120243906
385,175,311,12.4075,0.00117362859171995
385,175,311,12.415,0.00078964530006155
385,175,311,12.4225,0.0010194646743596
385,175,311,12.43,0.00103590098175358
385,175,311,12.4375,0.000870134075408759
385,175,311,12.445,0.000979836692723986
385,175,311,12.4525,0.001277595276426
385,175,311,12.46,0.0010396200455639
385,175,311,12.4675,0.00115752829598338
385,175,311,12.475,0.000441172212237221
385,175,311,12.4825,0.000485877177365056
385,175,311,12.49,0.000405048433437626
385,175,311,12.4975,0.000534756608896609
385,175,311,12.505,0.000584300847275107
385,175,311,12.5125,0.000593000318933028
385,175,311,12.52,0.00039790938034949
385,175,311,12.5275,0.000458573412061026
385,175,311,12.535,0.000931495545914621
385,175,311,12.5425,0.000978673411736596
385,175,311,12.55,0.000531899746481284
385,175,311,12.5575,0.000827497448659242
385,175,311,12.565,0.00150109000506944
385,175,311,12.5725,0.00121085737574933
385,175,311,12.58,0.00131146591585665
385,175,311,12.5875,0.00123909786371251
385,175,311,12.595,0.00118479830866479
385,175,311,12.6025,0.00105836543382074
385,175,311,12.61,0.00113597266113979
385,175,311,12.6175,0.00150125387579182
385,175,311,12.625,0.00120803532140134
385,175,311,12.6325,0.0014655151016357
385,175,311,12.64,0.0011505747185082
385,175,311,12.6475,0.00187972948141109
385,175,311,12.655,0.00148173513836991
385,175,311,12.6625,0.00138231338731422
385,175,311,12.67,0.00121647583920548
385,175,311,12.6775,0.00166072706535723
385,175,311,12.685,0.00187381186956767
385,175,311,12.6925,0.00159914746201294
385,175,311,12.7,0.00120923945479142
385,175,311,12.7075,0.000892015295190989
385,175,311,12.715,0.00136459461037606
385,175,311,12.7225,0.00115363581589441
385,175,311,12.73,0.000848983370552469
385,175,311,12.7375,0.00063390480051018
385,175,311,12.745,0.000465706777427753
385,175,311,12.7525,0.000130442570783794
385,175,311,12.76,0.000115536145698121
385,175,311,12.7675,0.000232218200600381
385,175,311,12.775,0.00061700712418719
385,175,311,12.7825,0.000700986942455085
385,175,311,12.79,0.000782392084476967
385,175,311,12.7975,0.000671063685447584
385,175,311,12.805,0.000956669077285686
385,175,311,12.8125,0.000946842887903983
385,175,311,12.82,0.00118508530577172
385,175,311,12.8275,0.00098014639572269
385,175,311,12.835,0.000753492159200696
385,175,311,12.8425,0.00089786715011957
385,175,311,12.85,0.000629940208837644
385,175,311,12.8575,0.00100477596158132
385,175,311,12.865,0.000565973075932912
385,175,311,12.8725,0.000813904762110899
385,175,311,12.88,0.000387382619625474
385,175,311,12.8875,0.00057288666744019
385,175,311,12.895,0.000925458635441613
385,175,311,12.9025,0.000546105918876462
385,175,311,12.91,0.00100519308718646
385,175,311,12.9175,0.000599940320292358
385,175,311,12.925,0.00103594308474146
385,175,311,12.9325,0.000750642162257049
385,175,311,12.94,0.00102966172687988
385,175,311,12.9475,0.000836630634664118
385,175,311,12.955,0.000759259188999655
385,175,311,12.9625,0.000472450828381859
385,175,311,12.97,0.000525006959740186
385,175,311,12.9775,0.000544899235590902
385,175,311,12.985,0.000245866244918312
385,175,311,12.9925,0.000333549163780347
385,175,311,13,0.000567548567920605
385,175,311,13.0075,0.000894833124436382
385,175,311,13.015,0.000828169932997533
385,175,311,13.0225,0.000712043579293412
385,175,311,13.03,0.000710797642991569
385,175,311,13.0375,0.000625658558399198
385,175,311,13.045,0.000753352677650484
385,175,311,13.0525,0.000565547899990271
385,175,311,13.06,0.000817605412292267
385,175,311,13.0675,0.000562064441447492
385,175,311,13.075,0.000960379852589987
385,175,311,13.0825,0.000704980314954605
385,175,311,13.09,0.0010492689309808
385,175,311,13.0975,0.000627689479061514
385,175,311,13.105,0.00069076903838533
385,175,311,13.1125,0.00055947549825929
385,175,311,13.12,0.000895484741824155
385,175,311,13.1275,0.00121985095807576
385,175,311,13.135,0.000737391029919166
385,175,311,13.1425,0.00126625284989185
385,175,311,13.15,0.000819716345508014
385,175,311,13.1575,0.00078689747190123
385,175,311,13.165,0.00103916889810164
385,175,311,13.1725,0.00130462637863197
385,175,311,13.18,0.000913577176763872
385,175,311,13.1875,0.000931397747454961
385,175,311,13.195,0.00102567766813374
385,175,311,13.2025,0.000811833346668263
385,175,311,13.21,0.00070601729719926
385,175,311,13.2175,0.000424999351073032
385,175,311,13.225,0.000352830499585999
385,175,311,13.2325,0.00035184467240976
385,175,311,13.24,0.000560296063963419
385,175,311,13.2475,0.000466271292954047
385,175,311,13.255,0.000338087340561516
385,175,311,13.2625,0.000451316281454586
385,175,311,13.27,0.000188366022789614
385,175,311,13.2775,0.000485338606827496
385,175,311,13.285,0.000870132244950015
385,175,311,13.2925,0.00099267367534199
385,175,311,13.3,0.000957237888385433
385,175,311,13.3075,0.000989744831526015
385,175,311,13.315,0.00109981386496677
385,175,311,13.3225,0.00121421622964565
385,175,311,13.33,0.00125247261149332
385,175,311,13.3375,0.00122948072103404
385,175,311,13.345,0.00190705476505477
385,175,311,13.3525,0.00187174861502205
385,175,311,13.36,0.0016589337594066
385,175,311,13.3675,0.00140590497027776
385,175,311,13.375,0.00134800533108424
385,175,311,13.3825,0.00148018091702386
385,175,311,13.39,0.00133807298391874
385,175,311,13.3975,0.0014957076229589
385,175,311,13.405,0.0011865303264575
385,175,311,13.4125,0.0013209505965478
385,175,311,13.42,0.00122275011155245
385,175,311,13.4275,0.00111528612407163
385,175,311,13.435,0.00106429990798417
385,175,311,13.4425,0.000873560408671905
385,175,311,13.45,0.00133642980141742
385,175,311,13.4575,0.000864231807851553
385,175,311,13.465,0.000556587301377301
385,175,311,13.4725,0.000788557145503337
385,175,311,13.48,0.00063928384433958
385,175,311,13.4875,0.000566584420554801
385,175,311,13.495,0.000577310659624744
385,175,311,13.5025,0.000407852525621908
385,175,311,13.51,0.000790937693489061
385,175,311,13.5175,0.000493355014721221
385,175,311,13.525,0.00129859216784528
385,175,311,13.5325,0.000643436688568804
385,175,311,13.54,0.000946535689271294
385,175,311,13.5475,0.000858367137637489
385,175,311,13.555,0.00106185167758389
385,175,311,13.5625,0.000867942172127353
385,175,311,13.57,0.000714720981964265
385,175,311,13.5775,0.00113223098340913
385,175,311,13.585,0.000370424745092305
385,175,311,13.5925,0.000762377974477618
385,175,311,13.6,0.00100003152003902
385,175,311,13.6075,0.000903978181087429
385,175,311,13.615,0.000875575697393736
385,175,311,13.6225,0.00136828845325421
385,175,311,13.63,0.00120534621032223
385,175,311,13.6375,0.00111731166346887
385,175,311,13.645,0.000903480964513326
385,175,311,13.6525,0.000843187078701672
385,175,311,13.66,0.00141312736105805
385,175,311,13.6675,0.00121760630801857
385,175,311,13.675,0.00133108519710025
385,175,311,13.6825,0.000796952592097183
385,175,311,13.69,0.00124433509713852
385,175,311,13.6975,0.00130607874323125
385,175,311,13.705,0.00096999694668965
385,175,311,13.7125,0.000906233037064284
385,175,311,13.72,0.00128777682680721
385,175,311,13.7275,0.00129054940132633
385,175,311,13.735,0.000922429712516609
385,175,311,13.7425,0.00109342902868759
385,175,311,13.75,0.000736875019550306
385,175,311,13.7575,0.00110396103347593
385,175,311,13.765,0.000643993178400468
385,175,311,13.7725,0.000781464692158889
385,175,311,13.78,0.000371852379989834
385,175,311,13.7875,0.000759225595827467
385,175,311,13.795,0.000478942577562403
385,175,311,13.8025,0.000622844252553506
385,175,311,13.81,0.0004039829284001
385,175,311,13.8175,0.000581151379898064
385,175,311,13.825,0.000495542156611453
385,175,311,13.8325,0.000679381186281252
385,175,311,13.84,0.00121178678837589
385,175,311,13.8475,0.000672155651753412
385,175,311,13.855,0.000997797688040012
385,175,311,13.8625,0.00115299709607748
385,175,311,13.87,0.000941782628039931
385,175,311,13.8775,0.000966193215473871
385,175,311,13.885,0.0012805096557237
385,175,311,13.8925,0.00132910517437402
385,175,311,13.9,0.00128450694405793
385,175,311,13.9075,0.00139567917087945
385,175,311,13.915,0.00145042982496799
385,175,311,13.9225,0.00171639308816623
385,175,311,13.93,0.00133023503467195
385,175,311,13.9375,0.00147915812221345
385,175,311,13.945,0.00104615221886869
385,175,311,13.9525,0.000960350213293918
385,175,311,13.96,0.00105857168759861
385,175,311,13.9675,0.000903194114564618
385,175,311,13.975,0.000828405317611253
385,175,311,13.9825,0.000866547460600643
385,175,311,13.99,8.19799855189137e-05
385,175,311,13.9975,0.000812297459416757
385,175,311,14.005,0.000490064165672681
385,175,311,14.0125,0.000502821795357659
385,175,311,14.02,0.000986093911809345
385,175,311,14.0275,0.000758715560411083
385,175,311,14.035,0.000710715425781805
385,175,311,14.0425,0.000555306579124805
385,175,311,14.05,0.000734251599604344
385,175,311,14.0575,0.000806410004408059
385,175,311,14.065,0.000926093669492578
385,175,311,14.0725,0.000881871708219749
385,175,311,14.08,0.00110470301796641
385,175,311,14.0875,0.000641184409634423
385,175,311,14.095,0.00125979745103837
385,175,311,14.1025,0.00131699302573035
385,175,311,14.11,0.00127402779282562
385,175,311,14.1175,0.00107840386462439
385,175,311,14.125,0.0015578440476888
385,175,311,14.1325,0.00124062374550227
385,175,311,14.14,0.000368031430448653
385,175,311,14.1475,0.000873122998352118
385,175,311,14.155,0.00093925338637723
385,175,311,14.1625,0.000440110814234285
385,175,311,14.17,0.000663334415441714
385,175,311,14.1775,0.00113773051866452
385,175,311,14.185,0.000841912006817734
385,175,311,14.1925,0.000942792112258075
385,175,311,14.2,0.000422299472457172
385,175,311,14.2075,6.34236647204233e-05
385,175,311,14.215,0.00112125771914093
385,175,311,14.2225,0.00110108046589503
385,175,311,14.23,0.000803892406761374
385,175,311,14.2375,0.000691586520507182
385,175,311,14.245,0.00081145297646706
385,175,311,14.2525,0.000495084501172997
385,175,311,14.26,0.000484674974472029
385,175,311,14.2675,0.000215240687688988
385,175,311,14.275,0.000577882169939207
385,175,311,14.2825,0.000626938567238122
385,175,311,14.29,0.000654300974561796
385,175,311,14.2975,0.000196062324790347
385,175,311,14.305,0.000818557023790125
385,175,311,14.3125,0.000975687326828594
385,175,311,14.32,0.000325028439790794
385,175,311,14.3275,0.000522336642255096
385,175,311,14.335,0.000231077300185777
385,175,311,14.3425,0.000269889692616084
385,175,311,14.35,0.000556116447460097
385,175,311,14.3575,0.000235669424794721
385,175,311,14.365,0.00055204029140706
385,175,311,14.3725,0.000928666291897187
385,175,311,14.38,0.000549213122515664
385,175,311,14.3875,0.000786730825113773
385,175,311,14.395,0.000685372379974473
385,175,311,14.4025,0.000841999789364355
385,175,311,14.41,0.000890798174374733
385,175,311,14.4175,0.000571070181595076
385,175,311,14.425,0.000969363052469807
385,175,311,14.4325,0.000724008187118468
385,175,311,14.44,0.000517600577017708
385,175,311,14.4475,0.00134094891464554
385,175,311,14.455,0.000753157973841461
385,175,311,14.4625,0.000922635479388816
385,175,311,14.47,0.0012051228799723
385,175,311,14.4775,0.000685765018400628
385,175,311,14.485,0.000998305733887179
385,175,311,14.4925,0.000691621343306539
385,175,311,14.5,0.00127057552904446
385,175,311,14.5075,0.000652413401556263
385,175,311,14.515,0.000931739603466254
385,175,311,14.5225,0.000537461582375324
385,175,311,14.53,0.000543363385079024
385,175,311,14.5375,0.000809518897407502
385,175,311,14.545,0.000568567451803538
385,175,311,14.5525,0.000382043819456752
385,175,311,14.56,0.000655220264849855
385,175,311,14.5675,0.000682183817025097
385,175,311,14.575,0.000198542145334112
385,175,311,14.5825,0.000526037267439866
385,175,311,14.59,0.00039783530613625
385,175,311,14.5975,0.000348584213844086
385,175,311,14.605,5.13900035218534e-05
385,175,311,14.6125,0.000596104132188503
385,175,311,14.62,0.000337404914691149
385,175,311,14.6275,0.00102479369139093
385,175,311,14.635,0.000474026883124419
385,175,311,14.6425,0.000719262138550071
385,175,311,14.65,0.00102456104812106
385,175,311,14.6575,0.000634872918771637
385,175,311,14.665,0.000233080206246609
385,175,311,14.6725,0.000760717934196942
385,175,311,14.68,0.000779281840754974
385,175,311,14.6875,0.000333228117393984
385,175,311,14.695,0.000499183101832991
385,175,311,14.7025,0.000743746008214406
385,175,311,14.71,0.000239617900605802
385,175,311,14.7175,0.000519283809603332
385,175,311,14.725,0.000525916698741151
385,175,311,14.7325,0.000574443648415456
385,175,311,14.74,0.00062212617124889
385,175,311,14.7475,0.000453511836688967
385,175,311,14.755,0.000709900289098373
385,175,311,14.7625,0.000457894534054083
385,175,311,14.77,0.000467940458965533
385,175,311,14.7775,0.000446679873152671
385,175,311,14.785,0.000484062997150678
385,175,311,14.7925,0.000591855523006791
385,175,311,14.8,0.000660626691439536
385,175,311,14.8075,0.000429590641638296
385,175,311,14.815,0.000657700089982196
385,175,311,14.8225,0.000757372181511747
385,175,311,14.83,0.00067512137154582
385,175,311,14.8375,0.000367914837495182
385,175,311,14.845,0.000945123208265634
385,175,311,14.8525,0.000649393978957632
385,175,311,14.86,0.00108458975308091
385,175,311,14.8675,0.000680048540961489
385,175,311,14.875,0.000793472911201169
385,175,311,14.8825,0.000584043658035472
385,175,311,14.89,0.000364819520551135
385,175,311,14.8975,0.000626528429154422
385,175,311,14.905,0.000659439519590239
385,175,311,14.9125,0.000590513898837889
385,175,311,14.92,0.000737656018681991
385,175,311,14.9275,0.000499727136309558
385,175,311,14.935,0.000257964920227271
385,175,311,14.9425,0.000323486299456518
385,175,311,14.95,0.000246003723736947
385,175,311,14.9575,0.000777331344590296
385,175,311,14.965,0.000412593424205137
385,175,311,14.9725,0.000848587313597968
385,175,311,14.98,0.000544441475487237
385,175,311,14.9875,0.00107058172034763
385,175,311,14.995,0.000545339889193793
385,175,311,15.0025,0.000721786166520747
385,175,311,15.01,0.000257768337974372
385,175,311,15.0175,0.000495775669916871
385,175,311,15.025,0.000312648844458077
385,175,311,15.0325,0.000422040904653171
385,175,311,15.04,0.000425463854845532
385,175,311,15.0475,0.000249344338314001
385,175,311,15.055,0.000624558264137888
385,175,311,15.0625,0.00051823957382316
385,175,311,15.07,0.000835142689729905
385,175,311,15.0775,0.000320904741421123
385,175,311,15.085,0.000804928065070682
385,175,311,15.0925,0.000616949332588791
385,175,311,15.1,0.000219688752843579
385,175,311,15.1075,0.000400739486748023
385,175,311,15.115,0.00063206252058257
385,175,311,15.1225,0.000367078618462604
385,175,311,15.13,0.00075117461885199
385,175,311,15.1375,0.000497802329897735
385,175,311,15.145,0.000796749095424924
385,175,311,15.1525,0.000705159047328618
385,175,311,15.16,0.000772303331372179
385,175,311,15.1675,0.00042932464495886
385,175,311,15.175,0.000150458230851549
385,175,311,15.1825,0.00103501569081688
385,175,311,15.19,0.000822056114318391
385,175,311,15.1975,0.00100010157310527
385,175,311,15.205,0.00108489543818924
385,175,311,15.2125,0.000630342690190787
385,175,311,15.22,0.00105954028183265
385,175,311,15.2275,0.000811973351421371
385,175,311,15.235,0.00065833442337913
385,175,311,15.2425,0.000839339436919679
385,175,311,15.25,0.00065284886373316
385,175,311,15.2575,0.000514348065453099
385,175,311,15.265,0.000576707163518114
385,175,311,15.2725,0.000680856821646731
385,175,311,15.28,0.000200997255720785
385,175,311,15.2875,0.000350656590541781
385,175,311,15.295,0.000202579025408253
385,175,311,15.3025,0.000268515097087872
385,175,311,15.31,0.00093956248699005
385,175,311,15.3175,0.000686205666633037
385,175,311,15.325,0.000340271862565923
385,175,311,15.3325,0.000557648419590269
385,175,311,15.34,0.000304748131524145
385,175,311,15.3475,0.000593963601062113
385,175,311,15.355,0.000626343597279211
385,175,311,15.3625,0.000722723048571861
385,175,311,15.37,0.000871758109770472
385,175,311,15.3775,0.000630482780150434
385,175,311,15.385,0.000590848444150337
385,175,311,15.3925,0.000951896324479827
385,175,311,15.4,0.000670239799790374
385,175,311,15.4075,0.000577244666010078
385,175,311,15.415,0.000400519740912285
385,175,311,15.4225,0.000503698560396449
385,175,311,15.43,0.00100922452563113
385,175,311,15.4375,0.000350883949540144
385,175,311,15.445,0.000631894046423618
385,175,311,15.4525,0.000524350031745249
385,175,311,15.46,0.00102313917764621
385,175,311,15.4675,0.000747149201347247
385,175,311,15.475,0.000574659041046376
385,175,311,15.4825,0.000745527078577827
385,175,311,15.49,0.000180957232235342
385,175,311,15.4975,0.000204619778560231
385,175,311,15.505,0.000552010075015967
385,175,311,15.5125,0.000309063439427155
385,175,311,15.52,0.00053389690980252
385,175,311,15.5275,0.000276037008211167
385,175,311,15.535,0.000845608427894941
385,175,311,15.5425,0.000482813104174326
385,175,311,15.55,0.000236049329615872
385,175,311,15.5575,0.000790291025522144
385,175,311,15.565,0.000225380796261107
385,175,311,15.5725,0.000421931668124461
385,175,311,15.58,0.000663649268582639
385,175,311,15.5875,0.000824174383744865
385,175,311,15.595,0.000567820632102707
385,175,311,15.6025,0.000775469673248192
385,175,311,15.61,0.00100227690516709
385,175,311,15.6175,0.000477682702282708
385,175,311,15.625,0.000566377916339423
385,175,311,15.6325,0.00063968131697998
385,175,311,15.64,0.000616708924493695
385,175,311,15.6475,0.000452877913256063
385,175,311,15.655,0.000391200201487889
385,175,311,15.6625,0.000662490422522364
385,175,311,15.67,0.000501819646230993
385,175,311,15.6775,0.00027711583290946
385,175,311,15.685,0.000577735355195221
385,175,311,15.6925,0.000745350013822405
385,175,311,15.7,0.00036009500267889
385,175,311,15.7075,0.00044783490549753
385,175,311,15.715,0.000744986748149435
385,175,311,15.7225,0.000802188449365929
385,175,311,15.73,0.00092760607559514
385,175,311,15.7375,0.00047838377288955
385,175,311,15.745,0.000432645872900378
385,175,311,15.7525,0.000164616829326748
385,175,311,15.76,0.000451264269610585
385,175,311,15.7675,0.000252655587975159
385,175,311,15.775,0.000613633815264017
385,175,311,15.7825,0.000188084039375071
385,175,311,15.79,0.000170544475355713
385,175,311,15.7975,0.000247236905010149
385,175,311,15.805,0.000431111455102663
385,175,311,15.8125,0.000433249424060187
385,175,311,15.82,0.000400714151296682
385,175,311,15.8275,0.000213406129992695
385,175,311,15.835,7.19503155066821e-05
385,175,311,15.8425,0.000383707484058715
385,175,311,15.85,0.000425662898270636
385,175,311,15.8575,0.0001132847564488
385,175,311,15.865,0.000219252733170834
385,175,311,15.8725,0.000237498031123964
385,175,311,15.88,0.000571273990979069
385,175,311,15.8875,0.000423096310330865
385,175,311,15.895,0.000380007715936699
385,175,311,15.9025,0.000292221366999753
385,175,311,15.91,0.000549775627947363
385,175,311,15.9175,0.000428750864480677
385,175,311,15.925,0.000725287400943927
385,175,311,15.9325,0.00091443215277364
385,175,311,15.94,0.000912668896952389
385,175,311,15.9475,0.00038763870654186
385,175,311,15.955,0.000610347547842005
385,175,311,15.9625,0.000412203866648233
385,175,311,15.97,0.000688871281584233
385,175,311,15.9775,0.000951794576918541
385,175,311,15.985,0.000366165002652314
385,175,311,15.9925,0.000914347436855392
385,175,311,16,0.000723483431717311
385,175,310,4,0.00491065596783576
385,175,310,4.0075,0.0043985174215189
385,175,310,4.015,0.0044975227702731
385,175,310,4.0225,0.0040285951874831
385,175,310,4.03,0.00346040308686528
385,175,310,4.0375,0.00390346264140327
385,175,310,4.045,0.00290294936510344
385,175,310,4.0525,0.00366487087789206
385,175,310,4.06,0.00389902869327428
385,175,310,4.0675,0.00340869016539645
385,175,310,4.075,0.00381871918417184
385,175,310,4.0825,0.00386537758527229
385,175,310,4.09,0.00376154599568394
385,175,310,4.0975,0.00447915233792772
385,175,310,4.105,0.00435455383387886
385,175,310,4.1125,0.00477920113882523
385,175,310,4.12,0.00482760489426341
385,175,310,4.1275,0.00494066109468336
385,175,310,4.135,0.00486395557295637
385,175,310,4.1425,0.00475300934881163
385,175,310,4.15,0.00431593237522137
385,175,310,4.1575,0.00521978447481452
385,175,310,4.165,0.00580078865510827
385,175,310,4.1725,0.00502666878239303
385,175,310,4.18,0.00539482291220778
385,175,310,4.1875,0.00490870745869181
385,175,310,4.195,0.00478770230050504
385,175,310,4.2025,0.00489794843239114
385,175,310,4.21,0.0047889180211913
385,175,310,4.2175,0.00497502401755904
385,175,310,4.225,0.00441464010203817
385,175,310,4.2325,0.00367240670764202
385,175,310,4.24,0.00414825794638724
385,175,310,4.2475,0.00368512871070883
385,175,310,4.255,0.00353507885490638
385,175,310,4.2625,0.00334851528285921
385,175,310,4.27,0.00288913416275823
385,175,310,4.2775,0.00263993269089364
385,175,310,4.285,0.00317368437756504
385,175,310,4.2925,0.00323698584160736
385,175,310,4.3,0.00317506250110292
385,175,310,4.3075,0.00346436774313386
385,175,310,4.315,0.00325904852914765
385,175,310,4.3225,0.00259521934383322
385,175,310,4.33,0.00212493668698625
385,175,310,4.3375,0.00155062787179301
385,175,310,4.345,0.00144073703514423
385,175,310,4.3525,0.00128053693369885
385,175,310,4.36,0.0019516931782761
385,175,310,4.3675,0.00168985529902947
385,175,310,4.375,0.00232289868759206
385,175,310,4.3825,0.00233729135600459
385,175,310,4.39,0.00243228800359507
385,175,310,4.3975,0.00289607228598622
385,175,310,4.405,0.00235791698873315
385,175,310,4.4125,0.00305926979040049
385,175,310,4.42,0.00348426026736715
385,175,310,4.4275,0.00309445856153673
385,175,310,4.435,0.0030406981113065
385,175,310,4.4425,0.00274962151535522
385,175,310,4.45,0.00261148416734256
385,175,310,4.4575,0.0028779938832079
385,175,310,4.465,0.00277814969317496
385,175,310,4.4725,0.00337098435536195
385,175,310,4.48,0.0035210518366374
385,175,310,4.4875,0.00292151227365349
385,175,310,4.495,0.00303838113278147
385,175,310,4.5025,0.00282957912337286
385,175,310,4.51,0.00325956695674485
385,175,310,4.5175,0.00250862793233119
385,175,310,4.525,0.00259968160828019
385,175,310,4.5325,0.00324462639971701
385,175,310,4.54,0.00279581943170965
385,175,310,4.5475,0.00348646658338076
385,175,310,4.555,0.00301333739845113
385,175,310,4.5625,0.00263228775182541
385,175,310,4.57,0.00229975456672908
385,175,310,4.5775,0.00232783731857196
385,175,310,4.585,0.00139266721559584
385,175,310,4.5925,0.00139533541697563
385,175,310,4.6,0.00130611927771309
385,175,310,4.6075,0.00120433020713763
385,175,310,4.615,0.000816273335968038
385,175,310,4.6225,0.00191307418305193
385,175,310,4.63,0.00171848593361576
385,175,310,4.6375,0.002045825372936
385,175,310,4.645,0.00222433386482102
385,175,310,4.6525,0.00242225728268202
385,175,310,4.66,0.00232490738413104
385,175,310,4.6675,0.00243650855148876
385,175,310,4.675,0.00198877612045034
385,175,310,4.6825,0.00224010605657871
385,175,310,4.69,0.00208103370735903
385,175,310,4.6975,0.00239463076346848
385,175,310,4.705,0.00247676495387523
385,175,310,4.7125,0.00230156371580652
385,175,310,4.72,0.0017941673590733
385,175,310,4.7275,0.00187125344102629
385,175,310,4.735,0.00183199371398418
385,175,310,4.7425,0.00195815493714632
385,175,310,4.75,0.00191631429999011
385,175,310,4.7575,0.00122917773074494
385,175,310,4.765,0.0014351056197895
385,175,310,4.7725,0.000928683831689982
385,175,310,4.78,0.00070317541008474
385,175,310,4.7875,0.000957708132363007
385,175,310,4.795,0.000442509295390524
385,175,310,4.8025,0.000856232651002553
385,175,310,4.81,0.000847234798566242
385,175,310,4.8175,0.000870159775815048
385,175,310,4.825,0.00122839805800146
385,175,310,4.8325,0.00133125643395289
385,175,310,4.84,0.00162033393292361
385,175,310,4.8475,0.00184458149546276
385,175,310,4.855,0.00207430902004768
385,175,310,4.8625,0.00274982800761369
385,175,310,4.87,0.00279443674675437
385,175,310,4.8775,0.00214757819412894
385,175,310,4.885,0.00279482848115359
385,175,310,4.8925,0.0027321717182066
385,175,310,4.9,0.00296234191599532
385,175,310,4.9075,0.00258324252310083
385,175,310,4.915,0.00235201277694813
385,175,310,4.9225,0.00199990380170179
385,175,310,4.93,0.00192415521126341
385,175,310,4.9375,0.00203440947212329
385,175,310,4.945,0.00233950907848629
385,175,310,4.9525,0.00228726859938446
385,175,310,4.96,0.00234911621904009
385,175,310,4.9675,0.00213436865252417
385,175,310,4.975,0.00241915295414946
385,175,310,4.9825,0.00214194552547357
385,175,310,4.99,0.00149844328274608
385,175,310,4.9975,0.0017222874779422
385,175,310,5.005,0.00175606234779274
385,175,310,5.0125,0.00143262803743186
385,175,310,5.02,0.00155863658243159
385,175,310,5.0275,0.00176416089995871
385,175,310,5.035,0.000915571799369476
385,175,310,5.0425,0.00102305874998989
385,175,310,5.05,0.000391768015906503
385,175,310,5.0575,0.000492802613116573
385,175,310,5.065,0.00023498455889123
385,175,310,5.0725,0.000428559612401522
385,175,310,5.08,0.000153146372364857
385,175,310,5.0875,0.00096302409383837
385,175,310,5.095,0.000885725719170018
385,175,310,5.1025,0.000709320067910868
385,175,310,5.11,0.000911426885990958
385,175,310,5.1175,0.00149046780731587
385,175,310,5.125,0.00142994095053549
385,175,310,5.1325,0.00138253701996384
385,175,310,5.14,0.00171552586422103
385,175,310,5.1475,0.001285682419657
385,175,310,5.155,0.00101946258057614
385,175,310,5.1625,0.00121916941721384
385,175,310,5.17,0.000816201822733248
385,175,310,5.1775,0.000777018668154911
385,175,310,5.185,0.00135874157707292
385,175,310,5.1925,0.00215180104515057
385,175,310,5.2,0.00180868459971739
385,175,310,5.2075,0.00223059205956093
385,175,310,5.215,0.0024085005793116
385,175,310,5.2225,0.00240568096200463
385,175,310,5.23,0.00246138759104479
385,175,310,5.2375,0.00212969621757818
385,175,310,5.245,0.00228893456939643
385,175,310,5.2525,0.00238698206915893
385,175,310,5.26,0.00215739530558764
385,175,310,5.2675,0.00210048817473254
385,175,310,5.275,0.00224150697222795
385,175,310,5.2825,0.00234607024918973
385,175,310,5.29,0.00156234671083601
385,175,310,5.2975,0.00160484841225095
385,175,310,5.305,0.0010290956387801
385,175,310,5.3125,0.000453929176858441
385,175,310,5.32,3.36318947874252e-05
385,175,310,5.3275,0.000180064783046774
385,175,310,5.335,0.00039570385859811
385,175,310,5.3425,0.000439725030710586
385,175,310,5.35,0.000387760271670243
385,175,310,5.3575,0.000214965340814336
385,175,310,5.365,0.000172288175082211
385,175,310,5.3725,0.000225883874585035
385,175,310,5.38,0.000299972446403683
385,175,310,5.3875,0.000686949325296514
385,175,310,5.395,0.00123304964007618
385,175,310,5.4025,0.000903717905369493
385,175,310,5.41,0.000860984178513831
385,175,310,5.4175,0.00159315451092685
385,175,310,5.425,0.00113819544549226
385,175,310,5.4325,0.00166453549249379
385,175,310,5.44,0.00205437900589646
385,175,310,5.4475,0.00181384259224022
385,175,310,5.455,0.00212652540329815
385,175,310,5.4625,0.00227131194089824
385,175,310,5.47,0.00188129535563285
385,175,310,5.4775,0.00201456840217443
385,175,310,5.485,0.0021027581124339
385,175,310,5.4925,0.00139969793214217
385,175,310,5.5,0.00180839160754059
385,175,310,5.5075,0.000917827277359142
385,175,310,5.515,0.00115578028512266
385,175,310,5.5225,0.001482877104776
385,175,310,5.53,0.00114248174471156
385,175,310,5.5375,0.00171699601789705
385,175,310,5.545,0.00131649992672135
385,175,310,5.5525,0.00091202674994119
385,175,310,5.56,0.00140783709831292
385,175,310,5.5675,0.00127478973815736
385,175,310,5.575,0.00156550284990255
385,175,310,5.5825,0.00140923011566729
385,175,310,5.59,0.00163143495996608
385,175,310,5.5975,0.0014240658397051
385,175,310,5.605,0.00159137589505552
385,175,310,5.6125,0.00141858999580601
385,175,310,5.62,0.00163054532358897
385,175,310,5.6275,0.00155343450581201
385,175,310,5.635,0.00101692101988783
385,175,310,5.6425,0.00104561657762331
385,175,310,5.65,0.00114027166642443
385,175,310,5.6575,0.00169533898867699
385,175,310,5.665,0.00127282400127692
385,175,310,5.6725,0.0013518476284443
385,175,310,5.68,0.00146673895304304
385,175,310,5.6875,0.00122262085631323
385,175,310,5.695,0.00101715134617482
385,175,310,5.7025,0.00112894389653009
385,175,310,5.71,0.000464702918352473
385,175,310,5.7175,0.000442668110431908
385,175,310,5.725,0.000358837611226485
385,175,310,5.7325,0.000769868355237451
385,175,310,5.74,0.000520221039582464
385,175,310,5.7475,0.000656371696989629
385,175,310,5.755,0.000477579767284654
385,175,310,5.7625,0.000519716165038985
385,175,310,5.77,0.000778303184925793
385,175,310,5.7775,0.00117254620543722
385,175,310,5.785,0.000840728207058098
385,175,310,5.7925,0.00111457897645551
385,175,310,5.8,0.00152036139423934
385,175,310,5.8075,0.0016861296893924
385,175,310,5.815,0.00108298824215005
385,175,310,5.8225,0.00166847983060037
385,175,310,5.83,0.00162537033147395
385,175,310,5.8375,0.00168814828377916
385,175,310,5.845,0.00111991177139635
385,175,310,5.8525,0.00169402180177639
385,175,310,5.86,0.00164564053207711
385,175,310,5.8675,0.00178568883660225
385,175,310,5.875,0.00135988133297639
385,175,310,5.8825,0.00183435256691512
385,175,310,5.89,0.00158455877365679
385,175,310,5.8975,0.00169766809633016
385,175,310,5.905,0.00171405471199903
385,175,310,5.9125,0.00188462292416911
385,175,310,5.92,0.00152320806255328
385,175,310,5.9275,0.00164229934902795
385,175,310,5.935,0.00163913511556568
385,175,310,5.9425,0.000656631793561705
385,175,310,5.95,0.00177035814727758
385,175,310,5.9575,0.00101407634639929
385,175,310,5.965,0.00154405584061249
385,175,310,5.9725,0.00162260921996812
385,175,310,5.98,0.00144916921047292
385,175,310,5.9875,0.00133033254176674
385,175,310,5.995,0.00133863156659511
385,175,310,6.0025,0.00153534553047756
385,175,310,6.01,0.00138811285381806
385,175,310,6.0175,0.000934916143479453
385,175,310,6.025,0.000952094400611172
385,175,310,6.0325,0.0010403552893587
385,175,310,6.04,0.000738496631580161
385,175,310,6.0475,0.000470178321803092
385,175,310,6.055,0.000789399469069168
385,175,310,6.0625,0.000387232217546447
385,175,310,6.07,0.000771674179264906
385,175,310,6.0775,0.000431102104504591
385,175,310,6.085,0.00064307791642235
385,175,310,6.0925,0.000442535628620947
385,175,310,6.1,0.000861806774240062
385,175,310,6.1075,0.00135691453704196
385,175,310,6.115,0.0015027630014623
385,175,310,6.1225,0.00170553295340831
385,175,310,6.13,0.00173457936896298
385,175,310,6.1375,0.0013684364173729
385,175,310,6.145,0.00181755167733623
385,175,310,6.1525,0.00171169844603579
385,175,310,6.16,0.00205059784932884
385,175,310,6.1675,0.00146736792410792
385,175,310,6.175,0.00171967456314656
385,175,310,6.1825,0.00199170150002716
385,175,310,6.19,0.00154724656933421
385,175,310,6.1975,0.00118681712170579
385,175,310,6.205,0.00133013402310332
385,175,310,6.2125,0.000692248123751304
385,175,310,6.22,0.000956205945936692
385,175,310,6.2275,0.00144080846834576
385,175,310,6.235,0.00109720513522556
385,175,310,6.2425,0.00126489265982954
385,175,310,6.25,0.00120698100662797
385,175,310,6.2575,0.00112985295763928
385,175,310,6.265,0.0011200761966575
385,175,310,6.2725,0.000834647504575959
385,175,310,6.28,0.00115112941408573
385,175,310,6.2875,0.00108491175733065
385,175,310,6.295,0.00074884262816446
385,175,310,6.3025,0.000749351703575222
385,175,310,6.31,0.00120169664989842
385,175,310,6.3175,0.00143653760856056
385,175,310,6.325,0.00151678872088247
385,175,310,6.3325,0.000997972206808535
385,175,310,6.34,0.00115101975835053
385,175,310,6.3475,0.00159584906698749
385,175,310,6.355,0.00158703474258256
385,175,310,6.3625,0.00175131236904053
385,175,310,6.37,0.00154459754124129
385,175,310,6.3775,0.00175522788425246
385,175,310,6.385,0.00194642219841261
385,175,310,6.3925,0.00196955909341217
385,175,310,6.4,0.00153759859937298
385,175,310,6.4075,0.000940050077587514
385,175,310,6.415,0.00114514107390695
385,175,310,6.4225,0.000698252442211839
385,175,310,6.43,0.00124585353317682
385,175,310,6.4375,0.00138356762980339
385,175,310,6.445,0.000850327277260403
385,175,310,6.4525,0.000986280231357217
385,175,310,6.46,0.000953530656877941
385,175,310,6.4675,0.00111226089725795
385,175,310,6.475,0.00139654199792957
385,175,310,6.4825,0.0011207446592735
385,175,310,6.49,0.00163255735276143
385,175,310,6.4975,0.00151516998757639
385,175,310,6.505,0.00203471513784133
385,175,310,6.5125,0.00196624880555329
385,175,310,6.52,0.00143705207786816
385,175,310,6.5275,0.00124782303443101
385,175,310,6.535,0.00135926291099112
385,175,310,6.5425,0.00164413283706288
385,175,310,6.55,0.00189236269462416
385,175,310,6.5575,0.00155710487250979
385,175,310,6.565,0.00205143578524066
385,175,310,6.5725,0.00206666320223255
385,175,310,6.58,0.00239224379746771
385,175,310,6.5875,0.00212099453544048
385,175,310,6.595,0.00212182261407116
385,175,310,6.6025,0.00204916242529685
385,175,310,6.61,0.00208540167389432
385,175,310,6.6175,0.00212663648790367
385,175,310,6.625,0.00255817887279736
385,175,310,6.6325,0.00238618252976588
385,175,310,6.64,0.00241232754182579
385,175,310,6.6475,0.00261551360266869
385,175,310,6.655,0.00213434482811076
385,175,310,6.6625,0.00170659095282586
385,175,310,6.67,0.0015451228020368
385,175,310,6.6775,0.00136453352658014
385,175,310,6.685,0.00147084532665867
385,175,310,6.6925,0.0011961975481288
385,175,310,6.7,0.00142351779321255
385,175,310,6.7075,0.00163828953090049
385,175,310,6.715,0.00186673235568614
385,175,310,6.7225,0.0014669235029193
385,175,310,6.73,0.00236314180866402
385,175,310,6.7375,0.00198412049688426
385,175,310,6.745,0.00181001775742402
385,175,310,6.7525,0.00234947199589443
385,175,310,6.76,0.00146977916714848
385,175,310,6.7675,0.0013807503716219
385,175,310,6.775,0.00145197993034279
385,175,310,6.7825,0.00143570283982179
385,175,310,6.79,0.00106517981276157
385,175,310,6.7975,0.000862511848655644
385,175,310,6.805,0.000720064062259743
385,175,310,6.8125,0.00136466059481064
385,175,310,6.82,0.00123542908274189
385,175,310,6.8275,0.00128621734013755
385,175,310,6.835,0.00195551941470297
385,175,310,6.8425,0.0021618259098174
385,175,310,6.85,0.00224126788903083
385,175,310,6.8575,0.00189434536930379
385,175,310,6.865,0.00198184201300108
385,175,310,6.8725,0.00274927222012587
385,175,310,6.88,0.00263312348789792
385,175,310,6.8875,0.0027113043127955
385,175,310,6.895,0.00222931903181771
385,175,310,6.9025,0.00222373338957148
385,175,310,6.91,0.00284187604134814
385,175,310,6.9175,0.00318043904977145
385,175,310,6.925,0.0027911059733525
385,175,310,6.9325,0.0029280042297087
385,175,310,6.94,0.00292978733076548
385,175,310,6.9475,0.0023855915681623
385,175,310,6.955,0.00283670165029379
385,175,310,6.9625,0.00252903700985494
385,175,310,6.97,0.00258707857434932
385,175,310,6.9775,0.00176341932771858
385,175,310,6.985,0.00208331039027481
385,175,310,6.9925,0.00221937672752497
385,175,310,7,0.00211602792131348
385,175,310,7.0075,0.00159824359514155
385,175,310,7.015,0.00173917220460672
385,175,310,7.0225,0.0016009290676502
385,175,310,7.03,0.00153025888160625
385,175,310,7.0375,0.00192635231104277
385,175,310,7.045,0.00179042813490827
385,175,310,7.0525,0.00200910688734214
385,175,310,7.06,0.00211573393561151
385,175,310,7.0675,0.00184952933109264
385,175,310,7.075,0.00241011043777125
385,175,310,7.0825,0.0027262047934607
385,175,310,7.09,0.00260423539511483
385,175,310,7.0975,0.00292358193793387
385,175,310,7.105,0.00310038266136354
385,175,310,7.1125,0.00286485087893308
385,175,310,7.12,0.00261856169026169
385,175,310,7.1275,0.00291955040346116
385,175,310,7.135,0.00252568516681159
385,175,310,7.1425,0.00213199881154414
385,175,310,7.15,0.00239574641470199
385,175,310,7.1575,0.00286501703147812
385,175,310,7.165,0.00155705236475562
385,175,310,7.1725,0.0015087788081143
385,175,310,7.18,0.0012550365071045
385,175,310,7.1875,0.00110999408263675
385,175,310,7.195,0.00101653951764604
385,175,310,7.2025,0.00115924508855006
385,175,310,7.21,0.00130309014259289
385,175,310,7.2175,0.00161487734175782
385,175,310,7.225,0.00178676790612576
385,175,310,7.2325,0.00229739563891019
385,175,310,7.24,0.00247394060006238
385,175,310,7.2475,0.00257474214660453
385,175,310,7.255,0.00276920348642368
385,175,310,7.2625,0.00280169902726852
385,175,310,7.27,0.0028551164820656
385,175,310,7.2775,0.00321558282681216
385,175,310,7.285,0.00255564373444067
385,175,310,7.2925,0.00237635365152894
385,175,310,7.3,0.00275756798207104
385,175,310,7.3075,0.00240957551804989
385,175,310,7.315,0.00263430070061096
385,175,310,7.3225,0.0022681297186771
385,175,310,7.33,0.00218250350884264
385,175,310,7.3375,0.00224861580180963
385,175,310,7.345,0.00239895973462368
385,175,310,7.3525,0.00249812563612656
385,175,310,7.36,0.0024284062577904
385,175,310,7.3675,0.00234219812720187
385,175,310,7.375,0.00243586489085399
385,175,310,7.3825,0.00268500220128293
385,175,310,7.39,0.00228938150741816
385,175,310,7.3975,0.00232300339805405
385,175,310,7.405,0.00261551126955713
385,175,310,7.4125,0.00227787528380594
385,175,310,7.42,0.00271627820518567
385,175,310,7.4275,0.00250246899889507
385,175,310,7.435,0.00187606728805325
385,175,310,7.4425,0.00233591436673612
385,175,310,7.45,0.00266495826922153
385,175,310,7.4575,0.00242361260123009
385,175,310,7.465,0.00274464152323338
385,175,310,7.4725,0.00304669747084126
385,175,310,7.48,0.00291799747209515
385,175,310,7.4875,0.00293262688967135
385,175,310,7.495,0.00259253031923563
385,175,310,7.5025,0.0028811681216232
385,175,310,7.51,0.00267529964973429
385,175,310,7.5175,0.00209536410480509
385,175,310,7.525,0.00189505654275355
385,175,310,7.5325,0.00168872721827192
385,175,310,7.54,0.00165283854511605
385,175,310,7.5475,0.00114983932445543
385,175,310,7.555,0.0014220912165055
385,175,310,7.5625,0.00139737631276705
385,175,310,7.57,0.00142269974110552
385,175,310,7.5775,0.0015793883127851
385,175,310,7.585,0.00198881341859527
385,175,310,7.5925,0.00203982698393955
385,175,310,7.6,0.00212697281056268
385,175,310,7.6075,0.00228289164548319
385,175,310,7.615,0.00286324166778109
385,175,310,7.6225,0.00275012572390088
385,175,310,7.63,0.00288933125095724
385,175,310,7.6375,0.00320474719961394
385,175,310,7.645,0.00302735255368989
385,175,310,7.6525,0.00252332759778893
385,175,310,7.66,0.00315126580318293
385,175,310,7.6675,0.00311150770603095
385,175,310,7.675,0.00268681778020095
385,175,310,7.6825,0.00290882211630425
385,175,310,7.69,0.0021074752467457
385,175,310,7.6975,0.00220181506674723
385,175,310,7.705,0.00223283685626717
385,175,310,7.7125,0.00216131306469261
385,175,310,7.72,0.00202473577413654
385,175,310,7.7275,0.00221040570486697
385,175,310,7.735,0.00211486993491883
385,175,310,7.7425,0.00225304502258673
385,175,310,7.75,0.00225828271267986
385,175,310,7.7575,0.00147577918606753
385,175,310,7.765,0.00194323901782641
385,175,310,7.7725,0.00235549264756219
385,175,310,7.78,0.00203664497816376
385,175,310,7.7875,0.0023417795443966
385,175,310,7.795,0.00195320749801203
385,175,310,7.8025,0.00249341759131436
385,175,310,7.81,0.00231440153402148
385,175,310,7.8175,0.00219890876516068
385,175,310,7.825,0.00207842858328393
385,175,310,7.8325,0.00245004064770758
385,175,310,7.84,0.00237560534299344
385,175,310,7.8475,0.00229388604533391
385,175,310,7.855,0.00298747325410225
385,175,310,7.8625,0.00256447711965434
385,175,310,7.87,0.00269580167054606
385,175,310,7.8775,0.00202167390419226
385,175,310,7.885,0.00172870458289679
385,175,310,7.8925,0.00138523511571193
385,175,310,7.9,0.00185149891490125
385,175,310,7.9075,0.0018339411309446
385,175,310,7.915,0.00223409914644699
385,175,310,7.9225,0.00193356067430475
385,175,310,7.93,0.00235568121090636
385,175,310,7.9375,0.0020477926432941
385,175,310,7.945,0.00226078294581758
385,175,310,7.9525,0.00190077379108744
385,175,310,7.96,0.00220202742877966
385,175,310,7.9675,0.00219243874636364
385,175,310,7.975,0.00179738545611899
385,175,310,7.9825,0.00302369984020142
385,175,310,7.99,0.00285396582035366
385,175,310,7.9975,0.0027285684733534
385,175,310,8.005,0.00292532141749346
385,175,310,8.0125,0.0029097502321476
385,175,310,8.02,0.00303391271122213
385,175,310,8.0275,0.00297144361444197
385,175,310,8.035,0.00289197104356061
385,175,310,8.0425,0.00317595782317035
385,175,310,8.05,0.00264788477591211
385,175,310,8.0575,0.00303547474989945
385,175,310,8.065,0.00267893242801721
385,175,310,8.0725,0.00286349853392678
385,175,310,8.08,0.00224797054792801
385,175,310,8.0875,0.00254484196050216
385,175,310,8.095,0.00202761666249602
385,175,310,8.1025,0.00239047784433466
385,175,310,8.11,0.00278867059831674
385,175,310,8.1175,0.00237914810383481
385,175,310,8.125,0.00260598401881261
385,175,310,8.1325,0.00257815893285388
385,175,310,8.14,0.00253283984280912
385,175,310,8.1475,0.0025885839896309
385,175,310,8.155,0.00266574144131203
385,175,310,8.1625,0.00275373186488345
385,175,310,8.17,0.00285356316046097
385,175,310,8.1775,0.00283925966750344
385,175,310,8.185,0.00306914212038942
385,175,310,8.1925,0.0026953109880424
385,175,310,8.2,0.00291609870601382
385,175,310,8.2075,0.00282506270666209
385,175,310,8.215,0.00262835412676373
385,175,310,8.2225,0.00250515538449306
385,175,310,8.23,0.00272718958407442
385,175,310,8.2375,0.00285356060519149
385,175,310,8.245,0.00228344878762613
385,175,310,8.2525,0.00234844118766744
385,175,310,8.26,0.00253381105592222
385,175,310,8.2675,0.0028907571284661
385,175,310,8.275,0.00264920979147887
385,175,310,8.2825,0.00156807800704153
385,175,310,8.29,0.00184174120260405
385,175,310,8.2975,0.00148716039375109
385,175,310,8.305,0.00154149497474302
385,175,310,8.3125,0.00117054015867276
385,175,310,8.32,0.00124658549041219
385,175,310,8.3275,0.00201624467515464
385,175,310,8.335,0.00174956429264059
385,175,310,8.3425,0.00209014458916563
385,175,310,8.35,0.00229911309634079
385,175,310,8.3575,0.00268694321329993
385,175,310,8.365,0.00279752977955451
385,175,310,8.3725,0.00319634497587498
385,175,310,8.38,0.00399301484058757
385,175,310,8.3875,0.0036066909769418
385,175,310,8.395,0.00334204111585086
385,175,310,8.4025,0.00364440501471764
385,175,310,8.41,0.0035336979324324
385,175,310,8.4175,0.0029064529388097
385,175,310,8.425,0.00282610031310647
385,175,310,8.4325,0.00291051579318744
385,175,310,8.44,0.0026769823071016
385,175,310,8.4475,0.00265640004389035
385,175,310,8.455,0.002932012507772
385,175,310,8.4625,0.00299919210689725
385,175,310,8.47,0.00216677828879452
385,175,310,8.4775,0.0022778595360038
385,175,310,8.485,0.00299140742455662
385,175,310,8.4925,0.00274143815477764
385,175,310,8.5,0.00256284590330177
385,175,310,8.5075,0.00270588281043583
385,175,310,8.515,0.0028667155451588
385,175,310,8.5225,0.00290273490572469
385,175,310,8.53,0.00310193592326138
385,175,310,8.5375,0.00262997990293593
385,175,310,8.545,0.00267820122018494
385,175,310,8.5525,0.00272179858095461
385,175,310,8.56,0.00261570165284335
385,175,310,8.5675,0.00237107866811988
385,175,310,8.575,0.002397764005519
385,175,310,8.5825,0.00158202916988063
385,175,310,8.59,0.00184006090044077
385,175,310,8.5975,0.00199528407031055
385,175,310,8.605,0.00147337940778815
385,175,310,8.6125,0.00170913274673003
385,175,310,8.62,0.00172613225342827
385,175,310,8.6275,0.00154092673805065
385,175,310,8.635,0.00162502317862213
385,175,310,8.6425,0.00165793671428954
385,175,310,8.65,0.0013200336863108
385,175,310,8.6575,0.00168187392729402
385,175,310,8.665,0.00102943195861976
385,175,310,8.6725,0.00156143600664514
385,175,310,8.68,0.00212729177078661
385,175,310,8.6875,0.00185991459210967
385,175,310,8.695,0.00195198381385308
385,175,310,8.7025,0.00213448736762724
385,175,310,8.71,0.0029604570024797
385,175,310,8.7175,0.00266737653959694
385,175,310,8.725,0.00276085796252035
385,175,310,8.7325,0.00332817652145511
385,175,310,8.74,0.0032684804500224
385,175,310,8.7475,0.00330016260989803
385,175,310,8.755,0.0034054291815377
385,175,310,8.7625,0.00345088750787391
385,175,310,8.77,0.00356410260804939
385,175,310,8.7775,0.00347152301864723
385,175,310,8.785,0.00242850178466103
385,175,310,8.7925,0.00306237477515977
385,175,310,8.8,0.00205900551562068
385,175,310,8.8075,0.00241341012764013
385,175,310,8.815,0.00191727792309893
385,175,310,8.8225,0.00206305572090955
385,175,310,8.83,0.00186414680749727
385,175,310,8.8375,0.00184898765005589
385,175,310,8.845,0.00167846251623495
385,175,310,8.8525,0.00177871033060003
385,175,310,8.86,0.00173344530362164
385,175,310,8.8675,0.00170590201073836
385,175,310,8.875,0.0014119842506418
385,175,310,8.8825,0.00194131047371164
385,175,310,8.89,0.00184758968412275
385,175,310,8.8975,0.0019613072788768
385,175,310,8.905,0.00179465623762159
385,175,310,8.9125,0.00219640975443193
385,175,310,8.92,0.00227551667673724
385,175,310,8.9275,0.00238177179709394
385,175,310,8.935,0.00214816439749893
385,175,310,8.9425,0.00187747643956597
385,175,310,8.95,0.00204706485448726
385,175,310,8.9575,0.00239930162559143
385,175,310,8.965,0.00196158558472021
385,175,310,8.9725,0.00230179849321813
385,175,310,8.98,0.00260665116174347
385,175,310,8.9875,0.00276864784635753
385,175,310,8.995,0.00258486428099819
385,175,310,9.0025,0.00271385587611276
385,175,310,9.01,0.00225212893340728
385,175,310,9.0175,0.00228317171611005
385,175,310,9.025,0.002525402901962
385,175,310,9.0325,0.0015664568736891
385,175,310,9.04,0.00218613859872009
385,175,310,9.0475,0.00160891258224143
385,175,310,9.055,0.00181670127817843
385,175,310,9.0625,0.00202078152435692
385,175,310,9.07,0.00195462737409072
385,175,310,9.0775,0.00133073117858298
385,175,310,9.085,0.00200528395082575
385,175,310,9.0925,0.00212681059042663
385,175,310,9.1,0.00272546305316057
385,175,310,9.1075,0.00252331669341426
385,175,310,9.115,0.0026896767591388
385,175,310,9.1225,0.00273930678011051
385,175,310,9.13,0.00309498955367576
385,175,310,9.1375,0.00305847421957781
385,175,310,9.145,0.00285393257257056
385,175,310,9.1525,0.00287265655852231
385,175,310,9.16,0.00242809329806658
385,175,310,9.1675,0.00210557117196987
385,175,310,9.175,0.00255326844536103
385,175,310,9.1825,0.00187376357156771
385,175,310,9.19,0.00160526735206814
385,175,310,9.1975,0.00204050717078519
385,175,310,9.205,0.00153649959145111
385,175,310,9.2125,0.0017484648412433
385,175,310,9.22,0.00197137804626743
385,175,310,9.2275,0.00205978118333031
385,175,310,9.235,0.00214659298742396
385,175,310,9.2425,0.00200042141293451
385,175,310,9.25,0.00216942403822276
385,175,310,9.2575,0.00294149114985213
385,175,310,9.265,0.00257837027848577
385,175,310,9.2725,0.00252576885727671
385,175,310,9.28,0.00236537059401073
385,175,310,9.2875,0.00234676602332188
385,175,310,9.295,0.00297094647840396
385,175,310,9.3025,0.00265653371275842
385,175,310,9.31,0.0021328382096348
385,175,310,9.3175,0.00252827530725338
385,175,310,9.325,0.00182678984928715
385,175,310,9.3325,0.00212074735971021
385,175,310,9.34,0.00193878424155918
385,175,310,9.3475,0.00171282375586171
385,175,310,9.355,0.00185467860896179
385,175,310,9.3625,0.00142314134563151
385,175,310,9.37,0.0011603451442815
385,175,310,9.3775,0.00105707946156665
385,175,310,9.385,0.00087074931214544
385,175,310,9.3925,0.000669787477086493
385,175,310,9.4,0.000449156031972764
385,175,310,9.4075,0.00142184413884199
385,175,310,9.415,0.00116510306174313
385,175,310,9.4225,0.00153964167355466
385,175,310,9.43,0.00150460556897922
385,175,310,9.4375,0.00154903170398978
385,175,310,9.445,0.00218319885631405
385,175,310,9.4525,0.00204206150697727
385,175,310,9.46,0.00238821740698746
385,175,310,9.4675,0.00211273411417259
385,175,310,9.475,0.00255261420498782
385,175,310,9.4825,0.00310956450818002
385,175,310,9.49,0.00264048215919815
385,175,310,9.4975,0.00297723271193948
385,175,310,9.505,0.00306041236793671
385,175,310,9.5125,0.00324410871344478
385,175,310,9.52,0.00299269592572831
385,175,310,9.5275,0.00331169912878849
385,175,310,9.535,0.00329271459673884
385,175,310,9.5425,0.00272351368221899
385,175,310,9.55,0.00233115177954333
385,175,310,9.5575,0.00185400894205267
385,175,310,9.565,0.00174019621771196
385,175,310,9.5725,0.00218151624663347
385,175,310,9.58,0.00170196467647374
385,175,310,9.5875,0.0012137118920875
385,175,310,9.595,0.00147832678913215
385,175,310,9.6025,0.00129049902988014
385,175,310,9.61,0.00172678415208683
385,175,310,9.6175,0.00134308798936507
385,175,310,9.625,0.00151945056332928
385,175,310,9.6325,0.00157915133630825
385,175,310,9.64,0.00150577690681669
385,175,310,9.6475,0.00160231509492098
385,175,310,9.655,0.00151020182442757
385,175,310,9.6625,0.00189626831300747
385,175,310,9.67,0.00178466248455659
385,175,310,9.6775,0.00209582014443944
385,175,310,9.685,0.00188217911142208
385,175,310,9.6925,0.00185124904026108
385,175,310,9.7,0.00176791889509392
385,175,310,9.7075,0.00170325314643169
385,175,310,9.715,0.00134370378681206
385,175,310,9.7225,0.00162037411420506
385,175,310,9.73,0.00155111163388838
385,175,310,9.7375,0.00153694502002808
385,175,310,9.745,0.00183352254182623
385,175,310,9.7525,0.00175239250520006
385,175,310,9.76,0.00156523180863311
385,175,310,9.7675,0.00217243221324142
385,175,310,9.775,0.00228782449049196
385,175,310,9.7825,0.0023977694997408
385,175,310,9.79,0.00241102690606276
385,175,310,9.7975,0.00205692837300524
385,175,310,9.805,0.00187619954516315
385,175,310,9.8125,0.00236637699287834
385,175,310,9.82,0.00217892005452353
385,175,310,9.8275,0.00293639926027258
385,175,310,9.835,0.00221241930470752
385,175,310,9.8425,0.00238924234702302
385,175,310,9.85,0.00251610418324414
385,175,310,9.8575,0.00243860803956089
385,175,310,9.865,0.00234979286976852
385,175,310,9.8725,0.00264522367874661
385,175,310,9.88,0.0023346269601404
385,175,310,9.8875,0.00220012639035402
385,175,310,9.895,0.00227551108256073
385,175,310,9.9025,0.00198844253995259
385,175,310,9.91,0.00195947162231329
385,175,310,9.9175,0.00211709620200508
385,175,310,9.925,0.00135096503005436
385,175,310,9.9325,0.00184014326757655
385,175,310,9.94,0.00126987613780412
385,175,310,9.9475,0.00119248323791459
385,175,310,9.955,0.00159032835769505
385,175,310,9.9625,0.00200184681122999
385,175,310,9.97,0.00180735560638299
385,175,310,9.9775,0.00176487611603622
385,175,310,9.985,0.00202042741156908
385,175,310,9.9925,0.00233038591279539
385,175,310,10,0.00244888390648931
385,175,310,10.0075,0.00273131826457617
385,175,310,10.015,0.00266820892771749
385,175,310,10.0225,0.00232105288161381
385,175,310,10.03,0.00250453704572519
385,175,310,10.0375,0.00268453781016111
385,175,310,10.045,0.00219999799874879
385,175,310,10.0525,0.00208830513294517
385,175,310,10.06,0.00220229302611464
385,175,310,10.0675,0.0021840918409781
385,175,310,10.075,0.00168931682467386
385,175,310,10.0825,0.00208200771097798
385,175,310,10.09,0.00191994314766971
385,175,310,10.0975,0.00205399585818196
385,175,310,10.105,0.00174697555918311
385,175,310,10.1125,0.00116795987161105
385,175,310,10.12,0.00140472694315382
385,175,310,10.1275,0.00126121953469938
385,175,310,10.135,0.0010499206529205
385,175,310,10.1425,0.00118867016804176
385,175,310,10.15,0.0010122478748429
385,175,310,10.1575,0.00140736524848685
385,175,310,10.165,0.00128938583038468
385,175,310,10.1725,0.00114885857426026
385,175,310,10.18,0.00193573469770161
385,175,310,10.1875,0.00175272500330751
385,175,310,10.195,0.00171140960124641
385,175,310,10.2025,0.00184898188848872
385,175,310,10.21,0.00204867754816992
385,175,310,10.2175,0.00251833129936472
385,175,310,10.225,0.00208092897443088
385,175,310,10.2325,0.00271912709370803
385,175,310,10.24,0.0026113521140192
385,175,310,10.2475,0.00242378323195371
385,175,310,10.255,0.00285577896978963
385,175,310,10.2625,0.00281920373675771
385,175,310,10.27,0.00209139574320956
385,175,310,10.2775,0.00244138138039445
385,175,310,10.285,0.00213399852483295
385,175,310,10.2925,0.00196666768907491
385,175,310,10.3,0.00190556807785236
385,175,310,10.3075,0.00224268539562041
385,175,310,10.315,0.00215095572023057
385,175,310,10.3225,0.00184369760410585
385,175,310,10.33,0.00174145124771621
385,175,310,10.3375,0.00166231301496507
385,175,310,10.345,0.00107137420502346
385,175,310,10.3525,0.00135237631756947
385,175,310,10.36,0.000944229360588454
385,175,310,10.3675,0.00138218121390265
385,175,310,10.375,0.00110734973966247
385,175,310,10.3825,0.00141033760048775
385,175,310,10.39,0.00110875928317209
385,175,310,10.3975,0.00141900099714155
385,175,310,10.405,0.000996980592665496
385,175,310,10.4125,0.00102239734509923
385,175,310,10.42,0.00102305622455981
385,175,310,10.4275,0.000998425412213759
385,175,310,10.435,0.000645227662882508
385,175,310,10.4425,0.00103740572843176
385,175,310,10.45,0.0011892099273478
385,175,310,10.4575,0.000830901460366714
385,175,310,10.465,0.000801182754766271
385,175,310,10.4725,0.000853406192497645
385,175,310,10.48,0.0011479526389781
385,175,310,10.4875,0.000957621523460388
385,175,310,10.495,0.00122961566591759
385,175,310,10.5025,0.0012288258952614
385,175,310,10.51,0.00156430227143054
385,175,310,10.5175,0.00129147447111893
385,175,310,10.525,0.00161853906503925
385,175,310,10.5325,0.00165996937222029
385,175,310,10.54,0.00138769461849928
385,175,310,10.5475,0.00169033071846064
385,175,310,10.555,0.00230572360421306
385,175,310,10.5625,0.00200516464457977
385,175,310,10.57,0.00227950531847974
385,175,310,10.5775,0.00207827488984963
385,175,310,10.585,0.00218718276422265
385,175,310,10.5925,0.00201280989674915
385,175,310,10.6,0.00171122480943442
385,175,310,10.6075,0.00116530275034162
385,175,310,10.615,0.00133653871703392
385,175,310,10.6225,0.00159535269772876
385,175,310,10.63,0.00133321316082448
385,175,310,10.6375,0.00149535936386904
385,175,310,10.645,0.00155944577227218
385,175,310,10.6525,0.00118957154104996
385,175,310,10.66,0.00145939086573537
385,175,310,10.6675,0.000457103937022562
385,175,310,10.675,0.000987557916623359
385,175,310,10.6825,0.000678209646286385
385,175,310,10.69,0.000552993467056152
385,175,310,10.6975,0.000473554754156716
385,175,310,10.705,0.000520994543649958
385,175,310,10.7125,0.000284104161308491
385,175,310,10.72,0.000850789163456683
385,175,310,10.7275,0.0010515067618282
385,175,310,10.735,0.00104664475030914
385,175,310,10.7425,0.000933673415024977
385,175,310,10.75,0.00113380504480647
385,175,310,10.7575,0.00202380682585017
385,175,310,10.765,0.00158531829685132
385,175,310,10.7725,0.00174361205346565
385,175,310,10.78,0.0013755433731498
385,175,310,10.7875,0.00171441727324605
385,175,310,10.795,0.00176283138303288
385,175,310,10.8025,0.00160274168215792
385,175,310,10.81,0.00192217757711094
385,175,310,10.8175,0.00159169872621274
385,175,310,10.825,0.00119624217671372
385,175,310,10.8325,0.00130543989216498
385,175,310,10.84,0.00120189368525087
385,175,310,10.8475,0.000807678287846256
385,175,310,10.855,0.000973683840512956
385,175,310,10.8625,0.000549954071955089
385,175,310,10.87,0.000370767389189514
385,175,310,10.8775,0.000391039841634245
385,175,310,10.885,0.000656360522564686
385,175,310,10.8925,0.000927070411118382
385,175,310,10.9,0.000735475331236151
385,175,310,10.9075,0.000932399309289107
385,175,310,10.915,0.00115731469166565
385,175,310,10.9225,0.00150330983702018
385,175,310,10.93,0.00121701775049601
385,175,310,10.9375,0.00141912026846482
385,175,310,10.945,0.00152346145693294
385,175,310,10.9525,0.00170705045123867
385,175,310,10.96,0.00156308078819176
385,175,310,10.9675,0.00172159958373615
385,175,310,10.975,0.00170519889136578
385,175,310,10.9825,0.00143725671707443
385,175,310,10.99,0.00134183424149942
385,175,310,10.9975,0.00176068951789847
385,175,310,11.005,0.00159482103515603
385,175,310,11.0125,0.00141885107617312
385,175,310,11.02,0.00164073636330607
385,175,310,11.0275,0.00151850898640474
385,175,310,11.035,0.00166833274287403
385,175,310,11.0425,0.00188772096253456
385,175,310,11.05,0.0017957792596648
385,175,310,11.0575,0.00134619919151735
385,175,310,11.065,0.00169111309368889
385,175,310,11.0725,0.00135928193173296
385,175,310,11.08,0.00131109942632138
385,175,310,11.0875,0.00112553764283107
385,175,310,11.095,0.000997517243069379
385,175,310,11.1025,0.000784278214524062
385,175,310,11.11,0.00136893522125616
385,175,310,11.1175,0.000915779042403217
385,175,310,11.125,0.00115018008094325
385,175,310,11.1325,0.000721129101986906
385,175,310,11.14,0.000478355966605273
385,175,310,11.1475,0.000537726435921691
385,175,310,11.155,0.00107688888497276
385,175,310,11.1625,0.000662731704650152
385,175,310,11.17,0.000844952074347021
385,175,310,11.1775,0.000923844269018757
385,175,310,11.185,7.87043452193942e-05
385,175,310,11.1925,0.000311469608611527
385,175,310,11.2,0.000769832655663817
385,175,310,11.2075,0.000815071132333483
385,175,310,11.215,0.00122080886913995
385,175,310,11.2225,0.000719242930483581
385,175,310,11.23,0.00109643366945627
385,175,310,11.2375,0.00120950590827691
385,175,310,11.245,0.000789703904667262
385,175,310,11.2525,0.00170543911332327
385,175,310,11.26,0.00137610022997913
385,175,310,11.2675,0.00164623917237069
385,175,310,11.275,0.00186435705969246
385,175,310,11.2825,0.00189023095088402
385,175,310,11.29,0.00172204549822303
385,175,310,11.2975,0.00183540316473535
385,175,310,11.305,0.00208019560378348
385,175,310,11.3125,0.00220354973961029
385,175,310,11.32,0.00192886603753976
385,175,310,11.3275,0.0020097945470927
385,175,310,11.335,0.00174828870807492
385,175,310,11.3425,0.00175771835684016
385,175,310,11.35,0.00180747261316049
385,175,310,11.3575,0.00167377456499897
385,175,310,11.365,0.00200508194701498
385,175,310,11.3725,0.00191350739361746
385,175,310,11.38,0.00130365629286284
385,175,310,11.3875,0.00147851712223585
385,175,310,11.395,0.000787034412234408
385,175,310,11.4025,0.00110608879041696
385,175,310,11.41,0.000932578523887586
385,175,310,11.4175,0.000902665843659745
385,175,310,11.425,0.000744202957503073
385,175,310,11.4325,0.000216513106721154
385,175,310,11.44,0.000306068322847309
385,175,310,11.4475,0.000279952423995501
385,175,310,11.455,0.00106210028913262
385,175,310,11.4625,0.00142254325155997
385,175,310,11.47,0.00117249560919834
385,175,310,11.4775,0.00131924398076418
385,175,310,11.485,0.00158177612524717
385,175,310,11.4925,0.00145504404425352
385,175,310,11.5,0.00095208452547111
385,175,310,11.5075,0.00150160118913512
385,175,310,11.515,0.00138132045069926
385,175,310,11.5225,0.00153882988783511
385,175,310,11.53,0.00170784156010233
385,175,310,11.5375,0.00223668775041766
385,175,310,11.545,0.00168238421986766
385,175,310,11.5525,0.00125977800186465
385,175,310,11.56,0.00205228941437205
385,175,310,11.5675,0.00128330323449772
385,175,310,11.575,0.00143767879751603
385,175,310,11.5825,0.00180554738144116
385,175,310,11.59,0.00117126934447502
385,175,310,11.5975,0.00133634205058617
385,175,310,11.605,0.00128597063866902
385,175,310,11.6125,0.00119498531978009
385,175,310,11.62,0.000990162543150425
385,175,310,11.6275,0.00100141281421335
385,175,310,11.635,0.00116973748957217
385,175,310,11.6425,0.00158195285933135
385,175,310,11.65,0.00114024025616752
385,175,310,11.6575,0.00135521981180319
385,175,310,11.665,0.00166775936610519
385,175,310,11.6725,0.00166251321844099
385,175,310,11.68,0.00192105880214405
385,175,310,11.6875,0.00115995266889793
385,175,310,11.695,0.00157453852544431
385,175,310,11.7025,0.00123694966093522
385,175,310,11.71,0.00104235762564304
385,175,310,11.7175,0.00177185080513672
385,175,310,11.725,0.00132481855213958
385,175,310,11.7325,0.00167096831294119
385,175,310,11.74,0.00153033330772534
385,175,310,11.7475,0.00128212214031599
385,175,310,11.755,0.000948058095544737
385,175,310,11.7625,0.00101148844101262
385,175,310,11.77,0.00112131479041487
385,175,310,11.7775,0.00093711404138935
385,175,310,11.785,0.0010683564623398
385,175,310,11.7925,0.00141576329799253
385,175,310,11.8,0.00170712141015355
385,175,310,11.8075,0.00170401168693668
385,175,310,11.815,0.00110561279302873
385,175,310,11.8225,0.00168501485261352
385,175,310,11.83,0.00115576405454933
385,175,310,11.8375,0.00179234734356623
385,175,310,11.845,0.0011480088183444
385,175,310,11.8525,0.000964416754260843
385,175,310,11.86,0.00099251515135146
385,175,310,11.8675,0.000501736441972701
385,175,310,11.875,0.00106852487369539
385,175,310,11.8825,0.000303659293182473
385,175,310,11.89,0.000765381170771375
385,175,310,11.8975,0.00052813610115385
385,175,310,11.905,0.000561478580869492
385,175,310,11.9125,0.000292724171860155
385,175,310,11.92,0.000616143242230533
385,175,310,11.9275,0.000858090693832864
385,175,310,11.935,0.00100683204463713
385,175,310,11.9425,0.000805189868635305
385,175,310,11.95,0.0011246181028852
385,175,310,11.9575,0.00116540502572335
385,175,310,11.965,0.000831801569983282
385,175,310,11.9725,0.00103381455913507
385,175,310,11.98,0.00146447682247194
385,175,310,11.9875,0.000967131275139497
385,175,310,11.995,0.00125827497100377
385,175,310,12.0025,0.00143553763261936
385,175,310,12.01,0.00129227039936311
385,175,310,12.0175,0.00145901855909025
385,175,310,12.025,0.00121874485661172
385,175,310,12.0325,0.00192155681735617
385,175,310,12.04,0.00200056638072179
385,175,310,12.0475,0.00168193570785909
385,175,310,12.055,0.00197674381448978
385,175,310,12.0625,0.00173867436971323
385,175,310,12.07,0.00232494095149397
385,175,310,12.0775,0.00160060319688585
385,175,310,12.085,0.00183650481839358
385,175,310,12.0925,0.00148964322991207
385,175,310,12.1,0.00187263313174295
385,175,310,12.1075,0.00158712585327837
385,175,310,12.115,0.00153380684789685
385,175,310,12.1225,0.00139464275417537
385,175,310,12.13,0.00086666756340376
385,175,310,12.1375,0.000840956153111534
385,175,310,12.145,0.000985666215241054
385,175,310,12.1525,0.000374554375244948
385,175,310,12.16,0.00100683088865743
385,175,310,12.1675,0.000541010496288865
385,175,310,12.175,0.000594874080778508
385,175,310,12.1825,0.000936175452642194
385,175,310,12.19,0.000597415530469305
385,175,310,12.1975,0.000686306680969652
385,175,310,12.205,0.000912952542489657
385,175,310,12.2125,0.000484765911061345
385,175,310,12.22,0.000666450239794349
385,175,310,12.2275,0.000857146432827302
385,175,310,12.235,0.000647533981094143
385,175,310,12.2425,0.00103195756762247
385,175,310,12.25,0.00178265665406757
385,175,310,12.2575,0.00102177017740899
385,175,310,12.265,0.00135068650261313
385,175,310,12.2725,0.00130095152022043
385,175,310,12.28,0.00107912521855756
385,175,310,12.2875,0.00152968111889282
385,175,310,12.295,0.0016166699767776
385,175,310,12.3025,0.00174711018791445
385,175,310,12.31,0.00146514385103197
385,175,310,12.3175,0.00127550673666793
385,175,310,12.325,0.00125244436674821
385,175,310,12.3325,0.00171556017765296
385,175,310,12.34,0.00174623539334518
385,175,310,12.3475,0.00122986716497674
385,175,310,12.355,0.00153329822521401
385,175,310,12.3625,0.00143238077914686
385,175,310,12.37,0.000911885683744116
385,175,310,12.3775,0.000827243204163999
385,175,310,12.385,0.00110018441271771
385,175,310,12.3925,0.000844956753909351
385,175,310,12.4,0.000801794074898212
385,175,310,12.4075,0.0013037115225313
385,175,310,12.415,0.000964648847489887
385,175,310,12.4225,0.000915206570101638
385,175,310,12.43,0.000974694125917625
385,175,310,12.4375,0.00149382261451974
385,175,310,12.445,0.000973143671743071
385,175,310,12.4525,0.00049726720151119
385,175,310,12.46,0.00140329174949036
385,175,310,12.4675,0.00159776928100443
385,175,310,12.475,0.00142512128779127
385,175,310,12.4825,0.000665253881189881
385,175,310,12.49,0.000643037733291068
385,175,310,12.4975,0.000678593505333973
385,175,310,12.505,0.000451574909292756
385,175,310,12.5125,0.000226366226583948
385,175,310,12.52,0.000475216563343579
385,175,310,12.5275,0.00042219213588055
385,175,310,12.535,0.000586885956666121
385,175,310,12.5425,0.00105102464114493
385,175,310,12.55,0.000742795267176617
385,175,310,12.5575,0.00123661870064223
385,175,310,12.565,0.00107825645226786
385,175,310,12.5725,0.00101317642999706
385,175,310,12.58,0.00140108053836512
385,175,310,12.5875,0.00103907929302692
385,175,310,12.595,0.00116163620298664
385,175,310,12.6025,0.000722049316642008
385,175,310,12.61,0.00102997880151131
385,175,310,12.6175,0.000572689595799615
385,175,310,12.625,0.000660496542699519
385,175,310,12.6325,0.00125283476185705
385,175,310,12.64,0.000665542221437036
385,175,310,12.6475,0.00108135095842549
385,175,310,12.655,0.000545349906679812
385,175,310,12.6625,0.001090753268448
385,175,310,12.67,0.000961447294377846
385,175,310,12.6775,0.000891163726109084
385,175,310,12.685,0.000821109616382108
385,175,310,12.6925,0.000897384725735989
385,175,310,12.7,0.000841682907009194
385,175,310,12.7075,0.000869505254286381
385,175,310,12.715,0.000531583153619713
385,175,310,12.7225,0.00099406509839814
385,175,310,12.73,0.000591767773517024
385,175,310,12.7375,0.000672571332859135
385,175,310,12.745,0.000895318117479454
385,175,310,12.7525,0.000947744732343179
385,175,310,12.76,0.00108496357236528
385,175,310,12.7675,0.001160911238696
385,175,310,12.775,0.00088856197114483
385,175,310,12.7825,0.0013952690080817
385,175,310,12.79,0.00123913790324591
385,175,310,12.7975,0.00138718515466635
385,175,310,12.805,0.00101255906948926
385,175,310,12.8125,0.00158930189445276
385,175,310,12.82,0.0015861464031077
385,175,310,12.8275,0.00123051324044856
385,175,310,12.835,0.00105317729362267
385,175,310,12.8425,0.00130166161273242
385,175,310,12.85,0.00113628739175893
385,175,310,12.8575,0.00090517102296953
385,175,310,12.865,0.00073615663373592
385,175,310,12.8725,0.000546889350110826
385,175,310,12.88,0.000849810448944246
385,175,310,12.8875,0.00059837752743257
385,175,310,12.895,0.000327655069980407
385,175,310,12.9025,0.000241297249391896
385,175,310,12.91,0.000135213940940528
385,175,310,12.9175,0.000130643787089227
385,175,310,12.925,0.000707275347416413
385,175,310,12.9325,0.00070883675456546
385,175,310,12.94,0.000526699160158969
385,175,310,12.9475,0.000469202931311798
385,175,310,12.955,0.000544541533277895
385,175,310,12.9625,0.000556404159201197
385,175,310,12.97,0.000253909878577297
385,175,310,12.9775,0.000437689089197559
385,175,310,12.985,0.000783422272020909
385,175,310,12.9925,0.000651956747256506
385,175,310,13,0.000540394182458333
385,175,310,13.0075,0.00098549139829488
385,175,310,13.015,0.00087993117261467
385,175,310,13.0225,0.000863573996907975
385,175,310,13.03,0.00127888619939358
385,175,310,13.0375,0.00115946079850814
385,175,310,13.045,0.000962493080862523
385,175,310,13.0525,0.00121645981828107
385,175,310,13.06,0.00106504836273091
385,175,310,13.0675,0.000901351962851268
385,175,310,13.075,0.000955051182990934
385,175,310,13.0825,0.00118312154841724
385,175,310,13.09,0.000807423834907318
385,175,310,13.0975,0.00134028239607998
385,175,310,13.105,0.000659827489848297
385,175,310,13.1125,0.000678136679819923
385,175,310,13.12,0.00093307317246221
385,175,310,13.1275,0.00109253105929831
385,175,310,13.135,0.000817839088629922
385,175,310,13.1425,0.000987252661996827
385,175,310,13.15,0.00059538632588869
385,175,310,13.1575,0.000344875943318897
385,175,310,13.165,0.000937344704023879
385,175,310,13.1725,0.000949810135828415
385,175,310,13.18,0.000521122541464085
385,175,310,13.1875,0.000648731163630149
385,175,310,13.195,0.00101406671101325
385,175,310,13.2025,0.000755762944023818
385,175,310,13.21,0.000795346232290361
385,175,310,13.2175,0.000555177498150894
385,175,310,13.225,0.000613523178406626
385,175,310,13.2325,0.000318204107857208
385,175,310,13.24,0.000403284831484876
385,175,310,13.2475,0.000575722685027872
385,175,310,13.255,0.00035487597911078
385,175,310,13.2625,0.000278996216408109
385,175,310,13.27,0.000482325504114004
385,175,310,13.2775,0.000549526215602761
385,175,310,13.285,0.000544901235339817
385,175,310,13.2925,0.00052960191935654
385,175,310,13.3,0.00116913553729769
385,175,310,13.3075,0.0013214819474161
385,175,310,13.315,0.00132464558507565
385,175,310,13.3225,0.00101404400539364
385,175,310,13.33,0.000907072399471156
385,175,310,13.3375,0.00135984059358426
385,175,310,13.345,0.00117936342854654
385,175,310,13.3525,0.000831142208881324
385,175,310,13.36,0.000766667903831206
385,175,310,13.3675,0.00127832619141488
385,175,310,13.375,0.000872419278214439
385,175,310,13.3825,0.000741614241794515
385,175,310,13.39,0.00145648349328819
385,175,310,13.3975,0.00149876599484935
385,175,310,13.405,0.000938200746781592
385,175,310,13.4125,0.0013562515048354
385,175,310,13.42,0.00113125327712983
385,175,310,13.4275,0.00100669671291379
385,175,310,13.435,0.00101612679302874
385,175,310,13.4425,0.00045585042874765
385,175,310,13.45,0.00129054011625233
385,175,310,13.4575,0.00101184141569505
385,175,310,13.465,0.000853103334190481
385,175,310,13.4725,0.000849136371287937
385,175,310,13.48,0.000843039165502153
385,175,310,13.4875,0.000740185172931641
385,175,310,13.495,0.00100725041211071
385,175,310,13.5025,0.00106473296638248
385,175,310,13.51,0.00131997042983196
385,175,310,13.5175,0.000775043604018886
385,175,310,13.525,0.000760437630020734
385,175,310,13.5325,0.00135585672548444
385,175,310,13.54,0.00108776392960305
385,175,310,13.5475,0.00124231881567678
385,175,310,13.555,0.00175165221934499
385,175,310,13.5625,0.0015303093804786
385,175,310,13.57,0.0011226185024789
385,175,310,13.5775,0.00111109931222943
385,175,310,13.585,0.000974452714560656
385,175,310,13.5925,0.000755294434800564
385,175,310,13.6,0.00127166116604772
385,175,310,13.6075,0.00100878961413781
385,175,310,13.615,0.000689075279830405
385,175,310,13.6225,0.000682929734976243
385,175,310,13.63,0.000631133102615826
385,175,310,13.6375,0.000411777773774616
385,175,310,13.645,0.000292346727021777
385,175,310,13.6525,0.000826625758886793
385,175,310,13.66,0.000732521899867703
385,175,310,13.6675,0.000884019298338445
385,175,310,13.675,0.00101810469058628
385,175,310,13.6825,0.000993034693593183
385,175,310,13.69,0.00128994232429655
385,175,310,13.6975,0.00131675464322163
385,175,310,13.705,0.000740281602105277
385,175,310,13.7125,0.00117764639708429
385,175,310,13.72,0.00102200806269634
385,175,310,13.7275,0.00089019016828444
385,175,310,13.735,0.00126606216490992
385,175,310,13.7425,0.00109929229986067
385,175,310,13.75,0.00130271176671009
385,175,310,13.7575,0.000953424635518607
385,175,310,13.765,0.00139677540327931
385,175,310,13.7725,0.00131171609182706
385,175,310,13.78,0.00111125857294293
385,175,310,13.7875,0.00124523657045517
385,175,310,13.795,0.00122563397307232
385,175,310,13.8025,0.0010540621971896
385,175,310,13.81,0.00100994310439857
385,175,310,13.8175,0.00151627584465979
385,175,310,13.825,0.00109199987469022
385,175,310,13.8325,0.000843940187203815
385,175,310,13.84,0.00101338513777998
385,175,310,13.8475,0.000779306364975954
385,175,310,13.855,0.000662184022211115
385,175,310,13.8625,0.00124066222844714
385,175,310,13.87,0.000504342693555867
385,175,310,13.8775,0.00100729472072673
385,175,310,13.885,0.00105521962661696
385,175,310,13.8925,0.000785801242725806
385,175,310,13.9,0.000609178604342916
385,175,310,13.9075,0.000513072062704056
385,175,310,13.915,0.000680333979396371
385,175,310,13.9225,0.000788239721761138
385,175,310,13.93,0.00105526444400348
385,175,310,13.9375,0.000759659473672137
385,175,310,13.945,0.000471448985622904
385,175,310,13.9525,0.0005752297076255
385,175,310,13.96,0.000357356658179298
385,175,310,13.9675,0.000353125095968583
385,175,310,13.975,0.000193977433703696
385,175,310,13.9825,0.000878414720134748
385,175,310,13.99,0.000709109911802182
385,175,310,13.9975,0.000328616041248166
385,175,310,14.005,0.00072957646037318
385,175,310,14.0125,0.00103744256549091
385,175,310,14.02,0.000640351562562864
385,175,310,14.0275,0.0016388769204619
385,175,310,14.035,0.000920661710052196
385,175,310,14.0425,0.00102261324834544
385,175,310,14.05,0.000837313463025732
385,175,310,14.0575,0.00139205045586351
385,175,310,14.065,0.00127271665143036
385,175,310,14.0725,0.0014903701751733
385,175,310,14.08,0.00126900616683363
385,175,310,14.0875,0.000983889811407426
385,175,310,14.095,0.00146925169719512
385,175,310,14.1025,0.0012169325276774
385,175,310,14.11,0.00115952460556941
385,175,310,14.1175,0.00104244676381285
385,175,310,14.125,0.000967875882605719
385,175,310,14.1325,0.000716806789217899
385,175,310,14.14,0.000669223476035857
385,175,310,14.1475,0.000579932924566008
385,175,310,14.155,0.000277632853600583
385,175,310,14.1625,0.000688608969578942
385,175,310,14.17,0.000963474958822787
385,175,310,14.1775,0.000752971480141375
385,175,310,14.185,0.000713750610586726
385,175,310,14.1925,0.00110287097429768
385,175,310,14.2,0.00102826980864039
385,175,310,14.2075,0.000595425821353946
385,175,310,14.215,0.000684046186523149
385,175,310,14.2225,0.000567308016262889
385,175,310,14.23,0.000945598497292022
385,175,310,14.2375,0.000913064537286434
385,175,310,14.245,0.000736562046629117
385,175,310,14.2525,0.000647435078115847
385,175,310,14.26,0.000670726631191181
385,175,310,14.2675,0.00116232272499155
385,175,310,14.275,0.00111021835930604
385,175,310,14.2825,0.00087018791666662
385,175,310,14.29,0.000756620690246942
385,175,310,14.2975,0.00114063669513797
385,175,310,14.305,0.000941630960028189
385,175,310,14.3125,0.000910503914445784
385,175,310,14.32,0.00084589118414211
385,175,310,14.3275,0.000887010266181637
385,175,310,14.335,0.000950598909420331
385,175,310,14.3425,0.000989677094241832
385,175,310,14.35,0.000794747308958441
385,175,310,14.3575,0.000487234301824638
385,175,310,14.365,0.000763188995474666
385,175,310,14.3725,0.000635134470737886
385,175,310,14.38,0.000325129691776358
385,175,310,14.3875,0.000137436794205199
385,175,310,14.395,0.000393568532495436
385,175,310,14.4025,0.000456194017626034
385,175,310,14.41,0.000628500847333584
385,175,310,14.4175,0.000586060783211038
385,175,310,14.425,0.000445837877366002
385,175,310,14.4325,0.000559040768083637
385,175,310,14.44,0.000798714635761862
385,175,310,14.4475,0.00101228001776906
385,175,310,14.455,0.000863384473922285
385,175,310,14.4625,0.000656767201993517
385,175,310,14.47,0.00057396989666791
385,175,310,14.4775,0.000796466275075847
385,175,310,14.485,0.000919854620755498
385,175,310,14.4925,0.000649545676069103
385,175,310,14.5,0.000738093967040585
385,175,310,14.5075,0.000742328483570782
385,175,310,14.515,0.000441626270973631
385,175,310,14.5225,0.000424252700591912
385,175,310,14.53,0.000879821944551893
385,175,310,14.5375,0.000610695934289902
385,175,310,14.545,0.000680652652269607
385,175,310,14.5525,0.000580217357715013
385,175,310,14.56,0.000850099963108321
385,175,310,14.5675,0.000535954290721326
385,175,310,14.575,0.000727663530929343
385,175,310,14.5825,0.000694995294892774
385,175,310,14.59,0.00027342507677501
385,175,310,14.5975,0.00110413645850609
385,175,310,14.605,0.0010041954487487
385,175,310,14.6125,0.000946448331380594
385,175,310,14.62,0.000996422937355487
385,175,310,14.6275,0.000930646927297048
385,175,310,14.635,0.00067869205949228
385,175,310,14.6425,0.000544214053640928
385,175,310,14.65,0.000433801180958565
385,175,310,14.6575,0.000556159872387019
385,175,310,14.665,0.00047935242003529
385,175,310,14.6725,0.000431070115166836
385,175,310,14.68,0.000685370110983389
385,175,310,14.6875,0.000603021242239531
385,175,310,14.695,0.000282994035620203
385,175,310,14.7025,0.000543389612464246
385,175,310,14.71,0.000301441988016874
385,175,310,14.7175,0.000773453301596008
385,175,310,14.725,0.000290357536011733
385,175,310,14.7325,0.00047815777813293
385,175,310,14.74,0.000452105523928639
385,175,310,14.7475,7.75849406909737e-05
385,175,310,14.755,0.00056716085492883
385,175,310,14.7625,0.000386620474060753
385,175,310,14.77,0.000687499502641598
385,175,310,14.7775,0.000705529153230786
385,175,310,14.785,0.000478354844467852
385,175,310,14.7925,0.000440975523124823
385,175,310,14.8,0.000812769827306741
385,175,310,14.8075,0.000816540621854561
385,175,310,14.815,0.000518392326317653
385,175,310,14.8225,0.000178494200393761
385,175,310,14.83,0.000917190542335995
385,175,310,14.8375,0.000404909000981981
385,175,310,14.845,0.000656906929354258
385,175,310,14.8525,0.000657360537156741
385,175,310,14.86,0.000711683523822248
385,175,310,14.8675,0.000700435765159156
385,175,310,14.875,0.000994880174221282
385,175,310,14.8825,0.000919336555209534
385,175,310,14.89,0.000374641307579794
385,175,310,14.8975,9.771131233626e-05
385,175,310,14.905,0.000578996432589216
385,175,310,14.9125,0.000266314463219033
385,175,310,14.92,0.00033336954548285
385,175,310,14.9275,0.000295379856261772
385,175,310,14.935,8.59060432361014e-05
385,175,310,14.9425,0.000494129455522418
385,175,310,14.95,0.000157730765331284
385,175,310,14.9575,0.000825502445021321
385,175,310,14.965,0.000908349052337055
385,175,310,14.9725,0.000470711676314523
385,175,310,14.98,0.000720090778557357
385,175,310,14.9875,0.000301475319989245
385,175,310,14.995,0.000226980483679994
385,175,310,15.0025,0.000690153815684156
385,175,310,15.01,0.000573466740033964
385,175,310,15.0175,0.000658162303970186
385,175,310,15.025,0.000598306302677712
385,175,310,15.0325,0.00055604704528215
385,175,310,15.04,0.00055344018834971
385,175,310,15.0475,0.000751670381638036
385,175,310,15.055,0.00074887094409959
385,175,310,15.0625,0.000679035752045805
385,175,310,15.07,0.000669894538141848
385,175,310,15.0775,0.000586451278394228
385,175,310,15.085,0.000484880140323372
385,175,310,15.0925,0.000897739879130706
385,175,310,15.1,0.000553092972411433
385,175,310,15.1075,0.000480427716417307
385,175,310,15.115,0.000658129905517513
385,175,310,15.1225,0.000181547504574006
385,175,310,15.13,0.000308521930969716
385,175,310,15.1375,0.000457945934404882
385,175,310,15.145,0.000313736453735946
385,175,310,15.1525,0.000398238268156731
385,175,310,15.16,0.000423995147351228
385,175,310,15.1675,0.000330873382144112
385,175,310,15.175,0.000319403219053919
385,175,310,15.1825,0.000431289262070782
385,175,310,15.19,0.000286027257776737
385,175,310,15.1975,0.000423577309423678
385,175,310,15.205,0.000640748855551919
385,175,310,15.2125,0.000771139255736747
385,175,310,15.22,0.000374584375728271
385,175,310,15.2275,0.00059876824322804
385,175,310,15.235,0.000497889671055864
385,175,310,15.2425,0.000710519449715889
385,175,310,15.25,0.000366431440289512
385,175,310,15.2575,0.000364364412302088
385,175,310,15.265,0.00082213864353007
385,175,310,15.2725,0.000466220404754084
385,175,310,15.28,0.000834857359520026
385,175,310,15.2875,0.000645484969105321
385,175,310,15.295,0.000198525077380082
385,175,310,15.3025,0.000334260545366291
385,175,310,15.31,0.000723609089238522
385,175,310,15.3175,0.000388653045884817
385,175,310,15.325,0.000752858838022802
385,175,310,15.3325,0.00106114803556033
385,175,310,15.34,0.0008065910067851
385,175,310,15.3475,0.000918921758003794
385,175,310,15.355,0.000611104705383125
385,175,310,15.3625,0.000777571002075544
385,175,310,15.37,0.000785387850919706
385,175,310,15.3775,0.000323205361783474
385,175,310,15.385,0.000231128588831876
385,175,310,15.3925,0.000280317405800861
385,175,310,15.4,0.000257484080575518
385,175,310,15.4075,0.000147150208730341
385,175,310,15.415,0.000596294415094611
385,175,310,15.4225,0.000260099066946044
385,175,310,15.43,0.000576524925659938
385,175,310,15.4375,0.000320166128648358
385,175,310,15.445,0.000473480497998857
385,175,310,15.4525,8.99504196867341e-05
385,175,310,15.46,0.00028467492661468
385,175,310,15.4675,0.000473608008046978
385,175,310,15.475,0.000492393119383752
385,175,310,15.4825,0.000460251435447931
385,175,310,15.49,0.000248812506391858
385,175,310,15.4975,0.000453410378020242
385,175,310,15.505,0.000737991590244588
385,175,310,15.5125,0.000400695292448251
385,175,310,15.52,0.000466052403913412
385,175,310,15.5275,0.000969821143951093
385,175,310,15.535,0.000517156907977048
385,175,310,15.5425,0.000745887455910189
385,175,310,15.55,0.00029791541838197
385,175,310,15.5575,0.000240346746418012
385,175,310,15.565,0.000798245140134168
385,175,310,15.5725,0.00043304337523841
385,175,310,15.58,0.000396419285855432
385,175,310,15.5875,0.00087259325257455
385,175,310,15.595,0.00105131752737185
385,175,310,15.6025,0.000772414676808307
385,175,310,15.61,0.000753925024587175
385,175,310,15.6175,0.000544153024505298
385,175,310,15.625,0.000356561574538602
385,175,310,15.6325,0.000578569052889016
385,175,310,15.64,0.000445193444708502
385,175,310,15.6475,0.000117448612588454
385,175,310,15.655,0.000442852053781427
385,175,310,15.6625,0.000676790284622425
385,175,310,15.67,0.000719430337127502
385,175,310,15.6775,0.000226349172178795
385,175,310,15.685,0.000614055737745968
385,175,310,15.6925,0.000656422144599865
385,175,310,15.7,0.000341663316987835
385,175,310,15.7075,0.000744992659618538
385,175,310,15.715,0.000165245049765463
385,175,310,15.7225,0.00017718209285944
385,175,310,15.73,0.000491031656818733
385,175,310,15.7375,0.000583557993069851
385,175,310,15.745,0.00053400783142163
385,175,310,15.7525,0.000782100532883013
385,175,310,15.76,0.000257683037473127
385,175,310,15.7675,0.000358666485061363
385,175,310,15.775,0.000642180106904782
385,175,310,15.7825,0.000358225082514752
385,175,310,15.79,0.000574206545939834
385,175,310,15.7975,0.000556122985935148
385,175,310,15.805,0.000217068547232863
385,175,310,15.8125,0.000429063181455757
385,175,310,15.82,0.000448722312934042
385,175,310,15.8275,0.000496483417335738
385,175,310,15.835,0.000540847984419956
385,175,310,15.8425,0.000399192300813185
385,175,310,15.85,0.000259729682895508
385,175,310,15.8575,0.000161799134966341
385,175,310,15.865,0.000330412362593839
385,175,310,15.8725,0.000371135353986385
385,175,310,15.88,0.000369033947741028
385,175,310,15.8875,0.000344485699466685
385,175,310,15.895,0.000353573366290456
385,175,310,15.9025,0.000147916265951937
385,175,310,15.91,0.00030406664225761
385,175,310,15.9175,0.000206982156600238
385,175,310,15.925,0.00045665269518204
385,175,310,15.9325,0.000209978901866451
385,175,310,15.94,0.000258301448408738
385,175,310,15.9475,0.000423012060011098
385,175,310,15.955,0.000846825903084339
385,175,310,15.9625,8.93214901620109e-05
385,175,310,15.97,0.000206904921262352
385,175,310,15.9775,0.000552310858589084
385,175,310,15.985,0.000149525138755009
385,175,310,15.9925,0.000385743870577414
385,175,310,16,0.000635937903202138
385,175,309,4,0.00522037748993267
385,175,309,4.0075,0.00406211234314118
385,175,309,4.015,0.00401072841336198
385,175,309,4.0225,0.00364193019819353
385,175,309,4.03,0.00313812698550931
385,175,309,4.0375,0.00314204792186263
385,175,309,4.045,0.00229168351163904
385,175,309,4.0525,0.0032182853373331
385,175,309,4.06,0.00358013741192004
385,175,309,4.0675,0.00382298639505374
385,175,309,4.075,0.0041200752751711
385,175,309,4.0825,0.00400858518554631
385,175,309,4.09,0.0039992040170224
385,175,309,4.0975,0.00476654643262823
385,175,309,4.105,0.00416566336945749
385,175,309,4.1125,0.00453361273629964
385,175,309,4.12,0.00512771229484885
385,175,309,4.1275,0.00504442421242079
385,175,309,4.135,0.00517384168282839
385,175,309,4.1425,0.00510795796172817
385,175,309,4.15,0.00465637647582664
385,175,309,4.1575,0.00576247656023009
385,175,309,4.165,0.00550220735929683
385,175,309,4.1725,0.00505228385518864
385,175,309,4.18,0.00578283650982252
385,175,309,4.1875,0.00542119329696024
385,175,309,4.195,0.00497263000827701
385,175,309,4.2025,0.00516480535444091
385,175,309,4.21,0.00487506493253664
385,175,309,4.2175,0.00453016093386097
385,175,309,4.225,0.00451208504092124
385,175,309,4.2325,0.00379247666870561
385,175,309,4.24,0.00398583265474009
385,175,309,4.2475,0.00379325239633706
385,175,309,4.255,0.00323389936429052
385,175,309,4.2625,0.00259051244952857
385,175,309,4.27,0.00324718676399255
385,175,309,4.2775,0.00279618451754273
385,175,309,4.285,0.00305210464047362
385,175,309,4.2925,0.00313252269564851
385,175,309,4.3,0.00325969570148088
385,175,309,4.3075,0.0030955911898449
385,175,309,4.315,0.00273816240591723
385,175,309,4.3225,0.00243231955217378
385,175,309,4.33,0.00174330840245912
385,175,309,4.3375,0.00162705407740858
385,175,309,4.345,0.00105084062353939
385,175,309,4.3525,0.00174287216459049
385,175,309,4.36,0.00196606489050693
385,175,309,4.3675,0.0022086274724728
385,175,309,4.375,0.00256171388338545
385,175,309,4.3825,0.00244193172636739
385,175,309,4.39,0.00284161120843408
385,175,309,4.3975,0.00315032575429164
385,175,309,4.405,0.00275586335834204
385,175,309,4.4125,0.00276524014178569
385,175,309,4.42,0.0028160649345522
385,175,309,4.4275,0.00289385101329048
385,175,309,4.435,0.00320126924965788
385,175,309,4.4425,0.0025846716070125
385,175,309,4.45,0.00280287656921417
385,175,309,4.4575,0.00253401399953659
385,175,309,4.465,0.0026929899437039
385,175,309,4.4725,0.00210385124605044
385,175,309,4.48,0.0025223869157731
385,175,309,4.4875,0.00220392174929839
385,175,309,4.495,0.00245367877512565
385,175,309,4.5025,0.00222781260718474
385,175,309,4.51,0.00250544032361308
385,175,309,4.5175,0.00242865230087535
385,175,309,4.525,0.00258127865954981
385,175,309,4.5325,0.00244512223952004
385,175,309,4.54,0.00316908724402533
385,175,309,4.5475,0.00328122798182396
385,175,309,4.555,0.00303358358309864
385,175,309,4.5625,0.00292459115390919
385,175,309,4.57,0.00214517061600802
385,175,309,4.5775,0.00218765744991686
385,175,309,4.585,0.00215171743153035
385,175,309,4.5925,0.00174005680083761
385,175,309,4.6,0.00171259317372996
385,175,309,4.6075,0.00162937411816074
385,175,309,4.615,0.00132521990534322
385,175,309,4.6225,0.00244954611759968
385,175,309,4.63,0.00251061912545926
385,175,309,4.6375,0.00282868253542054
385,175,309,4.645,0.0025764812123726
385,175,309,4.6525,0.00223926428130962
385,175,309,4.66,0.00295389487545377
385,175,309,4.6675,0.00303197789766829
385,175,309,4.675,0.00264697561590421
385,175,309,4.6825,0.00229004406934954
385,175,309,4.69,0.00214932087565196
385,175,309,4.6975,0.00235318317795906
385,175,309,4.705,0.0029905147099053
385,175,309,4.7125,0.00258221352418191
385,175,309,4.72,0.00170731642770558
385,175,309,4.7275,0.00207039616809469
385,175,309,4.735,0.00189617388123595
385,175,309,4.7425,0.001949412089553
385,175,309,4.75,0.00137856217254716
385,175,309,4.7575,0.00138280163760847
385,175,309,4.765,0.00133419747680345
385,175,309,4.7725,0.000893478683094963
385,175,309,4.78,0.000489486721967691
385,175,309,4.7875,0.00067088356128809
385,175,309,4.795,0.000432118976108255
385,175,309,4.8025,0.000857319997455378
385,175,309,4.81,0.00150951937904864
385,175,309,4.8175,0.00107780084743324
385,175,309,4.825,0.00164738598151702
385,175,309,4.8325,0.00233049414649659
385,175,309,4.84,0.0020839814073202
385,175,309,4.8475,0.00217457490174367
385,175,309,4.855,0.00241175422741899
385,175,309,4.8625,0.00306612593011406
385,175,309,4.87,0.00321015135914274
385,175,309,4.8775,0.00308675983888392
385,175,309,4.885,0.00286468607855842
385,175,309,4.8925,0.00281279426056976
385,175,309,4.9,0.00317039356505116
385,175,309,4.9075,0.00269766389292473
385,175,309,4.915,0.00245906781616496
385,175,309,4.9225,0.00197536031003791
385,175,309,4.93,0.00244902515714202
385,175,309,4.9375,0.00200006030672991
385,175,309,4.945,0.00196336691597914
385,175,309,4.9525,0.0023367401854433
385,175,309,4.96,0.00242615018738992
385,175,309,4.9675,0.00255400781023607
385,175,309,4.975,0.00232298008758491
385,175,309,4.9825,0.00231354530864801
385,175,309,4.99,0.00219194391020944
385,175,309,4.9975,0.00183563592653606
385,175,309,5.005,0.00163734467902446
385,175,309,5.0125,0.00171561327384531
385,175,309,5.02,0.00139150540479073
385,175,309,5.0275,0.00155959447008294
385,175,309,5.035,0.00161222482153549
385,175,309,5.0425,0.000760622698414363
385,175,309,5.05,0.000828779059210101
385,175,309,5.0575,0.000609396078172125
385,175,309,5.065,0.000278322516354037
385,175,309,5.0725,0.000304395842088873
385,175,309,5.08,0.000564842750312429
385,175,309,5.0875,0.000972409990665478
385,175,309,5.095,0.000997718755918816
385,175,309,5.1025,0.00120932014298705
385,175,309,5.11,0.000686251433183869
385,175,309,5.1175,0.000936415287804768
385,175,309,5.125,0.00142456506762624
385,175,309,5.1325,0.00129553107470665
385,175,309,5.14,0.001556173664172
385,175,309,5.1475,0.00118174455147346
385,175,309,5.155,0.000561534632201163
385,175,309,5.1625,0.000538212474840152
385,175,309,5.17,0.000837775326274079
385,175,309,5.1775,0.000705409680036522
385,175,309,5.185,0.00150034403662289
385,175,309,5.1925,0.0013658190989846
385,175,309,5.2,0.00157427267434425
385,175,309,5.2075,0.00164448854842166
385,175,309,5.215,0.00169574895368189
385,175,309,5.2225,0.00202243926242085
385,175,309,5.23,0.00228095416080619
385,175,309,5.2375,0.00191396146328351
385,175,309,5.245,0.00164025708861233
385,175,309,5.2525,0.00177924463259524
385,175,309,5.26,0.00112703393810817
385,175,309,5.2675,0.00116803558993953
385,175,309,5.275,0.00164917813814286
385,175,309,5.2825,0.0017398324731439
385,175,309,5.29,0.00172159685597359
385,175,309,5.2975,0.00132883104098035
385,175,309,5.305,0.0010442598381749
385,175,309,5.3125,0.000602134429348464
385,175,309,5.32,0.000939349939666561
385,175,309,5.3275,0.000662918469521061
385,175,309,5.335,0.000653094280978585
385,175,309,5.3425,0.000907689232787883
385,175,309,5.35,0.00111766241206195
385,175,309,5.3575,0.0013462835400487
385,175,309,5.365,0.000978441392527499
385,175,309,5.3725,0.00108230101974146
385,175,309,5.38,0.000932300162932022
385,175,309,5.3875,0.000717103871717859
385,175,309,5.395,0.00081898150674072
385,175,309,5.4025,0.00113107528502152
385,175,309,5.41,0.000785349204793828
385,175,309,5.4175,0.000755147470874316
385,175,309,5.425,0.000747319551587783
385,175,309,5.4325,0.00103797035981119
385,175,309,5.44,0.00118419893780048
385,175,309,5.4475,0.000937752579073922
385,175,309,5.455,0.00151998343747267
385,175,309,5.4625,0.000759523468187424
385,175,309,5.47,0.000996602892618098
385,175,309,5.4775,0.000962912983411651
385,175,309,5.485,0.000771867046266645
385,175,309,5.4925,0.000991975636493074
385,175,309,5.5,0.000552634901851275
385,175,309,5.5075,0.00102952212006511
385,175,309,5.515,0.00126458284092534
385,175,309,5.5225,0.00133028654328379
385,175,309,5.53,0.00131379748331524
385,175,309,5.5375,0.0016874370575301
385,175,309,5.545,0.00199882283065299
385,175,309,5.5525,0.00175853180579293
385,175,309,5.56,0.00194659416051523
385,175,309,5.5675,0.00185351704059845
385,175,309,5.575,0.0016873679354936
385,175,309,5.5825,0.00135546338913042
385,175,309,5.59,0.00189587819188047
385,175,309,5.5975,0.00246292884351897
385,175,309,5.605,0.00224976265882418
385,175,309,5.6125,0.00215643233190536
385,175,309,5.62,0.00184350162115551
385,175,309,5.6275,0.00184312414653469
385,175,309,5.635,0.00204670077784638
385,175,309,5.6425,0.00184826968413244
385,175,309,5.65,0.00184350685855778
385,175,309,5.6575,0.00182227046004339
385,175,309,5.665,0.00146260190990399
385,175,309,5.6725,0.00219665191001575
385,175,309,5.68,0.00163838383086468
385,175,309,5.6875,0.00175359489847806
385,175,309,5.695,0.00164830481583283
385,175,309,5.7025,0.00118287003368736
385,175,309,5.71,0.0010366253497289
385,175,309,5.7175,0.000619467579668895
385,175,309,5.725,0.000683786870042226
385,175,309,5.7325,0.000578718716326519
385,175,309,5.74,0.000344784158814757
385,175,309,5.7475,0.000446413318225051
385,175,309,5.755,0.00048098751676179
385,175,309,5.7625,0.000251171773519357
385,175,309,5.77,0.000726908884886536
385,175,309,5.7775,0.000783575335568926
385,175,309,5.785,0.000491872522647777
385,175,309,5.7925,0.00104069098246654
385,175,309,5.8,0.00137872159275485
385,175,309,5.8075,0.00141655613459509
385,175,309,5.815,0.00140919386117554
385,175,309,5.8225,0.00140196792918665
385,175,309,5.83,0.00125809945043092
385,175,309,5.8375,0.00129139601756709
385,175,309,5.845,0.00164268726787914
385,175,309,5.8525,0.0018502288786238
385,175,309,5.86,0.0018846802766386
385,175,309,5.8675,0.00203304487979774
385,175,309,5.875,0.0016905404148301
385,175,309,5.8825,0.00227112617543782
385,175,309,5.89,0.00174766707856188
385,175,309,5.8975,0.00176539829304984
385,175,309,5.905,0.00207126562100533
385,175,309,5.9125,0.00180350021235342
385,175,309,5.92,0.00184233798991152
385,175,309,5.9275,0.00137897079919857
385,175,309,5.935,0.00126509445725213
385,175,309,5.9425,0.00131117274997592
385,175,309,5.95,0.00127586860995635
385,175,309,5.9575,0.00107765026511729
385,175,309,5.965,0.00132775067876114
385,175,309,5.9725,0.000932554007742265
385,175,309,5.98,0.00132737170990696
385,175,309,5.9875,0.00146001904708717
385,175,309,5.995,0.0011976520121584
385,175,309,6.0025,0.00115862170914064
385,175,309,6.01,0.00127045946317041
385,175,309,6.0175,0.00110624574302024
385,175,309,6.025,0.00106692754392336
385,175,309,6.0325,0.00118260742144085
385,175,309,6.04,0.000525587674690228
385,175,309,6.0475,0.0002485720975312
385,175,309,6.055,0.000974984971250653
385,175,309,6.0625,0.000797238944287066
385,175,309,6.07,0.00035946197385314
385,175,309,6.0775,0.000186036743443309
385,175,309,6.085,0.000936010375893008
385,175,309,6.0925,0.0011169576979462
385,175,309,6.1,0.000546349815308431
385,175,309,6.1075,0.00102160860240951
385,175,309,6.115,0.00126492248400555
385,175,309,6.1225,0.00199235745126066
385,175,309,6.13,0.00197207167525121
385,175,309,6.1375,0.00190004618984359
385,175,309,6.145,0.0016032823869038
385,175,309,6.1525,0.00148384619995454
385,175,309,6.16,0.0010761427965129
385,175,309,6.1675,0.00113468717715862
385,175,309,6.175,0.00126474145021875
385,175,309,6.1825,0.0013828655976517
385,175,309,6.19,0.00112130010945496
385,175,309,6.1975,0.00153066244958424
385,175,309,6.205,0.00125147721250435
385,175,309,6.2125,0.00099476747861758
385,175,309,6.22,0.00075139908575391
385,175,309,6.2275,0.000943669024174021
385,175,309,6.235,0.000256388389865415
385,175,309,6.2425,0.000818333434410368
385,175,309,6.25,0.000874597486997719
385,175,309,6.2575,0.00132182955000865
385,175,309,6.265,0.00146645187796687
385,175,309,6.2725,0.000870787375625151
385,175,309,6.28,0.00107692909679791
385,175,309,6.2875,0.00109240272565716
385,175,309,6.295,0.00139093937851782
385,175,309,6.3025,0.00129329039673271
385,175,309,6.31,0.00129898192515946
385,175,309,6.3175,0.00119531551451624
385,175,309,6.325,0.00156099231154511
385,175,309,6.3325,0.00146755316807463
385,175,309,6.34,0.0018077424173054
385,175,309,6.3475,0.00180471585783862
385,175,309,6.355,0.00244501154078244
385,175,309,6.3625,0.00260283674550754
385,175,309,6.37,0.00270812248886057
385,175,309,6.3775,0.00209309811949122
385,175,309,6.385,0.00198175692346522
385,175,309,6.3925,0.00213177189383167
385,175,309,6.4,0.00224368918336667
385,175,309,6.4075,0.0023561664368717
385,175,309,6.415,0.00129631092647978
385,175,309,6.4225,0.000480663974551103
385,175,309,6.43,0.000559787580274683
385,175,309,6.4375,0.00112365885978433
385,175,309,6.445,0.000656565510741625
385,175,309,6.4525,0.000984004873467005
385,175,309,6.46,0.00124681378961228
385,175,309,6.4675,0.00123181927156078
385,175,309,6.475,0.000986364711078425
385,175,309,6.4825,0.000575827599558094
385,175,309,6.49,0.00123218389679988
385,175,309,6.4975,0.00086923652451136
385,175,309,6.505,0.00130549687209657
385,175,309,6.5125,0.00157316248330866
385,175,309,6.52,0.00171024975380995
385,175,309,6.5275,0.00135631758249656
385,175,309,6.535,0.00132445966355983
385,175,309,6.5425,0.00126201003608056
385,175,309,6.55,0.0017870144132163
385,175,309,6.5575,0.00189909959410947
385,175,309,6.565,0.00179573745394672
385,175,309,6.5725,0.00187430849151641
385,175,309,6.58,0.00241987775706294
385,175,309,6.5875,0.00201327244245307
385,175,309,6.595,0.00225982651878111
385,175,309,6.6025,0.00229218113926925
385,175,309,6.61,0.00224682707044828
385,175,309,6.6175,0.00253311979975108
385,175,309,6.625,0.00231989490017737
385,175,309,6.6325,0.00213280437279538
385,175,309,6.64,0.00272367155427712
385,175,309,6.6475,0.00217534266469564
385,175,309,6.655,0.00222948973356485
385,175,309,6.6625,0.00210046735374434
385,175,309,6.67,0.00190889391307783
385,175,309,6.6775,0.00193448522514045
385,175,309,6.685,0.00152240305571364
385,175,309,6.6925,0.00154964735944695
385,175,309,6.7,0.00160673934018693
385,175,309,6.7075,0.00151499199599036
385,175,309,6.715,0.00184060909154381
385,175,309,6.7225,0.0020579062512564
385,175,309,6.73,0.00191547366143483
385,175,309,6.7375,0.00172430556212178
385,175,309,6.745,0.00213500518899961
385,175,309,6.7525,0.0020627439446301
385,175,309,6.76,0.00154584290442772
385,175,309,6.7675,0.00141284001586635
385,175,309,6.775,0.0017773194650659
385,175,309,6.7825,0.00107984404597321
385,175,309,6.79,0.000945038855687859
385,175,309,6.7975,0.000949865091601498
385,175,309,6.805,0.000971502467447573
385,175,309,6.8125,0.00172704671451266
385,175,309,6.82,0.00162235706071679
385,175,309,6.8275,0.00148710090622678
385,175,309,6.835,0.0017810925070921
385,175,309,6.8425,0.00230437784071191
385,175,309,6.85,0.00215387160048671
385,175,309,6.8575,0.00193121143994091
385,175,309,6.865,0.00228018088842489
385,175,309,6.8725,0.00243455065279575
385,175,309,6.88,0.00221826575757658
385,175,309,6.8875,0.00231352561769042
385,175,309,6.895,0.0027767488610532
385,175,309,6.9025,0.00220039185797592
385,175,309,6.91,0.00252284076871439
385,175,309,6.9175,0.00259097398575416
385,175,309,6.925,0.00308788938019411
385,175,309,6.9325,0.00230750434050187
385,175,309,6.94,0.00221743616186472
385,175,309,6.9475,0.00213719300727595
385,175,309,6.955,0.00189939872251565
385,175,309,6.9625,0.00236136936108836
385,175,309,6.97,0.00190784683882401
385,175,309,6.9775,0.00177846358303452
385,175,309,6.985,0.00175500515589572
385,175,309,6.9925,0.0016167283746531
385,175,309,7,0.00151506143125554
385,175,309,7.0075,0.0018576382681203
385,175,309,7.015,0.00199348444106727
385,175,309,7.0225,0.00192698712863609
385,175,309,7.03,0.0022680032663126
385,175,309,7.0375,0.00221521702429658
385,175,309,7.045,0.00248820631222415
385,175,309,7.0525,0.00235564010399305
385,175,309,7.06,0.0027864710228322
385,175,309,7.0675,0.00295911229849501
385,175,309,7.075,0.0027133912659494
385,175,309,7.0825,0.00289534113632314
385,175,309,7.09,0.00298190894818634
385,175,309,7.0975,0.00336312423837399
385,175,309,7.105,0.00314391746045953
385,175,309,7.1125,0.00334257790241866
385,175,309,7.12,0.0034174656185927
385,175,309,7.1275,0.00316018050937701
385,175,309,7.135,0.00325900866412726
385,175,309,7.1425,0.00307986964743945
385,175,309,7.15,0.00287704715670746
385,175,309,7.1575,0.00228775611648023
385,175,309,7.165,0.00152791708517839
385,175,309,7.1725,0.00170763640593031
385,175,309,7.18,0.00140912546155718
385,175,309,7.1875,0.00175576684336289
385,175,309,7.195,0.00196638230029484
385,175,309,7.2025,0.00124364523843162
385,175,309,7.21,0.00124264015469229
385,175,309,7.2175,0.00154351505373812
385,175,309,7.225,0.00198408984201672
385,175,309,7.2325,0.00166163957601223
385,175,309,7.24,0.00229802939625377
385,175,309,7.2475,0.00227067891529944
385,175,309,7.255,0.00247387450578594
385,175,309,7.2625,0.00246874294372769
385,175,309,7.27,0.00214726199676985
385,175,309,7.2775,0.00288187918776412
385,175,309,7.285,0.00225363352820196
385,175,309,7.2925,0.00241302546702027
385,175,309,7.3,0.00239219505675602
385,175,309,7.3075,0.00277261229203699
385,175,309,7.315,0.00268475131408534
385,175,309,7.3225,0.00232611236985842
385,175,309,7.33,0.00197927785436335
385,175,309,7.3375,0.00205768375326342
385,175,309,7.345,0.00257224357613388
385,175,309,7.3525,0.00244509726780101
385,175,309,7.36,0.00282489059543551
385,175,309,7.3675,0.00254368843587917
385,175,309,7.375,0.00254649581448548
385,175,309,7.3825,0.00298314968908156
385,175,309,7.39,0.00281620443251701
385,175,309,7.3975,0.00256797047786223
385,175,309,7.405,0.00278508337823728
385,175,309,7.4125,0.003079514240821
385,175,309,7.42,0.00258192302603099
385,175,309,7.4275,0.00289716481102368
385,175,309,7.435,0.00255100221638944
385,175,309,7.4425,0.00296957676101868
385,175,309,7.45,0.00241497544135099
385,175,309,7.4575,0.00280606454934797
385,175,309,7.465,0.00242076664462953
385,175,309,7.4725,0.00294088027875257
385,175,309,7.48,0.00228145556069596
385,175,309,7.4875,0.00259784323907688
385,175,309,7.495,0.00264322199813736
385,175,309,7.5025,0.0025870886424643
385,175,309,7.51,0.00171921421020681
385,175,309,7.5175,0.0022119693996099
385,175,309,7.525,0.00158132670153125
385,175,309,7.5325,0.00182777147642649
385,175,309,7.54,0.00206233496249718
385,175,309,7.5475,0.00180824806667687
385,175,309,7.555,0.00153765670833878
385,175,309,7.5625,0.00111622526016981
385,175,309,7.57,0.00137482540348214
385,175,309,7.5775,0.00203432353848907
385,175,309,7.585,0.00135321035481216
385,175,309,7.5925,0.00195274217169685
385,175,309,7.6,0.00225858964841695
385,175,309,7.6075,0.00233837817150972
385,175,309,7.615,0.00263993294253384
385,175,309,7.6225,0.00286604862703765
385,175,309,7.63,0.00246386094435241
385,175,309,7.6375,0.00297147325671607
385,175,309,7.645,0.00344161063389846
385,175,309,7.6525,0.00305707150333332
385,175,309,7.66,0.00336605791406084
385,175,309,7.6675,0.0030344605598848
385,175,309,7.675,0.00295788943861458
385,175,309,7.6825,0.00273314279507243
385,175,309,7.69,0.0024490625680841
385,175,309,7.6975,0.00230742010236117
385,175,309,7.705,0.00166746452136034
385,175,309,7.7125,0.00155469581799776
385,175,309,7.72,0.00174791890301082
385,175,309,7.7275,0.00157537816473356
385,175,309,7.735,0.00219855070031879
385,175,309,7.7425,0.00186728247693855
385,175,309,7.75,0.00203116164757963
385,175,309,7.7575,0.00241326809185437
385,175,309,7.765,0.00206909351647733
385,175,309,7.7725,0.00242359284180994
385,175,309,7.78,0.0024198713528024
385,175,309,7.7875,0.00262483327538465
385,175,309,7.795,0.00248076501322385
385,175,309,7.8025,0.00277045250034963
385,175,309,7.81,0.00280641482470112
385,175,309,7.8175,0.00235345510983097
385,175,309,7.825,0.00249195109931414
385,175,309,7.8325,0.0021901282593661
385,175,309,7.84,0.00241013053692314
385,175,309,7.8475,0.00228644729234693
385,175,309,7.855,0.00266980533175746
385,175,309,7.8625,0.00266132158382905
385,175,309,7.87,0.00265050767826016
385,175,309,7.8775,0.00278750244126451
385,175,309,7.885,0.00229009640298611
385,175,309,7.8925,0.00198771859419799
385,175,309,7.9,0.0022746259620807
385,175,309,7.9075,0.0024823856715731
385,175,309,7.915,0.00196152072740471
385,175,309,7.9225,0.00201781792116552
385,175,309,7.93,0.00187309667117146
385,175,309,7.9375,0.00231966745662707
385,175,309,7.945,0.00200860004616524
385,175,309,7.9525,0.00239737289271978
385,175,309,7.96,0.00205066992312837
385,175,309,7.9675,0.00171410795505025
385,175,309,7.975,0.00228025382337739
385,175,309,7.9825,0.00247570705159819
385,175,309,7.99,0.00244888597900439
385,175,309,7.9975,0.00223128060202977
385,175,309,8.005,0.00318041435106211
385,175,309,8.0125,0.00219469623281978
385,175,309,8.02,0.0031896429034985
385,175,309,8.0275,0.00246238365761212
385,175,309,8.035,0.00253876951750757
385,175,309,8.0425,0.00263106200015594
385,175,309,8.05,0.00240475615346671
385,175,309,8.0575,0.00243686977195921
385,175,309,8.065,0.00211805347384292
385,175,309,8.0725,0.0018220316814433
385,175,309,8.08,0.00234973476797583
385,175,309,8.0875,0.00199989974577136
385,175,309,8.095,0.00186449921122375
385,175,309,8.1025,0.00214337621994769
385,175,309,8.11,0.00216100660137573
385,175,309,8.1175,0.00280555822670815
385,175,309,8.125,0.00309282500402478
385,175,309,8.1325,0.00316767064059574
385,175,309,8.14,0.00310080073615683
385,175,309,8.1475,0.00310933300859506
385,175,309,8.155,0.00316263338703495
385,175,309,8.1625,0.00326037382995242
385,175,309,8.17,0.00356351933702669
385,175,309,8.1775,0.00325430953323226
385,175,309,8.185,0.00332959088431504
385,175,309,8.1925,0.00341105755947949
385,175,309,8.2,0.00286756603015142
385,175,309,8.2075,0.00293610077338861
385,175,309,8.215,0.00344895009727408
385,175,309,8.2225,0.00297696099039942
385,175,309,8.23,0.00277934854168206
385,175,309,8.2375,0.00284775188376852
385,175,309,8.245,0.00291689814034366
385,175,309,8.2525,0.00286350094337506
385,175,309,8.26,0.00260378346559187
385,175,309,8.2675,0.00229101749517722
385,175,309,8.275,0.00247830077098922
385,175,309,8.2825,0.00224755981084209
385,175,309,8.29,0.00111671984521749
385,175,309,8.2975,0.00183516881336619
385,175,309,8.305,0.00123411390984681
385,175,309,8.3125,0.00128911904518212
385,175,309,8.32,0.000888119010814208
385,175,309,8.3275,0.00134777601067734
385,175,309,8.335,0.00216123171202541
385,175,309,8.3425,0.00197686664854228
385,175,309,8.35,0.00198721574946411
385,175,309,8.3575,0.00253499883845873
385,175,309,8.365,0.00237235987494041
385,175,309,8.3725,0.00309346210113509
385,175,309,8.38,0.00286668572588983
385,175,309,8.3875,0.00306333553226743
385,175,309,8.395,0.00325858246102055
385,175,309,8.4025,0.00339839149155445
385,175,309,8.41,0.00316811371219813
385,175,309,8.4175,0.00282369907516363
385,175,309,8.425,0.00333144883018367
385,175,309,8.4325,0.00252136187658092
385,175,309,8.44,0.0025999988309201
385,175,309,8.4475,0.00247284310324457
385,175,309,8.455,0.00225721592269401
385,175,309,8.4625,0.00250995911021389
385,175,309,8.47,0.00257449110621803
385,175,309,8.4775,0.00287522146237848
385,175,309,8.485,0.00235090571098528
385,175,309,8.4925,0.00290432634649297
385,175,309,8.5,0.0029223562252244
385,175,309,8.5075,0.00292066922872069
385,175,309,8.515,0.00281622408813154
385,175,309,8.5225,0.00293099717540613
385,175,309,8.53,0.00321946589168671
385,175,309,8.5375,0.00297981271420947
385,175,309,8.545,0.00319824786598391
385,175,309,8.5525,0.00312543898939832
385,175,309,8.56,0.00254333495391842
385,175,309,8.5675,0.00229321304306169
385,175,309,8.575,0.00229295164927739
385,175,309,8.5825,0.00185202643099447
385,175,309,8.59,0.00166624361375975
385,175,309,8.5975,0.001705176665364
385,175,309,8.605,0.00182011552381167
385,175,309,8.6125,0.00231574283950599
385,175,309,8.62,0.00225650786618328
385,175,309,8.6275,0.00174249079097247
385,175,309,8.635,0.00216092858055985
385,175,309,8.6425,0.00153894463874289
385,175,309,8.65,0.00173034740975788
385,175,309,8.6575,0.0017590408319601
385,175,309,8.665,0.00185502729833873
385,175,309,8.6725,0.0017045825987887
385,175,309,8.68,0.00146975862510614
385,175,309,8.6875,0.00125522380895534
385,175,309,8.695,0.00150341131395643
385,175,309,8.7025,0.00257852541964792
385,175,309,8.71,0.00262351401554937
385,175,309,8.7175,0.00286761062841023
385,175,309,8.725,0.00232482678116291
385,175,309,8.7325,0.00323420209235949
385,175,309,8.74,0.00304154004682108
385,175,309,8.7475,0.00292805681688941
385,175,309,8.755,0.0029258397128727
385,175,309,8.7625,0.00275029930107929
385,175,309,8.77,0.00282990446799587
385,175,309,8.7775,0.00271955746530952
385,175,309,8.785,0.00277390280449953
385,175,309,8.7925,0.00268891315027313
385,175,309,8.8,0.00203775167386888
385,175,309,8.8075,0.00230297211450975
385,175,309,8.815,0.00206597645834627
385,175,309,8.8225,0.00152787461417547
385,175,309,8.83,0.00168528625962092
385,175,309,8.8375,0.00160093366615199
385,175,309,8.845,0.00155695943511246
385,175,309,8.8525,0.00202351101791759
385,175,309,8.86,0.00218164176308317
385,175,309,8.8675,0.00248379927468878
385,175,309,8.875,0.00261634519002086
385,175,309,8.8825,0.00199256279635628
385,175,309,8.89,0.0023718614630687
385,175,309,8.8975,0.00246943587512868
385,175,309,8.905,0.00217742619530677
385,175,309,8.9125,0.00253998657154351
385,175,309,8.92,0.0025966832495841
385,175,309,8.9275,0.00250923604535395
385,175,309,8.935,0.00268339348385307
385,175,309,8.9425,0.00205994962447184
385,175,309,8.95,0.0024612002841594
385,175,309,8.9575,0.00237563800584514
385,175,309,8.965,0.00215020563908601
385,175,309,8.9725,0.00222796378383001
385,175,309,8.98,0.00275988620645979
385,175,309,8.9875,0.00206190014399288
385,175,309,8.995,0.00291730184389214
385,175,309,9.0025,0.00203821966742132
385,175,309,9.01,0.00247855691813324
385,175,309,9.0175,0.00168330245267301
385,175,309,9.025,0.00159722366050125
385,175,309,9.0325,0.00113624981098991
385,175,309,9.04,0.00161117605745523
385,175,309,9.0475,0.0009831964782071
385,175,309,9.055,0.00150880122436754
385,175,309,9.0625,0.00114416693218318
385,175,309,9.07,0.00145466000876765
385,175,309,9.0775,0.00165568058619577
385,175,309,9.085,0.00218528579922479
385,175,309,9.0925,0.00194604812733718
385,175,309,9.1,0.00268257053108666
385,175,309,9.1075,0.00211212044388184
385,175,309,9.115,0.00266655333334263
385,175,309,9.1225,0.00266115788836837
385,175,309,9.13,0.00280858100927305
385,175,309,9.1375,0.00253902007950759
385,175,309,9.145,0.00266109049961476
385,175,309,9.1525,0.00212053810185278
385,175,309,9.16,0.00185961550852501
385,175,309,9.1675,0.00232649367018832
385,175,309,9.175,0.00230553940432177
385,175,309,9.1825,0.00185585786911014
385,175,309,9.19,0.00212408967834019
385,175,309,9.1975,0.00177493367426124
385,175,309,9.205,0.00190921808286443
385,175,309,9.2125,0.00169850734173375
385,175,309,9.22,0.00241074102206879
385,175,309,9.2275,0.00263130321087127
385,175,309,9.235,0.00249780529236055
385,175,309,9.2425,0.0023404123513609
385,175,309,9.25,0.00244375892723777
385,175,309,9.2575,0.00266667805501088
385,175,309,9.265,0.00292064457537324
385,175,309,9.2725,0.00227461011356603
385,175,309,9.28,0.00262376187255429
385,175,309,9.2875,0.00291026415325802
385,175,309,9.295,0.00279822552679121
385,175,309,9.3025,0.00252648366530845
385,175,309,9.31,0.00246117380233167
385,175,309,9.3175,0.00212707176416721
385,175,309,9.325,0.00170802178735862
385,175,309,9.3325,0.00202424647594782
385,175,309,9.34,0.00242614642292433
385,175,309,9.3475,0.00180876721470468
385,175,309,9.355,0.00131218025323841
385,175,309,9.3625,0.00125086363020419
385,175,309,9.37,0.00104587161288739
385,175,309,9.3775,0.000801045496261486
385,175,309,9.385,0.00129984034069233
385,175,309,9.3925,0.000691063803113305
385,175,309,9.4,0.000769395704922231
385,175,309,9.4075,0.00116689503909161
385,175,309,9.415,0.00149841320486605
385,175,309,9.4225,0.00184421320923069
385,175,309,9.43,0.00151044972019453
385,175,309,9.4375,0.00162686296897927
385,175,309,9.445,0.00257793815474114
385,175,309,9.4525,0.00253098347144535
385,175,309,9.46,0.00228551310605396
385,175,309,9.4675,0.0024264070752182
385,175,309,9.475,0.00187824703707741
385,175,309,9.4825,0.00226469053746989
385,175,309,9.49,0.0028077061254402
385,175,309,9.4975,0.00257802011981714
385,175,309,9.505,0.00247122621202815
385,175,309,9.5125,0.00229834143521886
385,175,309,9.52,0.00268742576961921
385,175,309,9.5275,0.00282244099997463
385,175,309,9.535,0.00208063536374511
385,175,309,9.5425,0.00246158830423937
385,175,309,9.55,0.00201086906818663
385,175,309,9.5575,0.00210895733939831
385,175,309,9.565,0.00160171430540501
385,175,309,9.5725,0.0014833660472631
385,175,309,9.58,0.00110205702123801
385,175,309,9.5875,0.00150278483019254
385,175,309,9.595,0.00106570152886791
385,175,309,9.6025,0.00153687877101011
385,175,309,9.61,0.00158233246126667
385,175,309,9.6175,0.0017965858468272
385,175,309,9.625,0.00170201946715597
385,175,309,9.6325,0.0018371193596056
385,175,309,9.64,0.00173726110981583
385,175,309,9.6475,0.00228444214468523
385,175,309,9.655,0.00268242305313204
385,175,309,9.6625,0.00196168569749935
385,175,309,9.67,0.00219951757511779
385,175,309,9.6775,0.00209937581385167
385,175,309,9.685,0.00213653961208824
385,175,309,9.6925,0.0023938631763444
385,175,309,9.7,0.00225819783446723
385,175,309,9.7075,0.00195284546866431
385,175,309,9.715,0.00181473455657268
385,175,309,9.7225,0.00159512216567552
385,175,309,9.73,0.00159308800764935
385,175,309,9.7375,0.00126030493402311
385,175,309,9.745,0.0016598440263886
385,175,309,9.7525,0.00170685366109284
385,175,309,9.76,0.0013786112830891
385,175,309,9.7675,0.0019327913012378
385,175,309,9.775,0.00216610185996591
385,175,309,9.7825,0.00195572570032304
385,175,309,9.79,0.00182118048398128
385,175,309,9.7975,0.0021714755721455
385,175,309,9.805,0.00157695218882454
385,175,309,9.8125,0.00165221783614934
385,175,309,9.82,0.00195891798676988
385,175,309,9.8275,0.00232399707921256
385,175,309,9.835,0.00190386310991258
385,175,309,9.8425,0.00187676613410512
385,175,309,9.85,0.0020694761696716
385,175,309,9.8575,0.00148743511222398
385,175,309,9.865,0.00157013988788215
385,175,309,9.8725,0.00224108062417613
385,175,309,9.88,0.00159253525829156
385,175,309,9.8875,0.00215634080030587
385,175,309,9.895,0.00195581256409184
385,175,309,9.9025,0.00195922669851851
385,175,309,9.91,0.00196763301587158
385,175,309,9.9175,0.00211383615491694
385,175,309,9.925,0.00199607630442463
385,175,309,9.9325,0.00168659577390035
385,175,309,9.94,0.00185643654448713
385,175,309,9.9475,0.00240951995691256
385,175,309,9.955,0.00194760160703999
385,175,309,9.9625,0.00262534609233389
385,175,309,9.97,0.00237850793761191
385,175,309,9.9775,0.00226730459733222
385,175,309,9.985,0.00300044436073106
385,175,309,9.9925,0.00319192415046446
385,175,309,10,0.00281017493279698
385,175,309,10.0075,0.00329147897980539
385,175,309,10.015,0.00284039756044533
385,175,309,10.0225,0.00259757612750484
385,175,309,10.03,0.00319246814039026
385,175,309,10.0375,0.00245547400584554
385,175,309,10.045,0.00312184596121409
385,175,309,10.0525,0.00234225932678247
385,175,309,10.06,0.0026494472975432
385,175,309,10.0675,0.00230835742999837
385,175,309,10.075,0.00199396475744703
385,175,309,10.0825,0.00210248898578307
385,175,309,10.09,0.00119795269729857
385,175,309,10.0975,0.00117854137923614
385,175,309,10.105,0.00115012116953842
385,175,309,10.1125,0.000921350406388539
385,175,309,10.12,0.00112129695837783
385,175,309,10.1275,0.000722453300915585
385,175,309,10.135,0.000589284996013459
385,175,309,10.1425,0.000908952407083514
385,175,309,10.15,0.000900275307105943
385,175,309,10.1575,0.0011461669415254
385,175,309,10.165,0.00129541218994654
385,175,309,10.1725,0.00170315286761464
385,175,309,10.18,0.00162376856330873
385,175,309,10.1875,0.001636984361904
385,175,309,10.195,0.00202448014638321
385,175,309,10.2025,0.00211806488481682
385,175,309,10.21,0.00178682941340827
385,175,309,10.2175,0.00256749966321288
385,175,309,10.225,0.00245574256931841
385,175,309,10.2325,0.00237589025286009
385,175,309,10.24,0.00249828060380735
385,175,309,10.2475,0.00277923133269863
385,175,309,10.255,0.00244923740773004
385,175,309,10.2625,0.00237246680980895
385,175,309,10.27,0.00243654007215677
385,175,309,10.2775,0.00185015032589521
385,175,309,10.285,0.00227504981809157
385,175,309,10.2925,0.00223849080821594
385,175,309,10.3,0.00216604870251841
385,175,309,10.3075,0.00213976887854247
385,175,309,10.315,0.00174217280300397
385,175,309,10.3225,0.00165269712217092
385,175,309,10.33,0.0013928502174625
385,175,309,10.3375,0.00127393424361266
385,175,309,10.345,0.00116689700337984
385,175,309,10.3525,0.00169238144228516
385,175,309,10.36,0.000998506169310752
385,175,309,10.3675,0.00106495909047355
385,175,309,10.375,0.000757421862463749
385,175,309,10.3825,0.00143581576241244
385,175,309,10.39,0.0015674249354032
385,175,309,10.3975,0.00157584716789923
385,175,309,10.405,0.00142030133174352
385,175,309,10.4125,0.00156373969528547
385,175,309,10.42,0.00171177312216521
385,175,309,10.4275,0.00183326259696776
385,175,309,10.435,0.00156113437495621
385,175,309,10.4425,0.00146853034299684
385,175,309,10.45,0.00150642030965458
385,175,309,10.4575,0.00138744385230005
385,175,309,10.465,0.00108226768118452
385,175,309,10.4725,0.001256558329189
385,175,309,10.48,0.000631433287861246
385,175,309,10.4875,0.000940568892020064
385,175,309,10.495,0.00167961190108781
385,175,309,10.5025,0.00196577985591784
385,175,309,10.51,0.00102211271419398
385,175,309,10.5175,0.00152714887462285
385,175,309,10.525,0.00148730785093277
385,175,309,10.5325,0.00149420816230959
385,175,309,10.54,0.00143197923737457
385,175,309,10.5475,0.00166094611724261
385,175,309,10.555,0.00120692099392844
385,175,309,10.5625,0.00154595724443323
385,175,309,10.57,0.00171475341397439
385,175,309,10.5775,0.00141041723929698
385,175,309,10.585,0.00128276407963502
385,175,309,10.5925,0.00100501669200534
385,175,309,10.6,0.00141769875405028
385,175,309,10.6075,0.00111387830857271
385,175,309,10.615,0.00093495952426741
385,175,309,10.6225,0.000770478601521733
385,175,309,10.63,0.00125624088774561
385,175,309,10.6375,0.000967539249902789
385,175,309,10.645,0.000849267995989003
385,175,309,10.6525,0.00156678834014079
385,175,309,10.66,0.000882182467115138
385,175,309,10.6675,0.000947244216612593
385,175,309,10.675,0.000802872525772706
385,175,309,10.6825,0.000953303082853679
385,175,309,10.69,0.00110773134006543
385,175,309,10.6975,0.00123846620735588
385,175,309,10.705,0.00126745292228638
385,175,309,10.7125,0.00118925332796439
385,175,309,10.72,0.00168040606404824
385,175,309,10.7275,0.0016825541119193
385,175,309,10.735,0.0018040521121811
385,175,309,10.7425,0.0015440676175624
385,175,309,10.75,0.0011757140575913
385,175,309,10.7575,0.00162167844158774
385,175,309,10.765,0.00241206481404905
385,175,309,10.7725,0.00205811112969561
385,175,309,10.78,0.00172542000622875
385,175,309,10.7875,0.00175526719257559
385,175,309,10.795,0.00161349706646788
385,175,309,10.8025,0.00171955112759547
385,175,309,10.81,0.0013331818147829
385,175,309,10.8175,0.00103651930774124
385,175,309,10.825,0.000623205305248199
385,175,309,10.8325,0.000891649021698127
385,175,309,10.84,0.000846257537742854
385,175,309,10.8475,0.000844108726494273
385,175,309,10.855,0.00046735731675043
385,175,309,10.8625,0.000587878278096989
385,175,309,10.87,6.77840811143158e-05
385,175,309,10.8775,0.000143999611978836
385,175,309,10.885,0.000548637771409552
385,175,309,10.8925,0.000840691909156796
385,175,309,10.9,0.00113365950517501
385,175,309,10.9075,0.00148000082416519
385,175,309,10.915,0.00121979590555541
385,175,309,10.9225,0.0016074826452643
385,175,309,10.93,0.00115895452038056
385,175,309,10.9375,0.00135469759590988
385,175,309,10.945,0.00141575611722926
385,175,309,10.9525,0.00188817088454984
385,175,309,10.96,0.00166725316438877
385,175,309,10.9675,0.00140469615280277
385,175,309,10.975,0.00189137857989396
385,175,309,10.9825,0.0019510277987414
385,175,309,10.99,0.00228573253029688
385,175,309,10.9975,0.00185623577393414
385,175,309,11.005,0.00197372439048276
385,175,309,11.0125,0.00180599067549721
385,175,309,11.02,0.00135755182837596
385,175,309,11.0275,0.00151472848983851
385,175,309,11.035,0.00184173994037022
385,175,309,11.0425,0.00183104975944911
385,175,309,11.05,0.00181289655662616
385,175,309,11.0575,0.00111211964579925
385,175,309,11.065,0.0016031528742418
385,175,309,11.0725,0.00105678401347808
385,175,309,11.08,0.00125391716458552
385,175,309,11.0875,0.00107592037404939
385,175,309,11.095,0.00102154615932925
385,175,309,11.1025,0.00111350726232591
385,175,309,11.11,0.00124988234666735
385,175,309,11.1175,0.00103704999684884
385,175,309,11.125,0.0011111217248773
385,175,309,11.1325,0.000799252643576194
385,175,309,11.14,0.000711916191009778
385,175,309,11.1475,0.000695133613496175
385,175,309,11.155,0.000670580087650041
385,175,309,11.1625,0.000512255464447049
385,175,309,11.17,0.000952577602461697
385,175,309,11.1775,0.000729355401051171
385,175,309,11.185,0.00112282331072157
385,175,309,11.1925,0.0005604911087423
385,175,309,11.2,0.00131451877161193
385,175,309,11.2075,0.000889076210702435
385,175,309,11.215,0.000610826333811883
385,175,309,11.2225,0.000877073166896806
385,175,309,11.23,0.00132493580346466
385,175,309,11.2375,0.000897890447715102
385,175,309,11.245,0.00125844357239881
385,175,309,11.2525,0.000952906744468849
385,175,309,11.26,0.00112613845562075
385,175,309,11.2675,0.000762164583133543
385,175,309,11.275,0.00108048812821332
385,175,309,11.2825,0.00124764541029146
385,175,309,11.29,0.00146177903282875
385,175,309,11.2975,0.00130659282840547
385,175,309,11.305,0.00165331560598993
385,175,309,11.3125,0.00168564332724572
385,175,309,11.32,0.00131873649325823
385,175,309,11.3275,0.0017221390282507
385,175,309,11.335,0.000981330218216516
385,175,309,11.3425,0.00108411451098533
385,175,309,11.35,0.00118138554456626
385,175,309,11.3575,0.00132096318991541
385,175,309,11.365,0.00124869682862776
385,175,309,11.3725,0.00144529888404069
385,175,309,11.38,0.00108884012364572
385,175,309,11.3875,0.00109317880211563
385,175,309,11.395,0.00127014934030987
385,175,309,11.4025,0.000660197951558772
385,175,309,11.41,0.000972757985115435
385,175,309,11.4175,0.00146996817344123
385,175,309,11.425,0.00143147092993633
385,175,309,11.4325,0.00114684455473982
385,175,309,11.44,0.0015660375591579
385,175,309,11.4475,0.00152827368704468
385,175,309,11.455,0.00162081591002939
385,175,309,11.4625,0.00121791000711164
385,175,309,11.47,0.00173889064557284
385,175,309,11.4775,0.00179791679147691
385,175,309,11.485,0.00174391062432268
385,175,309,11.4925,0.00155176168358519
385,175,309,11.5,0.00182509581776181
385,175,309,11.5075,0.00159595062033574
385,175,309,11.515,0.00209520622559219
385,175,309,11.5225,0.00151060464977029
385,175,309,11.53,0.0016732166558957
385,175,309,11.5375,0.000789957924695232
385,175,309,11.545,0.00128935899417294
385,175,309,11.5525,0.00139517986862168
385,175,309,11.56,0.00112607296830571
385,175,309,11.5675,0.00124305444159493
385,175,309,11.575,0.000983407317261652
385,175,309,11.5825,0.000693263458895518
385,175,309,11.59,0.000401053604572063
385,175,309,11.5975,0.000293956411379227
385,175,309,11.605,0.000502447236059572
385,175,309,11.6125,0.00056275806698006
385,175,309,11.62,0.00098353733742372
385,175,309,11.6275,0.000739107918805038
385,175,309,11.635,0.000807672897853503
385,175,309,11.6425,0.000934706305741216
385,175,309,11.65,0.00135391530874923
385,175,309,11.6575,0.00116200181921839
385,175,309,11.665,0.00145167021999047
385,175,309,11.6725,0.00182076624836195
385,175,309,11.68,0.00175797864217391
385,175,309,11.6875,0.00173743434384162
385,175,309,11.695,0.0020733565464663
385,175,309,11.7025,0.00218146368711308
385,175,309,11.71,0.00219578347178647
385,175,309,11.7175,0.00204412657371851
385,175,309,11.725,0.00223271367394021
385,175,309,11.7325,0.00158133371004969
385,175,309,11.74,0.0015951801229553
385,175,309,11.7475,0.00138659520703325
385,175,309,11.755,0.00136185862224747
385,175,309,11.7625,0.00177512807192204
385,175,309,11.77,0.0014579915594615
385,175,309,11.7775,0.00134982625034782
385,175,309,11.785,0.00129371018783546
385,175,309,11.7925,0.00144900816688316
385,175,309,11.8,0.00115611191172384
385,175,309,11.8075,0.0012687517624879
385,175,309,11.815,0.00135890423281248
385,175,309,11.8225,0.001303362132039
385,175,309,11.83,0.00147472505782499
385,175,309,11.8375,0.00101387682881222
385,175,309,11.845,0.000607620383205905
385,175,309,11.8525,0.000454458227124876
385,175,309,11.86,0.00059302924977182
385,175,309,11.8675,0.000892192056117634
385,175,309,11.875,0.00043240043392303
385,175,309,11.8825,0.000408749262058708
385,175,309,11.89,0.000342708546357198
385,175,309,11.8975,0.000606551215020033
385,175,309,11.905,0.00105734519212802
385,175,309,11.9125,0.0012344584686565
385,175,309,11.92,0.00132488074392829
385,175,309,11.9275,0.00103303053154448
385,175,309,11.935,0.00110499530402461
385,175,309,11.9425,0.00110986959543082
385,175,309,11.95,0.00129520804989469
385,175,309,11.9575,0.00119936290139882
385,175,309,11.965,0.00155910941938635
385,175,309,11.9725,0.00135608463527101
385,175,309,11.98,0.000929168350863705
385,175,309,11.9875,0.000977075649897082
385,175,309,11.995,0.00101776702748814
385,175,309,12.0025,0.000963650778967454
385,175,309,12.01,0.0016014569917687
385,175,309,12.0175,0.000794190397011831
385,175,309,12.025,0.00158453666036905
385,175,309,12.0325,0.00150922548840793
385,175,309,12.04,0.00136572941305668
385,175,309,12.0475,0.00178598980652172
385,175,309,12.055,0.00133305170316378
385,175,309,12.0625,0.00161258667731834
385,175,309,12.07,0.00139092412712332
385,175,309,12.0775,0.00152823565242274
385,175,309,12.085,0.00146622571664698
385,175,309,12.0925,0.00158088098806797
385,175,309,12.1,0.00123433185191142
385,175,309,12.1075,0.00103466769929852
385,175,309,12.115,0.00101981145988095
385,175,309,12.1225,0.000446744439044133
385,175,309,12.13,0.000896381744098406
385,175,309,12.1375,0.00102487030678803
385,175,309,12.145,0.000827947726040754
385,175,309,12.1525,0.000999379571763391
385,175,309,12.16,0.00091213616699681
385,175,309,12.1675,0.000640919032922884
385,175,309,12.175,0.00106478709987122
385,175,309,12.1825,0.00102881790651805
385,175,309,12.19,0.00124659323254099
385,175,309,12.1975,0.000699060745617333
385,175,309,12.205,0.00128043332938781
385,175,309,12.2125,0.000953711444122442
385,175,309,12.22,0.0009658646752393
385,175,309,12.2275,0.000906728726018973
385,175,309,12.235,0.00120476343190183
385,175,309,12.2425,0.000873150939292233
385,175,309,12.25,0.000526138751946835
385,175,309,12.2575,0.000863262055420215
385,175,309,12.265,0.000680928754148772
385,175,309,12.2725,0.0011475509915573
385,175,309,12.28,0.00142144361320632
385,175,309,12.2875,0.00107496467189749
385,175,309,12.295,0.00113296785474372
385,175,309,12.3025,0.000866253381948632
385,175,309,12.31,0.000619652016142613
385,175,309,12.3175,0.000519739691049941
385,175,309,12.325,0.000823017085904006
385,175,309,12.3325,0.000141668496766736
385,175,309,12.34,0.000484926324595688
385,175,309,12.3475,0.000369908884353953
385,175,309,12.355,0.000713418623325649
385,175,309,12.3625,0.000603777041987707
385,175,309,12.37,0.000738871600509651
385,175,309,12.3775,0.00108277500745203
385,175,309,12.385,0.00125375929541635
385,175,309,12.3925,0.00139729429664112
385,175,309,12.4,0.00187135029499144
385,175,309,12.4075,0.00160470050098214
385,175,309,12.415,0.00148143353500869
385,175,309,12.4225,0.0018735225937177
385,175,309,12.43,0.00236346303663648
385,175,309,12.4375,0.00218191365664251
385,175,309,12.445,0.00124162498884731
385,175,309,12.4525,0.00188530028535144
385,175,309,12.46,0.00192986654002057
385,175,309,12.4675,0.00130137190314471
385,175,309,12.475,0.00136519051788584
385,175,309,12.4825,0.00138005366416008
385,175,309,12.49,0.000874909908395129
385,175,309,12.4975,0.0016638496228156
385,175,309,12.505,0.00163188722328206
385,175,309,12.5125,0.000802597332193518
385,175,309,12.52,0.00101655920520184
385,175,309,12.5275,0.000810489569755349
385,175,309,12.535,0.00113455921692006
385,175,309,12.5425,0.000751402510365726
385,175,309,12.55,0.000936695846552452
385,175,309,12.5575,0.000931990632482777
385,175,309,12.565,0.000854646018598309
385,175,309,12.5725,0.000825947298194671
385,175,309,12.58,0.000917177286314956
385,175,309,12.5875,0.000620122822616115
385,175,309,12.595,0.000658296564661559
385,175,309,12.6025,0.000798916728110211
385,175,309,12.61,0.000527382958777013
385,175,309,12.6175,0.000463072944989587
385,175,309,12.625,0.000773560562275763
385,175,309,12.6325,0.000187460015867112
385,175,309,12.64,9.78312768190455e-05
385,175,309,12.6475,0.000357861419409986
385,175,309,12.655,0.000822234633664722
385,175,309,12.6625,0.000674848520546603
385,175,309,12.67,0.00060674017684783
385,175,309,12.6775,0.00084465044014029
385,175,309,12.685,0.000568789492903365
385,175,309,12.6925,0.0010260210339973
385,175,309,12.7,0.000648563714164713
385,175,309,12.7075,0.00132862926511076
385,175,309,12.715,0.00103960486268721
385,175,309,12.7225,0.00110712226877433
385,175,309,12.73,0.000935545093954479
385,175,309,12.7375,0.000788517538066951
385,175,309,12.745,0.00110558569406048
385,175,309,12.7525,0.00129229768885594
385,175,309,12.76,0.000822367104194803
385,175,309,12.7675,0.00154609627174714
385,175,309,12.775,0.000972081897794033
385,175,309,12.7825,0.000914955471947605
385,175,309,12.79,0.000959904007994962
385,175,309,12.7975,0.000798493463826692
385,175,309,12.805,0.00103844043370221
385,175,309,12.8125,0.00109197154494855
385,175,309,12.82,0.00108720708523421
385,175,309,12.8275,0.000739949046964721
385,175,309,12.835,0.00119991722876472
385,175,309,12.8425,0.000787622715450531
385,175,309,12.85,0.000675057552374228
385,175,309,12.8575,0.000521335528307074
385,175,309,12.865,0.000889388639992156
385,175,309,12.8725,0.000617840507308698
385,175,309,12.88,0.000262555960496544
385,175,309,12.8875,0.000373144183246327
385,175,309,12.895,0.00060433017724929
385,175,309,12.9025,0.000334566917800139
385,175,309,12.91,0.00056783540301752
385,175,309,12.9175,0.000648780297520525
385,175,309,12.925,0.000792228556245009
385,175,309,12.9325,0.000860502119275668
385,175,309,12.94,0.000898615776468901
385,175,309,12.9475,0.000577156721066432
385,175,309,12.955,0.000894452567127842
385,175,309,12.9625,0.000512716329338758
385,175,309,12.97,0.00106583058424916
385,175,309,12.9775,0.000411135896678854
385,175,309,12.985,0.000698578860442191
385,175,309,12.9925,0.000752025343702977
385,175,309,13,0.000477094210137716
385,175,309,13.0075,0.000942327536537996
385,175,309,13.015,0.000934240258573458
385,175,309,13.0225,0.000399823402127869
385,175,309,13.03,0.000811293140385857
385,175,309,13.0375,0.000737025557491244
385,175,309,13.045,0.000618850347695259
385,175,309,13.0525,0.000848628588307205
385,175,309,13.06,0.000569469579787097
385,175,309,13.0675,0.000541738617804138
385,175,309,13.075,0.000412126229626042
385,175,309,13.0825,0.000472816948107969
385,175,309,13.09,0.000276867918155009
385,175,309,13.0975,0.000451185158014059
385,175,309,13.105,0.000415808205789097
385,175,309,13.1125,0.000198007482981153
385,175,309,13.12,0.0010994725822958
385,175,309,13.1275,0.000856417876735011
385,175,309,13.135,0.00105773223500714
385,175,309,13.1425,0.00123364004073645
385,175,309,13.15,0.00103396020264365
385,175,309,13.1575,0.000986384970778398
385,175,309,13.165,0.00123014389570909
385,175,309,13.1725,0.00110772108535238
385,175,309,13.18,0.00119587898155237
385,175,309,13.1875,0.00118935661766572
385,175,309,13.195,0.00167623674958466
385,175,309,13.2025,0.00126761853075167
385,175,309,13.21,0.00112946133376842
385,175,309,13.2175,0.00129527603499075
385,175,309,13.225,0.00140508045235169
385,175,309,13.2325,0.00117832435336395
385,175,309,13.24,0.000756277307754164
385,175,309,13.2475,0.000758439545484587
385,175,309,13.255,0.00062823563708308
385,175,309,13.2625,0.000900198894745143
385,175,309,13.27,0.000969332617700712
385,175,309,13.2775,0.000569027044700378
385,175,309,13.285,0.000635646930712287
385,175,309,13.2925,0.000662568151252435
385,175,309,13.3,0.000649140963667268
385,175,309,13.3075,0.000529034086411439
385,175,309,13.315,0.000755637695105453
385,175,309,13.3225,0.000561340686116546
385,175,309,13.33,0.00050016739346507
385,175,309,13.3375,0.000638967846096308
385,175,309,13.345,0.00058457381816915
385,175,309,13.3525,0.00105983787525383
385,175,309,13.36,0.000271070709307315
385,175,309,13.3675,0.000358890484326653
385,175,309,13.375,0.000421987907928375
385,175,309,13.3825,0.000249019700046369
385,175,309,13.39,0.000628155938836153
385,175,309,13.3975,0.000956542602250397
385,175,309,13.405,0.000625679686059529
385,175,309,13.4125,0.000961552287500095
385,175,309,13.42,0.00121784698945822
385,175,309,13.4275,0.000866026301766285
385,175,309,13.435,0.00148834255760683
385,175,309,13.4425,0.00104566159438073
385,175,309,13.45,0.00146763900576394
385,175,309,13.4575,0.00116201795186417
385,175,309,13.465,0.000979004236395981
385,175,309,13.4725,0.00121445190460086
385,175,309,13.48,0.00110436927002358
385,175,309,13.4875,0.00113712586134666
385,175,309,13.495,0.00101715747115544
385,175,309,13.5025,0.00102323711936681
385,175,309,13.51,0.000997957132969413
385,175,309,13.5175,0.000946033357418427
385,175,309,13.525,0.00103574869636276
385,175,309,13.5325,0.000877397146134137
385,175,309,13.54,0.00100828735809804
385,175,309,13.5475,0.00105775211997246
385,175,309,13.555,0.00120358513880127
385,175,309,13.5625,0.00114201321837444
385,175,309,13.57,0.00155352897392516
385,175,309,13.5775,0.000951527486427075
385,175,309,13.585,0.00129496954194848
385,175,309,13.5925,0.00101276147517589
385,175,309,13.6,0.000925581691593873
385,175,309,13.6075,0.000500695745138346
385,175,309,13.615,0.000698687292914591
385,175,309,13.6225,0.000107933873385575
385,175,309,13.63,0.000131680681234559
385,175,309,13.6375,9.09926664671098e-05
385,175,309,13.645,0.000529074395047456
385,175,309,13.6525,0.000368770741981046
385,175,309,13.66,0.000808667403692663
385,175,309,13.6675,0.00109485663528573
385,175,309,13.675,0.000923949015824819
385,175,309,13.6825,0.00122323010792793
385,175,309,13.69,0.00124421684167042
385,175,309,13.6975,0.00138357956859945
385,175,309,13.705,0.00167945481752735
385,175,309,13.7125,0.00130870841520571
385,175,309,13.72,0.00169338725147377
385,175,309,13.7275,0.00121293917974244
385,175,309,13.735,0.00115412261473381
385,175,309,13.7425,0.000716859640223056
385,175,309,13.75,0.00111825708848363
385,175,309,13.7575,0.000727182696056639
385,175,309,13.765,0.000607894097432868
385,175,309,13.7725,0.00101528273592419
385,175,309,13.78,0.000496292601190459
385,175,309,13.7875,0.00103731626106699
385,175,309,13.795,0.00133724209000925
385,175,309,13.8025,0.000952598661065778
385,175,309,13.81,0.000568060147687694
385,175,309,13.8175,0.00122350965600819
385,175,309,13.825,0.00130011794661151
385,175,309,13.8325,0.000614102317650625
385,175,309,13.84,0.000490373719564359
385,175,309,13.8475,0.000915777410662583
385,175,309,13.855,0.00102818450813277
385,175,309,13.8625,0.000902635803439032
385,175,309,13.87,0.00117703677884661
385,175,309,13.8775,0.000651179627218897
385,175,309,13.885,0.000741383284476061
385,175,309,13.8925,0.000881436496331434
385,175,309,13.9,0.00124897680709932
385,175,309,13.9075,0.00114018578047479
385,175,309,13.915,0.00105753742845034
385,175,309,13.9225,0.00121191885236183
385,175,309,13.93,0.00125885792406148
385,175,309,13.9375,0.00146233086456642
385,175,309,13.945,0.000978672748402918
385,175,309,13.9525,0.00124089263019844
385,175,309,13.96,0.00134591602865903
385,175,309,13.9675,0.0011108272646215
385,175,309,13.975,0.00129001949693144
385,175,309,13.9825,0.000891747930074302
385,175,309,13.99,0.000616833289286791
385,175,309,13.9975,0.000964639649704022
385,175,309,14.005,0.00054234467278969
385,175,309,14.0125,0.000732996982060805
385,175,309,14.02,0.000686042557590424
385,175,309,14.0275,0.000703817898783555
385,175,309,14.035,0.000683990386219383
385,175,309,14.0425,0.000649618422582472
385,175,309,14.05,0.000749701145985493
385,175,309,14.0575,0.00068428643921762
385,175,309,14.065,0.000840846782735604
385,175,309,14.0725,0.000980817964190149
385,175,309,14.08,0.00100170603797067
385,175,309,14.0875,0.000497189607782378
385,175,309,14.095,0.00054420295506129
385,175,309,14.1025,0.000742857341516165
385,175,309,14.11,0.000452145145914454
385,175,309,14.1175,0.000468336510425962
385,175,309,14.125,0.000190950679207837
385,175,309,14.1325,0.000654954374310927
385,175,309,14.14,0.000993694547745736
385,175,309,14.1475,0.000445852467281961
385,175,309,14.155,0.000772611187907971
385,175,309,14.1625,0.00125557410447412
385,175,309,14.17,0.0013639679154463
385,175,309,14.1775,0.00100073524975844
385,175,309,14.185,0.00125263484374306
385,175,309,14.1925,0.000837012995048713
385,175,309,14.2,0.000926686854319563
385,175,309,14.2075,0.00127956017036297
385,175,309,14.215,0.0010421015423168
385,175,309,14.2225,0.00100720346274906
385,175,309,14.23,0.000786696215232164
385,175,309,14.2375,0.0009599420186192
385,175,309,14.245,0.0011919409319004
385,175,309,14.2525,0.00147985901032894
385,175,309,14.26,0.00157964630677506
385,175,309,14.2675,0.000899752007028202
385,175,309,14.275,0.000820139510525491
385,175,309,14.2825,0.000917984769180618
385,175,309,14.29,0.000795026962444462
385,175,309,14.2975,0.00074416268396939
385,175,309,14.305,0.000873099972108271
385,175,309,14.3125,0.000768718113640364
385,175,309,14.32,0.00040239148338949
385,175,309,14.3275,0.000859362533533787
385,175,309,14.335,0.000358156931769972
385,175,309,14.3425,0.000689199238931192
385,175,309,14.35,0.000649571318607733
385,175,309,14.3575,0.00023438844937449
385,175,309,14.365,0.000451194256995119
385,175,309,14.3725,2.03128833588642e-05
385,175,309,14.38,0.000397257263457479
385,175,309,14.3875,0.000251403545189466
385,175,309,14.395,0.000465307840814923
385,175,309,14.4025,0.000753681013110615
385,175,309,14.41,0.000581106956252442
385,175,309,14.4175,0.00078361660520398
385,175,309,14.425,0.000576905773830485
385,175,309,14.4325,0.000652554921732208
385,175,309,14.44,0.00100114981927726
385,175,309,14.4475,0.000697714564905164
385,175,309,14.455,0.000670626625057057
385,175,309,14.4625,0.00090317192871013
385,175,309,14.47,0.000961612835275632
385,175,309,14.4775,0.00150798646023347
385,175,309,14.485,0.00100927687590535
385,175,309,14.4925,0.00117762599224859
385,175,309,14.5,0.00120099551809766
385,175,309,14.5075,0.000589224655257369
385,175,309,14.515,0.000675447557684318
385,175,309,14.5225,0.000228073146708915
385,175,309,14.53,0.000438201022728401
385,175,309,14.5375,0.000437818264457146
385,175,309,14.545,0.000441333239881467
385,175,309,14.5525,0.000650185059801942
385,175,309,14.56,0.000274138027945288
385,175,309,14.5675,0.000638607046661499
385,175,309,14.575,0.000693530403704278
385,175,309,14.5825,0.000825044503489682
385,175,309,14.59,0.000988666577699387
385,175,309,14.5975,0.000582928343937234
385,175,309,14.605,0.000506303127707596
385,175,309,14.6125,0.000365901589129775
385,175,309,14.62,0.000407992403506584
385,175,309,14.6275,0.000204296029227831
385,175,309,14.635,0.00081879493976114
385,175,309,14.6425,0.000520243632507317
385,175,309,14.65,0.000651692618653429
385,175,309,14.6575,0.000513524491245608
385,175,309,14.665,0.000597428279832667
385,175,309,14.6725,0.000496779824964664
385,175,309,14.68,0.0006026128588662
385,175,309,14.6875,0.00101936806327259
385,175,309,14.695,0.000963894429379917
385,175,309,14.7025,0.000957707669370815
385,175,309,14.71,0.000784242212789405
385,175,309,14.7175,0.000462061019740684
385,175,309,14.725,0.000837546107224247
385,175,309,14.7325,0.000685154470223952
385,175,309,14.74,0.000860102907907562
385,175,309,14.7475,0.00100321439035581
385,175,309,14.755,0.000981061821931331
385,175,309,14.7625,0.000199396068375818
385,175,309,14.77,0.000249570504731242
385,175,309,14.7775,0.000389236539170405
385,175,309,14.785,0.000883939560171394
385,175,309,14.7925,0.000750054082295342
385,175,309,14.8,0.000709341085701633
385,175,309,14.8075,0.000444760910258252
385,175,309,14.815,0.00083196990262482
385,175,309,14.8225,0.000777383034371759
385,175,309,14.83,0.000566618222535662
385,175,309,14.8375,0.000459261263993526
385,175,309,14.845,0.00072117843670589
385,175,309,14.8525,0.000925097149603039
385,175,309,14.86,0.000593982438641274
385,175,309,14.8675,0.000242138520767526
385,175,309,14.875,0.000518008970044125
385,175,309,14.8825,0.000343675356044434
385,175,309,14.89,0.000404874155199417
385,175,309,14.8975,0.00047817578358718
385,175,309,14.905,0.000447262734683665
385,175,309,14.9125,0.000190575125062732
385,175,309,14.92,0.000879994360441491
385,175,309,14.9275,0.000635261065673899
385,175,309,14.935,0.00098241143486467
385,175,309,14.9425,0.000622337702711556
385,175,309,14.95,0.000938975770760461
385,175,309,14.9575,0.00052749673765355
385,175,309,14.965,0.0013019000190905
385,175,309,14.9725,0.000793494114382018
385,175,309,14.98,0.000850014931815697
385,175,309,14.9875,0.000983689076175555
385,175,309,14.995,0.000760531820298746
385,175,309,15.0025,0.000760311670413831
385,175,309,15.01,0.00155508584429218
385,175,309,15.0175,0.000775418209790891
385,175,309,15.025,0.000911386534779173
385,175,309,15.0325,0.000873835284426258
385,175,309,15.04,0.000706616655111149
385,175,309,15.0475,0.00062448368423215
385,175,309,15.055,0.000655990843434367
385,175,309,15.0625,0.000773340349806113
385,175,309,15.07,0.000734856913556594
385,175,309,15.0775,0.000711216142356905
385,175,309,15.085,0.000957135773485083
385,175,309,15.0925,0.000824925622229195
385,175,309,15.1,0.000307464572929242
385,175,309,15.1075,0.00014920636837037
385,175,309,15.115,0.000457862942644167
385,175,309,15.1225,0.000345049335574086
385,175,309,15.13,0.000432227765800987
385,175,309,15.1375,0.000127483583225038
385,175,309,15.145,0.000517477790127845
385,175,309,15.1525,0.000230341685213989
385,175,309,15.16,0.000404558586231923
385,175,309,15.1675,6.00787705424776e-05
385,175,309,15.175,0.000604375986268448
385,175,309,15.1825,0.000741402169136945
385,175,309,15.19,0.000647091161627935
385,175,309,15.1975,0.000908205853469911
385,175,309,15.205,0.000758246563092414
385,175,309,15.2125,0.000538522910319128
385,175,309,15.22,0.000764706123162132
385,175,309,15.2275,0.000611079225039746
385,175,309,15.235,0.000535771784523645
385,175,309,15.2425,0.000550671034001391
385,175,309,15.25,0.000927303795799057
385,175,309,15.2575,0.000434231992227186
385,175,309,15.265,0.000272236920407287
385,175,309,15.2725,0.000616292608407462
385,175,309,15.28,0.000529277567122417
385,175,309,15.2875,0.000542145784785697
385,175,309,15.295,0.000802869191489781
385,175,309,15.3025,0.000471825815407926
385,175,309,15.31,0.000421735306809968
385,175,309,15.3175,0.00105197232701397
385,175,309,15.325,0.000667331782470352
385,175,309,15.3325,0.00022051884496583
385,175,309,15.34,0.00042897048449838
385,175,309,15.3475,0.000367888459302006
385,175,309,15.355,0.00059476173534068
385,175,309,15.3625,0.000392807810165856
385,175,309,15.37,0.000117468924638538
385,175,309,15.3775,0.000234991338839155
385,175,309,15.385,0.00027010748572359
385,175,309,15.3925,0.000272455540312993
385,175,309,15.4,0.000365240773015887
385,175,309,15.4075,0.00051696741311313
385,175,309,15.415,0.000451001515995713
385,175,309,15.4225,0.000446178532976756
385,175,309,15.43,0.000646334764309091
385,175,309,15.4375,0.000158012491861708
385,175,309,15.445,0.000587526302415434
385,175,309,15.4525,0.000326072319678323
385,175,309,15.46,0.0004282858122772
385,175,309,15.4675,0.000668491117681671
385,175,309,15.475,0.000687935750526543
385,175,309,15.4825,0.000506682837776879
385,175,309,15.49,0.00053767686954524
385,175,309,15.4975,0.000375212811827695
385,175,309,15.505,0.000963678483235241
385,175,309,15.5125,0.000763823282883721
385,175,309,15.52,0.000662150066221303
385,175,309,15.5275,0.000887965741028629
385,175,309,15.535,0.000332002795085367
385,175,309,15.5425,0.000859951922464341
385,175,309,15.55,4.58168504176204e-05
385,175,309,15.5575,0.000389201709983758
385,175,309,15.565,0.000453980127595672
385,175,309,15.5725,0.000316955223182472
385,175,309,15.58,0.000398899048425374
385,175,309,15.5875,0.000162453351562731
385,175,309,15.595,0.00048287561173514
385,175,309,15.6025,0.000440612984413224
385,175,309,15.61,0.000249190669305068
385,175,309,15.6175,0.000431639514350566
385,175,309,15.625,0.000275540780434994
385,175,309,15.6325,0.000304649395154611
385,175,309,15.64,0.000779189075624637
385,175,309,15.6475,0.000563776836060061
385,175,309,15.655,0.000326785481605025
385,175,309,15.6625,0.000183836066709637
385,175,309,15.67,0.000124572640679512
385,175,309,15.6775,0.000462045213387252
385,175,309,15.685,0.000472780599967844
385,175,309,15.6925,0.0010197372755407
385,175,309,15.7,0.000277053911312975
385,175,309,15.7075,0.000506211517982828
385,175,309,15.715,0.000468015288202039
385,175,309,15.7225,0.000629089870071667
385,175,309,15.73,0.000441602814042649
385,175,309,15.7375,0.000257892027571967
385,175,309,15.745,0.000896771411703179
385,175,309,15.7525,0.000571132141716177
385,175,309,15.76,0.000331581973474428
385,175,309,15.7675,0.000622225162730168
385,175,309,15.775,0.000567118211496499
385,175,309,15.7825,0.000716135114576198
385,175,309,15.79,0.000118164316511822
385,175,309,15.7975,0.000447804957452475
385,175,309,15.805,0.000744777629155013
385,175,309,15.8125,0.000451504108557557
385,175,309,15.82,0.000373820142675734
385,175,309,15.8275,0.000275930964387504
385,175,309,15.835,0.000447746053545771
385,175,309,15.8425,0.000621189862577806
385,175,309,15.85,0.00062069968536897
385,175,309,15.8575,0.000687947210417141
385,175,309,15.865,0.000431566584569838
385,175,309,15.8725,0.000906050979308666
385,175,309,15.88,0.000194558179243953
385,175,309,15.8875,9.25645234666085e-05
385,175,309,15.895,0.000398748143413912
385,175,309,15.9025,0.000165853890410342
385,175,309,15.91,0.000355425341029745
385,175,309,15.9175,8.95052910608505e-05
385,175,309,15.925,0.000281919691855696
385,175,309,15.9325,0.000474027490166933
385,175,309,15.94,0.000353804282343295
385,175,309,15.9475,0.000278445541689066
385,175,309,15.955,0.00076559102835351
385,175,309,15.9625,0.000358176888696617
385,175,309,15.97,0.000446332619981683
385,175,309,15.9775,0.000281808824337738
385,175,309,15.985,0.000498229561966413
385,175,309,15.9925,0.000549513921049688
385,175,309,16,0.000355088977224722
385,175,308,4,0.00462103940875457
385,175,308,4.0075,0.00391268508371599
385,175,308,4.015,0.00354443238870193
385,175,308,4.0225,0.00307382847896755
385,175,308,4.03,0.00300492717682367
385,175,308,4.0375,0.00251330422114965
385,175,308,4.045,0.00240550952321318
385,175,308,4.0525,0.0032317702516118
385,175,308,4.06,0.00345283905995363
385,175,308,4.0675,0.00341594204524629
385,175,308,4.075,0.00421690921679084
385,175,308,4.0825,0.00375817355171063
385,175,308,4.09,0.00408374537065417
385,175,308,4.0975,0.00448698807758578
385,175,308,4.105,0.00439339029089849
385,175,308,4.1125,0.00438663107610428
385,175,308,4.12,0.00534942582101698
385,175,308,4.1275,0.00505983957392892
385,175,308,4.135,0.00618690718736066
385,175,308,4.1425,0.00536245060296773
385,175,308,4.15,0.0049229784705003
385,175,308,4.1575,0.00580209257554217
385,175,308,4.165,0.00560556723008872
385,175,308,4.1725,0.00552940426762551
385,175,308,4.18,0.00520012152138554
385,175,308,4.1875,0.00565668191319012
385,175,308,4.195,0.00494361756241022
385,175,308,4.2025,0.0049410692074374
385,175,308,4.21,0.004221159461495
385,175,308,4.2175,0.00452081627884541
385,175,308,4.225,0.00391498907011308
385,175,308,4.2325,0.00371205428960304
385,175,308,4.24,0.0032859331160493
385,175,308,4.2475,0.00349120906281032
385,175,308,4.255,0.00325219420354046
385,175,308,4.2625,0.00339609195802272
385,175,308,4.27,0.00277834114387647
385,175,308,4.2775,0.00243744084356948
385,175,308,4.285,0.00261188431805102
385,175,308,4.2925,0.00310607009901104
385,175,308,4.3,0.00340002263124249
385,175,308,4.3075,0.00375178148326423
385,175,308,4.315,0.00289710366683973
385,175,308,4.3225,0.00321144463817526
385,175,308,4.33,0.00222570343230886
385,175,308,4.3375,0.00219080167001428
385,175,308,4.345,0.00193238758472796
385,175,308,4.3525,0.00189896451078699
385,175,308,4.36,0.00239197114498557
385,175,308,4.3675,0.00221448205818969
385,175,308,4.375,0.00285231189766147
385,175,308,4.3825,0.00315843697300846
385,175,308,4.39,0.00279065305212976
385,175,308,4.3975,0.00311547337406197
385,175,308,4.405,0.00252732985130487
385,175,308,4.4125,0.00243176932942995
385,175,308,4.42,0.00232389075993821
385,175,308,4.4275,0.00222082526106462
385,175,308,4.435,0.00235551060376826
385,175,308,4.4425,0.0023740156934377
385,175,308,4.45,0.00216874826019155
385,175,308,4.4575,0.00151261799935548
385,175,308,4.465,0.00203154190364697
385,175,308,4.4725,0.00192984120879891
385,175,308,4.48,0.00204695852382481
385,175,308,4.4875,0.00190685673375732
385,175,308,4.495,0.00218009692141443
385,175,308,4.5025,0.0023543423948323
385,175,308,4.51,0.00223092409065557
385,175,308,4.5175,0.00240605404305598
385,175,308,4.525,0.00270811251415547
385,175,308,4.5325,0.00238402427109789
385,175,308,4.54,0.00332111478408526
385,175,308,4.5475,0.00311563426941485
385,175,308,4.555,0.00341192060266921
385,175,308,4.5625,0.00312984163256165
385,175,308,4.57,0.00284475743122139
385,175,308,4.5775,0.00209144984548766
385,175,308,4.585,0.00188093871242932
385,175,308,4.5925,0.00203804636589271
385,175,308,4.6,0.00181448646150175
385,175,308,4.6075,0.00208419154748043
385,175,308,4.615,0.00211560546218955
385,175,308,4.6225,0.00258195214724886
385,175,308,4.63,0.00284701465583957
385,175,308,4.6375,0.00288895213630972
385,175,308,4.645,0.00298369477628841
385,175,308,4.6525,0.0031920134473661
385,175,308,4.66,0.00298862055576773
385,175,308,4.6675,0.00272517197374534
385,175,308,4.675,0.00281329741089639
385,175,308,4.6825,0.00286469888287652
385,175,308,4.69,0.00282498806843897
385,175,308,4.6975,0.00245091661077019
385,175,308,4.705,0.00294030976653931
385,175,308,4.7125,0.00289487909170713
385,175,308,4.72,0.00280327619099507
385,175,308,4.7275,0.00236115534112352
385,175,308,4.735,0.0018521526256136
385,175,308,4.7425,0.00168356631358331
385,175,308,4.75,0.00206171067957023
385,175,308,4.7575,0.000871501248183433
385,175,308,4.765,0.000541786876691959
385,175,308,4.7725,0.000982148185099179
385,175,308,4.78,6.1272000302866e-05
385,175,308,4.7875,0.00110560220807895
385,175,308,4.795,0.00080165072673832
385,175,308,4.8025,0.00136017131871911
385,175,308,4.81,0.00150043518871384
385,175,308,4.8175,0.00163692485991095
385,175,308,4.825,0.00218260169378118
385,175,308,4.8325,0.00219498895334774
385,175,308,4.84,0.00209627779313466
385,175,308,4.8475,0.00233073773923862
385,175,308,4.855,0.00205507752969927
385,175,308,4.8625,0.00359380595585731
385,175,308,4.87,0.00258986736448709
385,175,308,4.8775,0.0032956328831253
385,175,308,4.885,0.00280367027206773
385,175,308,4.8925,0.00300533634048988
385,175,308,4.9,0.00269405398555091
385,175,308,4.9075,0.0028066535727361
385,175,308,4.915,0.00193221585471021
385,175,308,4.9225,0.00202646103890525
385,175,308,4.93,0.00241472988687959
385,175,308,4.9375,0.00198740541614245
385,175,308,4.945,0.00137989978950116
385,175,308,4.9525,0.00188536835525067
385,175,308,4.96,0.0018681287579075
385,175,308,4.9675,0.00191764801060966
385,175,308,4.975,0.00158513376496657
385,175,308,4.9825,0.00186262930611718
385,175,308,4.99,0.00157399632136667
385,175,308,4.9975,0.00184620127155026
385,175,308,5.005,0.00140352702761301
385,175,308,5.0125,0.000924242381401774
385,175,308,5.02,0.00132699668476616
385,175,308,5.0275,0.00137435505412829
385,175,308,5.035,0.0012020499218037
385,175,308,5.0425,0.00130412729600336
385,175,308,5.05,0.00116524754092676
385,175,308,5.0575,0.000734647274469888
385,175,308,5.065,0.00066514725821938
385,175,308,5.0725,0.000259303990419253
385,175,308,5.08,0.00094418563663766
385,175,308,5.0875,0.000616384962276027
385,175,308,5.095,0.00115450625024946
385,175,308,5.1025,0.000973829121152489
385,175,308,5.11,0.00113676295882708
385,175,308,5.1175,0.00142237209801181
385,175,308,5.125,0.00114247811091185
385,175,308,5.1325,0.00144737277089479
385,175,308,5.14,0.00138017205251229
385,175,308,5.1475,0.00103801043851223
385,175,308,5.155,0.00116244332132775
385,175,308,5.1625,0.000618937793863018
385,175,308,5.17,0.000302363710986034
385,175,308,5.1775,0.000742103037932282
385,175,308,5.185,0.000597495446911252
385,175,308,5.1925,0.00121004888585518
385,175,308,5.2,0.000887969169392289
385,175,308,5.2075,0.000844714740326818
385,175,308,5.215,0.000931288176489445
385,175,308,5.2225,0.00128631887147633
385,175,308,5.23,0.00131328143651786
385,175,308,5.2375,0.00107011897867341
385,175,308,5.245,0.00122562512992283
385,175,308,5.2525,0.00109574886670195
385,175,308,5.26,0.000868803355769333
385,175,308,5.2675,0.00142750967418659
385,175,308,5.275,0.00179429762034923
385,175,308,5.2825,0.00148926489542834
385,175,308,5.29,0.00232645862123803
385,175,308,5.2975,0.00242462828037102
385,175,308,5.305,0.00169698481354114
385,175,308,5.3125,0.000812254406238913
385,175,308,5.32,0.000962667521814774
385,175,308,5.3275,0.00106632582136244
385,175,308,5.335,0.00147390731307148
385,175,308,5.3425,0.00164679072142363
385,175,308,5.35,0.00177131372966898
385,175,308,5.3575,0.00180331238801944
385,175,308,5.365,0.0018830841835893
385,175,308,5.3725,0.00179431093068414
385,175,308,5.38,0.00155883121377443
385,175,308,5.3875,0.00175483002377089
385,175,308,5.395,0.0008531756354847
385,175,308,5.4025,0.00125642568132169
385,175,308,5.41,0.00115318689173779
385,175,308,5.4175,0.00128673245265535
385,175,308,5.425,0.00106189633271796
385,175,308,5.4325,0.00059730016029845
385,175,308,5.44,0.000437515195847972
385,175,308,5.4475,0.000416889955430268
385,175,308,5.455,0.000119176190489374
385,175,308,5.4625,0.000235713343798614
385,175,308,5.47,0.000327559737689187
385,175,308,5.4775,0.000173363912308672
385,175,308,5.485,0.000535737428943111
385,175,308,5.4925,0.000742396412691108
385,175,308,5.5,0.000921125063884232
385,175,308,5.5075,0.00128395064306778
385,175,308,5.515,0.00117159615830136
385,175,308,5.5225,0.00176209769888432
385,175,308,5.53,0.00199784922646325
385,175,308,5.5375,0.00188696730930629
385,175,308,5.545,0.00255843467429891
385,175,308,5.5525,0.00197591634423229
385,175,308,5.56,0.00180295991950306
385,175,308,5.5675,0.00237355809988352
385,175,308,5.575,0.0022936186998827
385,175,308,5.5825,0.00250428347670427
385,175,308,5.59,0.00250792571557901
385,175,308,5.5975,0.0023281472444264
385,175,308,5.605,0.00288000155796141
385,175,308,5.6125,0.00269979411174324
385,175,308,5.62,0.0023979561665066
385,175,308,5.6275,0.00219381307725347
385,175,308,5.635,0.00228804086729842
385,175,308,5.6425,0.00216062213742549
385,175,308,5.65,0.00213269961577918
385,175,308,5.6575,0.00189178512034198
385,175,308,5.665,0.00183256169336152
385,175,308,5.6725,0.00188570114412107
385,175,308,5.68,0.00189256955001765
385,175,308,5.6875,0.0019166123510179
385,175,308,5.695,0.00218769587629628
385,175,308,5.7025,0.00187158971109978
385,175,308,5.71,0.00110214617069063
385,175,308,5.7175,0.00104375083475756
385,175,308,5.725,0.000983397802236968
385,175,308,5.7325,0.000964323360516724
385,175,308,5.74,0.000161980445556469
385,175,308,5.7475,0.000643195891704823
385,175,308,5.755,0.000415963913854846
385,175,308,5.7625,0.000323373844644056
385,175,308,5.77,0.000456103495128137
385,175,308,5.7775,0.000913146245261028
385,175,308,5.785,0.000720447469299264
385,175,308,5.7925,0.000461869745176832
385,175,308,5.8,0.000660086345864201
385,175,308,5.8075,0.00084557435557231
385,175,308,5.815,0.00113909300262005
385,175,308,5.8225,0.00178697728894252
385,175,308,5.83,0.00123556027610807
385,175,308,5.8375,0.0015001723898439
385,175,308,5.845,0.00159240519312523
385,175,308,5.8525,0.00198555922101233
385,175,308,5.86,0.00224750678662702
385,175,308,5.8675,0.00230145237260172
385,175,308,5.875,0.00215332640824313
385,175,308,5.8825,0.00207672406970553
385,175,308,5.89,0.00220564474984052
385,175,308,5.8975,0.00211532539165706
385,175,308,5.905,0.00178294899300189
385,175,308,5.9125,0.00169964264863437
385,175,308,5.92,0.00102756488806328
385,175,308,5.9275,0.00125725510330579
385,175,308,5.935,0.000868627352780554
385,175,308,5.9425,0.000959265170256802
385,175,308,5.95,0.00120159725875176
385,175,308,5.9575,0.000655457222384669
385,175,308,5.965,0.000996199216406766
385,175,308,5.9725,0.00100741370621408
385,175,308,5.98,0.00157108163982068
385,175,308,5.9875,0.00128634967309899
385,175,308,5.995,0.00144253211894849
385,175,308,6.0025,0.00163711658953072
385,175,308,6.01,0.00169277097609328
385,175,308,6.0175,0.00180948477906919
385,175,308,6.025,0.00160519960891652
385,175,308,6.0325,0.0010961967228712
385,175,308,6.04,0.00123582243611437
385,175,308,6.0475,0.000761810097319282
385,175,308,6.055,0.00082955518527884
385,175,308,6.0625,0.000724759470466876
385,175,308,6.07,0.000592116902425671
385,175,308,6.0775,0.000569576858916977
385,175,308,6.085,0.00119182533035621
385,175,308,6.0925,0.00156323091240926
385,175,308,6.1,0.00114295823794747
385,175,308,6.1075,0.00126061445247221
385,175,308,6.115,0.00121860122940605
385,175,308,6.1225,0.00145250864656069
385,175,308,6.13,0.00184097508733571
385,175,308,6.1375,0.00126057641244012
385,175,308,6.145,0.00207599448322399
385,175,308,6.1525,0.00154883626302685
385,175,308,6.16,0.00178943665329773
385,175,308,6.1675,0.000858581582725175
385,175,308,6.175,0.000580452613473745
385,175,308,6.1825,0.00107767771647028
385,175,308,6.19,0.000484955821389789
385,175,308,6.1975,0.000564856741741405
385,175,308,6.205,0.00129049097152031
385,175,308,6.2125,0.000911827380208626
385,175,308,6.22,0.000854283335674085
385,175,308,6.2275,0.00075519847799227
385,175,308,6.235,0.000724100344303129
385,175,308,6.2425,0.00117954627728941
385,175,308,6.25,0.00104485184337305
385,175,308,6.2575,0.0011555970369668
385,175,308,6.265,0.00127140013730617
385,175,308,6.2725,0.00139167194201173
385,175,308,6.28,0.00200589610235599
385,175,308,6.2875,0.00139633654620359
385,175,308,6.295,0.00131814980468567
385,175,308,6.3025,0.00114864364355238
385,175,308,6.31,0.00153496367891832
385,175,308,6.3175,0.00161441753676911
385,175,308,6.325,0.00201287555803467
385,175,308,6.3325,0.00152211613344596
385,175,308,6.34,0.00165879130359652
385,175,308,6.3475,0.00199108873738325
385,175,308,6.355,0.00250360297222269
385,175,308,6.3625,0.00256494947989601
385,175,308,6.37,0.00310609214285705
385,175,308,6.3775,0.00259299166338074
385,175,308,6.385,0.00225579674531677
385,175,308,6.3925,0.00245557437612735
385,175,308,6.4,0.00204826875565943
385,175,308,6.4075,0.00145286306292107
385,175,308,6.415,0.00171954240220644
385,175,308,6.4225,0.00139785914054047
385,175,308,6.43,0.000338818250444353
385,175,308,6.4375,0.000347568014989557
385,175,308,6.445,0.000684726496370749
385,175,308,6.4525,0.000880108060259144
385,175,308,6.46,0.000744472742464404
385,175,308,6.4675,0.000980563607690125
385,175,308,6.475,0.000890271949974477
385,175,308,6.4825,0.00117915202799466
385,175,308,6.49,0.0010613103353163
385,175,308,6.4975,0.000952489718545562
385,175,308,6.505,0.00101657246387374
385,175,308,6.5125,0.00169544514017627
385,175,308,6.52,0.00162766617492837
385,175,308,6.5275,0.00164813031238721
385,175,308,6.535,0.00219936961385157
385,175,308,6.5425,0.00143999404542739
385,175,308,6.55,0.00169501000109064
385,175,308,6.5575,0.00171649238109395
385,175,308,6.565,0.00230619962270241
385,175,308,6.5725,0.00231002771227512
385,175,308,6.58,0.00271581397245963
385,175,308,6.5875,0.00240222879854604
385,175,308,6.595,0.00258401495461149
385,175,308,6.6025,0.00291060981768573
385,175,308,6.61,0.00219369054266483
385,175,308,6.6175,0.0020428665504252
385,175,308,6.625,0.00240108588717354
385,175,308,6.6325,0.00155106571747692
385,175,308,6.64,0.00169931277774863
385,175,308,6.6475,0.00201953935348702
385,175,308,6.655,0.00172444554045613
385,175,308,6.6625,0.0020743722109576
385,175,308,6.67,0.00169817141171462
385,175,308,6.6775,0.001545747776256
385,175,308,6.685,0.00129042379795806
385,175,308,6.6925,0.00149922323125931
385,175,308,6.7,0.0017105142158577
385,175,308,6.7075,0.00143091618195808
385,175,308,6.715,0.00163028444464917
385,175,308,6.7225,0.00171997216308223
385,175,308,6.73,0.00194406982141103
385,175,308,6.7375,0.00131673458426163
385,175,308,6.745,0.0019737887804161
385,175,308,6.7525,0.00203238928231755
385,175,308,6.76,0.00198588411832239
385,175,308,6.7675,0.00187239033700132
385,175,308,6.775,0.00179759921358438
385,175,308,6.7825,0.00174104052924748
385,175,308,6.79,0.00176376653142319
385,175,308,6.7975,0.00152536026479159
385,175,308,6.805,0.00177173852399544
385,175,308,6.8125,0.001985645280269
385,175,308,6.82,0.0019158417686684
385,175,308,6.8275,0.00187615789398169
385,175,308,6.835,0.00201888911662497
385,175,308,6.8425,0.00266133181795247
385,175,308,6.85,0.00236406949178581
385,175,308,6.8575,0.00266171239624648
385,175,308,6.865,0.00153812204433907
385,175,308,6.8725,0.00223883648767666
385,175,308,6.88,0.00186839912188847
385,175,308,6.8875,0.00213640950570732
385,175,308,6.895,0.00220930496498146
385,175,308,6.9025,0.00244040713060277
385,175,308,6.91,0.00250814174496348
385,175,308,6.9175,0.00205699760350839
385,175,308,6.925,0.00190625082161491
385,175,308,6.9325,0.00217690798470849
385,175,308,6.94,0.00185045077180731
385,175,308,6.9475,0.00169219471342626
385,175,308,6.955,0.00193381704845092
385,175,308,6.9625,0.00140049171086639
385,175,308,6.97,0.0012798861252976
385,175,308,6.9775,0.00102512221836355
385,175,308,6.985,0.00200584556604165
385,175,308,6.9925,0.0013792911871984
385,175,308,7,0.00225865353183536
385,175,308,7.0075,0.00183520194020211
385,175,308,7.015,0.00211547123986313
385,175,308,7.0225,0.00243526489355227
385,175,308,7.03,0.00289218153064574
385,175,308,7.0375,0.00296581232622789
385,175,308,7.045,0.00291543076070904
385,175,308,7.0525,0.00293923232466493
385,175,308,7.06,0.00276249164597321
385,175,308,7.0675,0.00314664445368085
385,175,308,7.075,0.00283454710198579
385,175,308,7.0825,0.00338449462250704
385,175,308,7.09,0.00334954384190207
385,175,308,7.0975,0.00311185274762258
385,175,308,7.105,0.00330630253844955
385,175,308,7.1125,0.0034287390608723
385,175,308,7.12,0.00319073191896844
385,175,308,7.1275,0.00278386495440431
385,175,308,7.135,0.00332693050629577
385,175,308,7.1425,0.00290430229970689
385,175,308,7.15,0.00244110156585805
385,175,308,7.1575,0.00251779660540884
385,175,308,7.165,0.00249215383093171
385,175,308,7.1725,0.0016777020913872
385,175,308,7.18,0.00173957057663183
385,175,308,7.1875,0.00139062501450242
385,175,308,7.195,0.00106971448518544
385,175,308,7.2025,0.00128715821257106
385,175,308,7.21,0.00133879226153336
385,175,308,7.2175,0.00153523575434168
385,175,308,7.225,0.00124249489799768
385,175,308,7.2325,0.00164558646259193
385,175,308,7.24,0.00196375741288184
385,175,308,7.2475,0.00167458773885833
385,175,308,7.255,0.00237940484239413
385,175,308,7.2625,0.00232696062003146
385,175,308,7.27,0.00234915852758592
385,175,308,7.2775,0.00317560873573566
385,175,308,7.285,0.00267532671769677
385,175,308,7.2925,0.00292043180158358
385,175,308,7.3,0.00264065981986094
385,175,308,7.3075,0.00302998363680501
385,175,308,7.315,0.00241164268783596
385,175,308,7.3225,0.00256428024471844
385,175,308,7.33,0.00221802585956276
385,175,308,7.3375,0.00203592800461362
385,175,308,7.345,0.00221645807660822
385,175,308,7.3525,0.00232832147512302
385,175,308,7.36,0.00272488422602474
385,175,308,7.3675,0.00252745608978574
385,175,308,7.375,0.0024039739144694
385,175,308,7.3825,0.00269788362056961
385,175,308,7.39,0.00266090285642288
385,175,308,7.3975,0.00269940056165166
385,175,308,7.405,0.0027178885795013
385,175,308,7.4125,0.00271896221723409
385,175,308,7.42,0.00288833782733006
385,175,308,7.4275,0.00261064072842469
385,175,308,7.435,0.00262749892994197
385,175,308,7.4425,0.00257492480086841
385,175,308,7.45,0.00282663172353814
385,175,308,7.4575,0.00252346747152155
385,175,308,7.465,0.00214577536702463
385,175,308,7.4725,0.00275255973088227
385,175,308,7.48,0.0026302778029585
385,175,308,7.4875,0.00218926323992264
385,175,308,7.495,0.00240810414979795
385,175,308,7.5025,0.00196427160597218
385,175,308,7.51,0.00244250284011086
385,175,308,7.5175,0.00261108205582526
385,175,308,7.525,0.00186277142057423
385,175,308,7.5325,0.00201316764019736
385,175,308,7.54,0.00203654717348432
385,175,308,7.5475,0.00174795289257639
385,175,308,7.555,0.001952956657417
385,175,308,7.5625,0.00188974999691419
385,175,308,7.57,0.0017341291496689
385,175,308,7.5775,0.00184690247766259
385,175,308,7.585,0.00173520127924788
385,175,308,7.5925,0.00207505684782848
385,175,308,7.6,0.00213896953128159
385,175,308,7.6075,0.0024439636752033
385,175,308,7.615,0.00276739106432963
385,175,308,7.6225,0.00270101049046392
385,175,308,7.63,0.00294472154768507
385,175,308,7.6375,0.00301033105516382
385,175,308,7.645,0.00343093333351435
385,175,308,7.6525,0.00303940489740251
385,175,308,7.66,0.0030157427938471
385,175,308,7.6675,0.00289940603338269
385,175,308,7.675,0.00251023711010053
385,175,308,7.6825,0.00239501051435551
385,175,308,7.69,0.00251260655446568
385,175,308,7.6975,0.0014485255006653
385,175,308,7.705,0.00182354568254273
385,175,308,7.7125,0.0012463169258238
385,175,308,7.72,0.00140388000727214
385,175,308,7.7275,0.00184189247907768
385,175,308,7.735,0.00183126022337248
385,175,308,7.7425,0.00179270221251997
385,175,308,7.75,0.00159404582476704
385,175,308,7.7575,0.00172862351260234
385,175,308,7.765,0.00208894283105058
385,175,308,7.7725,0.00254263674157759
385,175,308,7.78,0.00246662967296614
385,175,308,7.7875,0.00288237341323806
385,175,308,7.795,0.00279393110645841
385,175,308,7.8025,0.00325032431228094
385,175,308,7.81,0.00276689876515145
385,175,308,7.8175,0.00269565485688217
385,175,308,7.825,0.00305880164341768
385,175,308,7.8325,0.00256929722980254
385,175,308,7.84,0.00247434881436998
385,175,308,7.8475,0.00285058569625669
385,175,308,7.855,0.00257058998035863
385,175,308,7.8625,0.0024348845902186
385,175,308,7.87,0.0026220596411882
385,175,308,7.8775,0.00317902518994051
385,175,308,7.885,0.0029818941049555
385,175,308,7.8925,0.00255270395874502
385,175,308,7.9,0.00302761985525649
385,175,308,7.9075,0.00265935796816062
385,175,308,7.915,0.00255205238428488
385,175,308,7.9225,0.00202295517483975
385,175,308,7.93,0.00203909567955861
385,175,308,7.9375,0.00145089906704736
385,175,308,7.945,0.0020778263787288
385,175,308,7.9525,0.0014361595827295
385,175,308,7.96,0.00194463079551102
385,175,308,7.9675,0.00200958204990364
385,175,308,7.975,0.00179795947959158
385,175,308,7.9825,0.00205912367425775
385,175,308,7.99,0.00201714732283322
385,175,308,7.9975,0.00280372032527315
385,175,308,8.005,0.00251567650832522
385,175,308,8.0125,0.00211449426705846
385,175,308,8.02,0.0026320093200689
385,175,308,8.0275,0.00259364988022318
385,175,308,8.035,0.00287593473546056
385,175,308,8.0425,0.00242437527427411
385,175,308,8.05,0.00221242184051666
385,175,308,8.0575,0.00196206107851123
385,175,308,8.065,0.00231423044237448
385,175,308,8.0725,0.00140711113061268
385,175,308,8.08,0.00219154771248502
385,175,308,8.0875,0.00183455036654057
385,175,308,8.095,0.00169843392148684
385,175,308,8.1025,0.00228702530572681
385,175,308,8.11,0.00263896674087839
385,175,308,8.1175,0.00267827101537769
385,175,308,8.125,0.00312057485264963
385,175,308,8.1325,0.00307814497588686
385,175,308,8.14,0.00316140677904978
385,175,308,8.1475,0.00380179054504348
385,175,308,8.155,0.00372098683719031
385,175,308,8.1625,0.00373640203484576
385,175,308,8.17,0.0036983798634955
385,175,308,8.1775,0.00336239000253039
385,175,308,8.185,0.00352904711800533
385,175,308,8.1925,0.00362472915751735
385,175,308,8.2,0.00316375092323867
385,175,308,8.2075,0.00240126778693232
385,175,308,8.215,0.00291299684841139
385,175,308,8.2225,0.00312279816818196
385,175,308,8.23,0.00274412652090296
385,175,308,8.2375,0.00318867689765758
385,175,308,8.245,0.00325685461197541
385,175,308,8.2525,0.00323399579107756
385,175,308,8.26,0.00330559084552504
385,175,308,8.2675,0.00265355585325935
385,175,308,8.275,0.00272045010345618
385,175,308,8.2825,0.00222118784356086
385,175,308,8.29,0.00196239353680913
385,175,308,8.2975,0.00185608211555563
385,175,308,8.305,0.001386445975795
385,175,308,8.3125,0.0014553044002011
385,175,308,8.32,0.00128873833047436
385,175,308,8.3275,0.00100569620797402
385,175,308,8.335,0.00149921385066512
385,175,308,8.3425,0.00200885373638529
385,175,308,8.35,0.00245887648260947
385,175,308,8.3575,0.00218413976512981
385,175,308,8.365,0.00314589194065601
385,175,308,8.3725,0.00286372251703377
385,175,308,8.38,0.00322176477719451
385,175,308,8.3875,0.00294983970638783
385,175,308,8.395,0.00315800819362743
385,175,308,8.4025,0.00327601486847781
385,175,308,8.41,0.00274600757369076
385,175,308,8.4175,0.00302666327449175
385,175,308,8.425,0.00303102684306843
385,175,308,8.4325,0.00252478776201888
385,175,308,8.44,0.00219433919552199
385,175,308,8.4475,0.0018522630889407
385,175,308,8.455,0.00189055291736683
385,175,308,8.4625,0.00176807885514393
385,175,308,8.47,0.00171886634380052
385,175,308,8.4775,0.00214113000315022
385,175,308,8.485,0.00229010631676027
385,175,308,8.4925,0.00278840456693087
385,175,308,8.5,0.00242520915158144
385,175,308,8.5075,0.00347390463975896
385,175,308,8.515,0.00316916933295998
385,175,308,8.5225,0.00330642507026014
385,175,308,8.53,0.00329078581023746
385,175,308,8.5375,0.00305307726659856
385,175,308,8.545,0.00291701946520124
385,175,308,8.5525,0.00288821109212088
385,175,308,8.56,0.00257688266553885
385,175,308,8.5675,0.00251947756401427
385,175,308,8.575,0.00241159188074068
385,175,308,8.5825,0.0021919303522269
385,175,308,8.59,0.00229576003436367
385,175,308,8.5975,0.00205106193264412
385,175,308,8.605,0.0025275729694806
385,175,308,8.6125,0.00254128059374662
385,175,308,8.62,0.00285050698748766
385,175,308,8.6275,0.00251996252351978
385,175,308,8.635,0.00221190141133018
385,175,308,8.6425,0.00227136071047895
385,175,308,8.65,0.00266009668347278
385,175,308,8.6575,0.00204542467869133
385,175,308,8.665,0.00260778726333711
385,175,308,8.6725,0.00217754139632603
385,175,308,8.68,0.00253170079071222
385,175,308,8.6875,0.00221704956043885
385,175,308,8.695,0.00188274018313072
385,175,308,8.7025,0.00142431879221947
385,175,308,8.71,0.00211117896987619
385,175,308,8.7175,0.00196660686951073
385,175,308,8.725,0.001786926055884
385,175,308,8.7325,0.00235919570879163
385,175,308,8.74,0.00249786246877924
385,175,308,8.7475,0.00280047025495107
385,175,308,8.755,0.00202572412462164
385,175,308,8.7625,0.00220589839882195
385,175,308,8.77,0.00237850433970081
385,175,308,8.7775,0.00178663299702617
385,175,308,8.785,0.00216213912306692
385,175,308,8.7925,0.00237057477351915
385,175,308,8.8,0.0015911367326557
385,175,308,8.8075,0.00190676784070194
385,175,308,8.815,0.00214407317350099
385,175,308,8.8225,0.00138485371464952
385,175,308,8.83,0.00176806147364811
385,175,308,8.8375,0.00171165152365008
385,175,308,8.845,0.00227080555118608
385,175,308,8.8525,0.00260981742991901
385,175,308,8.86,0.00277837499295728
385,175,308,8.8675,0.00306693812668068
385,175,308,8.875,0.00294098002135497
385,175,308,8.8825,0.00287426272345377
385,175,308,8.89,0.00278862848088175
385,175,308,8.8975,0.00312970630979751
385,175,308,8.905,0.00256955150121238
385,175,308,8.9125,0.00258084265940712
385,175,308,8.92,0.00283552776463251
385,175,308,8.9275,0.00265690733295468
385,175,308,8.935,0.00325078411127389
385,175,308,8.9425,0.0028341419636482
385,175,308,8.95,0.00218282608957366
385,175,308,8.9575,0.00272569382190319
385,175,308,8.965,0.00236046400947096
385,175,308,8.9725,0.00248280132232963
385,175,308,8.98,0.00231728812228898
385,175,308,8.9875,0.00207767170744736
385,175,308,8.995,0.00245193487240645
385,175,308,9.0025,0.00198041347594179
385,175,308,9.01,0.00196639153314811
385,175,308,9.0175,0.00200910369069704
385,175,308,9.025,0.00121659246411401
385,175,308,9.0325,0.00166277667330472
385,175,308,9.04,0.0016862875993258
385,175,308,9.0475,0.0013705450863221
385,175,308,9.055,0.00121124137129707
385,175,308,9.0625,0.000759987543687161
385,175,308,9.07,0.00160878891624714
385,175,308,9.0775,0.0013563484620364
385,175,308,9.085,0.00169045028842422
385,175,308,9.0925,0.00186652532090816
385,175,308,9.1,0.00207295276035015
385,175,308,9.1075,0.00222583735429178
385,175,308,9.115,0.00257520807982363
385,175,308,9.1225,0.00288963117085509
385,175,308,9.13,0.00238969017371827
385,175,308,9.1375,0.00258267782415137
385,175,308,9.145,0.00245864578610881
385,175,308,9.1525,0.00230143595770731
385,175,308,9.16,0.00257966617964731
385,175,308,9.1675,0.00241150991740904
385,175,308,9.175,0.00207972761564061
385,175,308,9.1825,0.0015465855192772
385,175,308,9.19,0.00183917171032647
385,175,308,9.1975,0.00199124600071069
385,175,308,9.205,0.00196090268190232
385,175,308,9.2125,0.00215397444876839
385,175,308,9.22,0.00195740147648901
385,175,308,9.2275,0.00186240982203805
385,175,308,9.235,0.00236491708713094
385,175,308,9.2425,0.00242291819655556
385,175,308,9.25,0.002161858444787
385,175,308,9.2575,0.00244807728238314
385,175,308,9.265,0.00310456841835072
385,175,308,9.2725,0.00266295980171396
385,175,308,9.28,0.0029808381627691
385,175,308,9.2875,0.0023087367430668
385,175,308,9.295,0.00268277931118268
385,175,308,9.3025,0.00257655408811002
385,175,308,9.31,0.0024945757105259
385,175,308,9.3175,0.00229263977729383
385,175,308,9.325,0.0019739653982614
385,175,308,9.3325,0.0017733225299592
385,175,308,9.34,0.00163402318109614
385,175,308,9.3475,0.00161094472279073
385,175,308,9.355,0.00185447234646655
385,175,308,9.3625,0.00156503101565041
385,175,308,9.37,0.00184722226435419
385,175,308,9.3775,0.00155161906127297
385,175,308,9.385,0.00146221941949402
385,175,308,9.3925,0.00167390503349696
385,175,308,9.4,0.00151019392986208
385,175,308,9.4075,0.00172880345990777
385,175,308,9.415,0.00172728138446008
385,175,308,9.4225,0.00154835554162731
385,175,308,9.43,0.00221563609522125
385,175,308,9.4375,0.00207901928598473
385,175,308,9.445,0.00195317988942862
385,175,308,9.4525,0.00210375654608881
385,175,308,9.46,0.00210594929421403
385,175,308,9.4675,0.00165525418833425
385,175,308,9.475,0.00207212853624999
385,175,308,9.4825,0.00209106088456253
385,175,308,9.49,0.00146116413524782
385,175,308,9.4975,0.00210735635024817
385,175,308,9.505,0.001771477257871
385,175,308,9.5125,0.00227138048265518
385,175,308,9.52,0.00184931010450433
385,175,308,9.5275,0.00187845356506541
385,175,308,9.535,0.00176476639814193
385,175,308,9.5425,0.00177011207312526
385,175,308,9.55,0.00185348855750492
385,175,308,9.5575,0.000855835792594568
385,175,308,9.565,0.00113137756181269
385,175,308,9.5725,0.00108832442795217
385,175,308,9.58,0.0012167129747845
385,175,308,9.5875,0.00198704760591128
385,175,308,9.595,0.00159266626865528
385,175,308,9.6025,0.00183783663823041
385,175,308,9.61,0.00212623665298886
385,175,308,9.6175,0.00213447946783841
385,175,308,9.625,0.00207001475619592
385,175,308,9.6325,0.00243535766364908
385,175,308,9.64,0.00278729468976402
385,175,308,9.6475,0.00284601781126168
385,175,308,9.655,0.00320813708393709
385,175,308,9.6625,0.00286534673961671
385,175,308,9.67,0.00263015285062353
385,175,308,9.6775,0.00264774708491534
385,175,308,9.685,0.00223990872656777
385,175,308,9.6925,0.00219277765098565
385,175,308,9.7,0.00216809877508758
385,175,308,9.7075,0.0019415540071523
385,175,308,9.715,0.00155833638987238
385,175,308,9.7225,0.00173799041683964
385,175,308,9.73,0.00186728840110263
385,175,308,9.7375,0.0015117282959937
385,175,308,9.745,0.00192447384083998
385,175,308,9.7525,0.00137187867063944
385,175,308,9.76,0.00200981347732131
385,175,308,9.7675,0.0015645557690051
385,175,308,9.775,0.00209117072154896
385,175,308,9.7825,0.00169476150215041
385,175,308,9.79,0.00127076651067726
385,175,308,9.7975,0.00147190675026819
385,175,308,9.805,0.00161009650901243
385,175,308,9.8125,0.0016761994600356
385,175,308,9.82,0.00113231690437999
385,175,308,9.8275,0.00125479504964099
385,175,308,9.835,0.000986720499233086
385,175,308,9.8425,0.00168879017183871
385,175,308,9.85,0.00198760677627211
385,175,308,9.8575,0.00171009100764434
385,175,308,9.865,0.00190143266329934
385,175,308,9.8725,0.00235792799507233
385,175,308,9.88,0.00191598789439544
385,175,308,9.8875,0.00216964471553948
385,175,308,9.895,0.00191784545406516
385,175,308,9.9025,0.00184784419801191
385,175,308,9.91,0.00185168141225356
385,175,308,9.9175,0.00231337845319379
385,175,308,9.925,0.0020168050981675
385,175,308,9.9325,0.00208452409846459
385,175,308,9.94,0.00217781870554895
385,175,308,9.9475,0.00266469020768331
385,175,308,9.955,0.00208858375430741
385,175,308,9.9625,0.00196746336546426
385,175,308,9.97,0.00250827491554006
385,175,308,9.9775,0.00227458114599652
385,175,308,9.985,0.00283363833992517
385,175,308,9.9925,0.00253488207829446
385,175,308,10,0.00296059854339004
385,175,308,10.0075,0.00333820424457118
385,175,308,10.015,0.00270231084618473
385,175,308,10.0225,0.00268198915502068
385,175,308,10.03,0.00350764511913017
385,175,308,10.0375,0.00266482447890964
385,175,308,10.045,0.00270506763677366
385,175,308,10.0525,0.00257843158656288
385,175,308,10.06,0.00248523483655673
385,175,308,10.0675,0.00262258662842439
385,175,308,10.075,0.00215287033446632
385,175,308,10.0825,0.00228373814538672
385,175,308,10.09,0.00185218670441239
385,175,308,10.0975,0.00137241171892963
385,175,308,10.105,0.00142725315988192
385,175,308,10.1125,0.00120612816322563
385,175,308,10.12,0.00102011122208445
385,175,308,10.1275,0.00127941477804442
385,175,308,10.135,0.00110505224011639
385,175,308,10.1425,0.00130999804816693
385,175,308,10.15,0.00122206464061035
385,175,308,10.1575,0.00132135978679899
385,175,308,10.165,0.0015197378712508
385,175,308,10.1725,0.00151012670437153
385,175,308,10.18,0.00167513267555733
385,175,308,10.1875,0.00165546620840144
385,175,308,10.195,0.00207992892288377
385,175,308,10.2025,0.00200613847800998
385,175,308,10.21,0.00147689461841246
385,175,308,10.2175,0.00153218207756609
385,175,308,10.225,0.0019087090776372
385,175,308,10.2325,0.002235833118538
385,175,308,10.24,0.00209367202870861
385,175,308,10.2475,0.00173703673355448
385,175,308,10.255,0.00182881019204093
385,175,308,10.2625,0.00197068052744187
385,175,308,10.27,0.00162174738684031
385,175,308,10.2775,0.00187227315468841
385,175,308,10.285,0.00184049404734413
385,175,308,10.2925,0.00138329427524062
385,175,308,10.3,0.00153996684651023
385,175,308,10.3075,0.00145655222140535
385,175,308,10.315,0.00108460007001576
385,175,308,10.3225,0.00153225334889968
385,175,308,10.33,0.000751274486503799
385,175,308,10.3375,0.00130401164859425
385,175,308,10.345,0.00165336238458203
385,175,308,10.3525,0.00172458054133621
385,175,308,10.36,0.00106189519095713
385,175,308,10.3675,0.00141508847215292
385,175,308,10.375,0.00130022959074978
385,175,308,10.3825,0.00116801766439637
385,175,308,10.39,0.00185855231955881
385,175,308,10.3975,0.00171310912658387
385,175,308,10.405,0.0022637652102229
385,175,308,10.4125,0.00224215798310254
385,175,308,10.42,0.0020271398992042
385,175,308,10.4275,0.00190033858454205
385,175,308,10.435,0.00187174854559622
385,175,308,10.4425,0.00177046745690796
385,175,308,10.45,0.00159567204820232
385,175,308,10.4575,0.00169017945152418
385,175,308,10.465,0.000875748829283996
385,175,308,10.4725,0.000845703769603507
385,175,308,10.48,0.000750558198928813
385,175,308,10.4875,0.000871676955972723
385,175,308,10.495,0.00102426620059673
385,175,308,10.5025,0.000826473938029738
385,175,308,10.51,0.00066629389658688
385,175,308,10.5175,0.000506553343996701
385,175,308,10.525,0.00122199068404827
385,175,308,10.5325,0.00132936283073621
385,175,308,10.54,0.00117997089711263
385,175,308,10.5475,0.00111778660716086
385,175,308,10.555,0.000693174084771941
385,175,308,10.5625,0.000927041273018482
385,175,308,10.57,0.000782616443519635
385,175,308,10.5775,0.0012343599708059
385,175,308,10.585,0.00102761814196621
385,175,308,10.5925,0.00121192792937228
385,175,308,10.6,0.000662763557267375
385,175,308,10.6075,0.000703384503390133
385,175,308,10.615,0.0011923873958296
385,175,308,10.6225,0.00104770400597132
385,175,308,10.63,0.000874756226783745
385,175,308,10.6375,0.00126313073616148
385,175,308,10.645,0.00120505098558691
385,175,308,10.6525,0.00152616758608137
385,175,308,10.66,0.00118785692081254
385,175,308,10.6675,0.00146568828986199
385,175,308,10.675,0.00166205645179518
385,175,308,10.6825,0.00134536958375528
385,175,308,10.69,0.000772019110354643
385,175,308,10.6975,0.0016007015926483
385,175,308,10.705,0.00134033752254278
385,175,308,10.7125,0.00139933151061969
385,175,308,10.72,0.00115906079317584
385,175,308,10.7275,0.00119843189060462
385,175,308,10.735,0.00185666006950844
385,175,308,10.7425,0.00190325726021272
385,175,308,10.75,0.00196860481344689
385,175,308,10.7575,0.0017685220162294
385,175,308,10.765,0.00162905056486385
385,175,308,10.7725,0.00154396125900854
385,175,308,10.78,0.00167306475618617
385,175,308,10.7875,0.00162155683040483
385,175,308,10.795,0.00132535028761032
385,175,308,10.8025,0.0011245708604177
385,175,308,10.81,0.00098545686014783
385,175,308,10.8175,0.00124182011702412
385,175,308,10.825,0.000631735731901897
385,175,308,10.8325,0.000537809403406967
385,175,308,10.84,0.00027737991927183
385,175,308,10.8475,0.000845511922234834
385,175,308,10.855,0.000674755015494045
385,175,308,10.8625,0.00124212991635388
385,175,308,10.87,0.000700753952768231
385,175,308,10.8775,0.00112218523049682
385,175,308,10.885,0.000593801268095533
385,175,308,10.8925,0.000782681364460753
385,175,308,10.9,0.00117432966742073
385,175,308,10.9075,0.00121807889413922
385,175,308,10.915,0.00143013629006205
385,175,308,10.9225,0.00169414397304454
385,175,308,10.93,0.00186770657592643
385,175,308,10.9375,0.00132007278583144
385,175,308,10.945,0.00118261066708668
385,175,308,10.9525,0.0007965701995243
385,175,308,10.96,0.000575272850757696
385,175,308,10.9675,0.000611775325728232
385,175,308,10.975,0.000937172786345137
385,175,308,10.9825,0.00125003964054247
385,175,308,10.99,0.00173128030116064
385,175,308,10.9975,0.00120065561916764
385,175,308,11.005,0.00114790627752605
385,175,308,11.0125,0.00108048360415591
385,175,308,11.02,0.000556004193970965
385,175,308,11.0275,0.00099170225433218
385,175,308,11.035,0.000957319132579073
385,175,308,11.0425,0.000974228327443435
385,175,308,11.05,0.0013269190041882
385,175,308,11.0575,0.00124908352391992
385,175,308,11.065,0.00134609486703341
385,175,308,11.0725,0.00147840075575513
385,175,308,11.08,0.00155487055849692
385,175,308,11.0875,0.0015695017915411
385,175,308,11.095,0.00170715120996149
385,175,308,11.1025,0.00142128620645034
385,175,308,11.11,0.00114729595325836
385,175,308,11.1175,0.00135005367650144
385,175,308,11.125,0.00114096153273703
385,175,308,11.1325,0.00121715099998086
385,175,308,11.14,0.00113281673230424
385,175,308,11.1475,0.00128140969627788
385,175,308,11.155,0.00145992866090169
385,175,308,11.1625,0.00134870103793033
385,175,308,11.17,0.00127905689109651
385,175,308,11.1775,0.00164695431177385
385,175,308,11.185,0.0014200046812513
385,175,308,11.1925,0.00142677590922887
385,175,308,11.2,0.00131985653725326
385,175,308,11.2075,0.00147983530454996
385,175,308,11.215,0.00116434502943849
385,175,308,11.2225,0.000818792843246816
385,175,308,11.23,0.00112587825994477
385,175,308,11.2375,0.000486525767235452
385,175,308,11.245,0.000868651540167508
385,175,308,11.2525,0.00053552813014857
385,175,308,11.26,0.00017423330807177
385,175,308,11.2675,0.000386097088607288
385,175,308,11.275,0.000474339502687916
385,175,308,11.2825,0.000481528621896349
385,175,308,11.29,0.000558466021582525
385,175,308,11.2975,0.000950147116263231
385,175,308,11.305,0.00127471130089263
385,175,308,11.3125,0.00121911107033625
385,175,308,11.32,0.00116108214287095
385,175,308,11.3275,0.00137488359242382
385,175,308,11.335,0.0012419868660999
385,175,308,11.3425,0.00122137533195631
385,175,308,11.35,0.00136250923688803
385,175,308,11.3575,0.00094282211874342
385,175,308,11.365,0.00107262761524417
385,175,308,11.3725,0.00147353034694538
385,175,308,11.38,0.0011981164349121
385,175,308,11.3875,0.00137126259800289
385,175,308,11.395,0.0012852141650671
385,175,308,11.4025,0.00128668566086766
385,175,308,11.41,0.00114559688291859
385,175,308,11.4175,0.00176073237673366
385,175,308,11.425,0.00181679717845238
385,175,308,11.4325,0.0020310996914097
385,175,308,11.44,0.00167218184999316
385,175,308,11.4475,0.00152396949592105
385,175,308,11.455,0.00193181387808046
385,175,308,11.4625,0.00174072989643655
385,175,308,11.47,0.00134159103932738
385,175,308,11.4775,0.00150208059838009
385,175,308,11.485,0.00141150755011421
385,175,308,11.4925,0.00141224477523315
385,175,308,11.5,0.00155264944389391
385,175,308,11.5075,0.00143520736190366
385,175,308,11.515,0.00097067571945444
385,175,308,11.5225,0.00126427289752333
385,175,308,11.53,0.00109548549015399
385,175,308,11.5375,0.00108348685691597
385,175,308,11.545,0.00111427260768024
385,175,308,11.5525,0.00144660103212371
385,175,308,11.56,0.00172721971439799
385,175,308,11.5675,0.00122232786184466
385,175,308,11.575,0.0010994067187163
385,175,308,11.5825,0.00127331520256165
385,175,308,11.59,0.00114413797397814
385,175,308,11.5975,0.00082670571581525
385,175,308,11.605,0.000467058208127852
385,175,308,11.6125,0.00105695240039625
385,175,308,11.62,0.000993793968310331
385,175,308,11.6275,0.0011373758557133
385,175,308,11.635,0.00116219312083599
385,175,308,11.6425,0.000853113647104856
385,175,308,11.65,0.0010379519097628
385,175,308,11.6575,0.00159935913324254
385,175,308,11.665,0.00146431041572034
385,175,308,11.6725,0.00170027658114465
385,175,308,11.68,0.00163957328635888
385,175,308,11.6875,0.00169860433494536
385,175,308,11.695,0.0018543521848041
385,175,308,11.7025,0.00148191745300541
385,175,308,11.71,0.00170873108446357
385,175,308,11.7175,0.00183184870119666
385,175,308,11.725,0.00174765450623515
385,175,308,11.7325,0.00118813290278352
385,175,308,11.74,0.00114794596114863
385,175,308,11.7475,0.00063390072117952
385,175,308,11.755,0.00074826792603354
385,175,308,11.7625,0.00109083003285598
385,175,308,11.77,0.000880679853633351
385,175,308,11.7775,0.00114182603161451
385,175,308,11.785,0.00110765432072597
385,175,308,11.7925,0.000919626338967874
385,175,308,11.8,0.00134602650401359
385,175,308,11.8075,0.00152213064362238
385,175,308,11.815,0.00124241034052913
385,175,308,11.8225,0.00157636008306889
385,175,308,11.83,0.00177567134302025
385,175,308,11.8375,0.00144031184436863
385,175,308,11.845,0.00150374835218689
385,175,308,11.8525,0.00131914337735916
385,175,308,11.86,0.0013833742831026
385,175,308,11.8675,0.0012753690495767
385,175,308,11.875,0.00103680251259044
385,175,308,11.8825,0.00108369513452533
385,175,308,11.89,0.00149843224001873
385,175,308,11.8975,0.00126199227660134
385,175,308,11.905,0.00181380942788379
385,175,308,11.9125,0.00113721851114293
385,175,308,11.92,0.00141439214840918
385,175,308,11.9275,0.00203007600271532
385,175,308,11.935,0.00162327315092873
385,175,308,11.9425,0.00108715541287347
385,175,308,11.95,0.00129314865037465
385,175,308,11.9575,0.00108001946728841
385,175,308,11.965,0.000772455390445818
385,175,308,11.9725,0.00105502456781879
385,175,308,11.98,0.000964480327755588
385,175,308,11.9875,0.000478472331463272
385,175,308,11.995,0.000186454680831714
385,175,308,12.0025,0.000504790493243419
385,175,308,12.01,0.000599085700381097
385,175,308,12.0175,0.000477792024558808
385,175,308,12.025,0.000678792102300168
385,175,308,12.0325,0.000836197539775498
385,175,308,12.04,0.00105443981286935
385,175,308,12.0475,0.00089877112919649
385,175,308,12.055,0.0013260550112715
385,175,308,12.0625,0.00137937256934455
385,175,308,12.07,0.00119581242240573
385,175,308,12.0775,0.0012605123063031
385,175,308,12.085,0.00102543715287843
385,175,308,12.0925,0.00133581422111724
385,175,308,12.1,0.000638777770733208
385,175,308,12.1075,0.0010022533964091
385,175,308,12.115,0.00143852283672639
385,175,308,12.1225,0.00160580573860379
385,175,308,12.13,0.00118918250898882
385,175,308,12.1375,0.0012608277457908
385,175,308,12.145,0.00147414758848822
385,175,308,12.1525,0.00145856199739159
385,175,308,12.16,0.00165922446964781
385,175,308,12.1675,0.00142916293610574
385,175,308,12.175,0.00189407080570083
385,175,308,12.1825,0.00138321179306096
385,175,308,12.19,0.00173383309383203
385,175,308,12.1975,0.0013982477379874
385,175,308,12.205,0.00146870661489851
385,175,308,12.2125,0.00127143442260989
385,175,308,12.22,0.00149010882769791
385,175,308,12.2275,0.00157448187263332
385,175,308,12.235,0.00108470988490183
385,175,308,12.2425,0.00130215764382925
385,175,308,12.25,0.000613820988139684
385,175,308,12.2575,0.000843886198903534
385,175,308,12.265,0.000957763119154318
385,175,308,12.2725,0.000856477862704013
385,175,308,12.28,0.000711041030898229
385,175,308,12.2875,0.000535599512680613
385,175,308,12.295,0.00046616870611964
385,175,308,12.3025,0.00108812414044335
385,175,308,12.31,0.000408875359042727
385,175,308,12.3175,0.000650796618764954
385,175,308,12.325,0.000434519877454958
385,175,308,12.3325,0.000374464288704823
385,175,308,12.34,0.000453261280285411
385,175,308,12.3475,0.000768425635395736
385,175,308,12.355,0.000860456162157686
385,175,308,12.3625,0.000766364818707673
385,175,308,12.37,0.000927715345652087
385,175,308,12.3775,0.00135327265102723
385,175,308,12.385,0.00113445986803066
385,175,308,12.3925,0.00145014135964098
385,175,308,12.4,0.00133874662836652
385,175,308,12.4075,0.00116285025809617
385,175,308,12.415,0.00141566520031252
385,175,308,12.4225,0.00194190833105477
385,175,308,12.43,0.00193802192186427
385,175,308,12.4375,0.00149124017647597
385,175,308,12.445,0.00165070360238472
385,175,308,12.4525,0.00147173096556344
385,175,308,12.46,0.0018035911305305
385,175,308,12.4675,0.00160893006906103
385,175,308,12.475,0.00133576576662208
385,175,308,12.4825,0.00127018886130662
385,175,308,12.49,0.000439215318757761
385,175,308,12.4975,0.00076561770058406
385,175,308,12.505,0.0012519190492449
385,175,308,12.5125,0.000734482353602078
385,175,308,12.52,0.000671029239856358
385,175,308,12.5275,0.00067388005008769
385,175,308,12.535,0.000838427952934133
385,175,308,12.5425,0.000743060193229057
385,175,308,12.55,0.000903343952464852
385,175,308,12.5575,0.000721805765377094
385,175,308,12.565,0.00127525289254747
385,175,308,12.5725,0.000736613119352695
385,175,308,12.58,0.000655688984807168
385,175,308,12.5875,0.00142837491587371
385,175,308,12.595,0.000622245402848092
385,175,308,12.6025,0.000883406913848019
385,175,308,12.61,0.00119368206517858
385,175,308,12.6175,0.00114901303187536
385,175,308,12.625,0.00135977510176326
385,175,308,12.6325,0.000942385685723878
385,175,308,12.64,0.000770964868321427
385,175,308,12.6475,0.000711415182052375
385,175,308,12.655,0.00133892771744389
385,175,308,12.6625,0.000968579474454251
385,175,308,12.67,0.00120262338611215
385,175,308,12.6775,0.00113643633281966
385,175,308,12.685,0.00102127347577312
385,175,308,12.6925,0.00103908807563302
385,175,308,12.7,0.00118108501032335
385,175,308,12.7075,0.00112986422141563
385,175,308,12.715,0.00135799193655198
385,175,308,12.7225,0.00117562888836542
385,175,308,12.73,0.000602196635630258
385,175,308,12.7375,0.000682988844805539
385,175,308,12.745,8.50506098090514e-05
385,175,308,12.7525,8.41414464690081e-05
385,175,308,12.76,0.000371860034026599
385,175,308,12.7675,0.000481747451333672
385,175,308,12.775,0.000563044736747795
385,175,308,12.7825,0.00107984568140488
385,175,308,12.79,0.000550599555363365
385,175,308,12.7975,0.00103895260372074
385,175,308,12.805,0.000616990014428587
385,175,308,12.8125,0.000473874019090644
385,175,308,12.82,0.000812173467818392
385,175,308,12.8275,0.000632908804033481
385,175,308,12.835,0.000597849008451804
385,175,308,12.8425,0.000536218163984994
385,175,308,12.85,0.000736585122467563
385,175,308,12.8575,0.000769304360108967
385,175,308,12.865,0.000955597315396706
385,175,308,12.8725,0.000650245953570634
385,175,308,12.88,0.000596518526166311
385,175,308,12.8875,0.0007599480352848
385,175,308,12.895,0.000703548786076537
385,175,308,12.9025,0.00115539400488058
385,175,308,12.91,0.00127941256244425
385,175,308,12.9175,0.0014781734970349
385,175,308,12.925,0.00113056157398962
385,175,308,12.9325,0.00147887033444173
385,175,308,12.94,0.00123466966925806
385,175,308,12.9475,0.0011361882971643
385,175,308,12.955,0.00145744656305071
385,175,308,12.9625,0.00139188990076313
385,175,308,12.97,0.00118160940822622
385,175,308,12.9775,0.000610867197787291
385,175,308,12.985,0.000450740840780009
385,175,308,12.9925,0.000795168402359055
385,175,308,13,0.000573160865118549
385,175,308,13.0075,0.000758743745974314
385,175,308,13.015,0.000531852402862413
385,175,308,13.0225,0.000347230581859087
385,175,308,13.03,0.000499427287646526
385,175,308,13.0375,0.000390160451655524
385,175,308,13.045,0.000204605236475176
385,175,308,13.0525,0.000467487968627008
385,175,308,13.06,0.000527292010366973
385,175,308,13.0675,0.000194712933900066
385,175,308,13.075,0.000331128890476634
385,175,308,13.0825,0.000334665631219291
385,175,308,13.09,0.000686337139280504
385,175,308,13.0975,0.00079477640541618
385,175,308,13.105,0.000851344484682961
385,175,308,13.1125,0.00096036191429961
385,175,308,13.12,0.000793876875252773
385,175,308,13.1275,0.000732340191938147
385,175,308,13.135,0.000677333085324219
385,175,308,13.1425,0.0011734804595971
385,175,308,13.15,0.00108847721808693
385,175,308,13.1575,0.00122370133830947
385,175,308,13.165,0.00128125563314794
385,175,308,13.1725,0.00150435702691889
385,175,308,13.18,0.00145276165706155
385,175,308,13.1875,0.0015880902661986
385,175,308,13.195,0.00126942086393685
385,175,308,13.2025,0.00163211040540013
385,175,308,13.21,0.0014170061444206
385,175,308,13.2175,0.00120195459584827
385,175,308,13.225,0.00164083336395239
385,175,308,13.2325,0.00126037230489089
385,175,308,13.24,0.000799984798953952
385,175,308,13.2475,0.000668774610615774
385,175,308,13.255,0.000538067347390104
385,175,308,13.2625,0.000706355677281408
385,175,308,13.27,0.000398755266242038
385,175,308,13.2775,0.000759911580021612
385,175,308,13.285,0.000812019463591322
385,175,308,13.2925,0.000403452412403118
385,175,308,13.3,0.00060111896946609
385,175,308,13.3075,0.000567371122486339
385,175,308,13.315,0.000621783146623091
385,175,308,13.3225,0.000928921140367383
385,175,308,13.33,0.000463535295452791
385,175,308,13.3375,0.000510335224446408
385,175,308,13.345,0.000950887816455621
385,175,308,13.3525,0.000842975218026767
385,175,308,13.36,0.000689812226252239
385,175,308,13.3675,0.000627231452532805
385,175,308,13.375,0.00122326042636449
385,175,308,13.3825,0.000962978944945222
385,175,308,13.39,0.000834184889407753
385,175,308,13.3975,0.00147354272127435
385,175,308,13.405,0.000850493170018069
385,175,308,13.4125,0.00089385973284899
385,175,308,13.42,0.00110565134665332
385,175,308,13.4275,0.00106639276445942
385,175,308,13.435,0.00103216527841999
385,175,308,13.4425,0.00100588156747397
385,175,308,13.45,0.00104339594093606
385,175,308,13.4575,0.00109149200767048
385,175,308,13.465,0.000718756748103148
385,175,308,13.4725,0.00100945708952243
385,175,308,13.48,0.000748983966077831
385,175,308,13.4875,0.000404905227564165
385,175,308,13.495,0.000814436412346091
385,175,308,13.5025,0.000608018617013409
385,175,308,13.51,0.000425261034248118
385,175,308,13.5175,0.000347877808103289
385,175,308,13.525,0.000400366081164886
385,175,308,13.5325,0.000955174717778673
385,175,308,13.54,0.000928902021502206
385,175,308,13.5475,0.00131825681090264
385,175,308,13.555,0.00148704537320088
385,175,308,13.5625,0.000955438120798507
385,175,308,13.57,0.00104833615546629
385,175,308,13.5775,0.000969415139729091
385,175,308,13.585,0.000661134460871091
385,175,308,13.5925,0.00123489163786943
385,175,308,13.6,0.00117621241200398
385,175,308,13.6075,0.000870919963925692
385,175,308,13.615,0.000953945593565045
385,175,308,13.6225,0.000462502489689597
385,175,308,13.63,0.000858723918884904
385,175,308,13.6375,0.000945667521834288
385,175,308,13.645,0.00145571932267825
385,175,308,13.6525,0.000891646665467966
385,175,308,13.66,0.00134610872296879
385,175,308,13.6675,0.00151600521272471
385,175,308,13.675,0.00144403625130623
385,175,308,13.6825,0.00198774478637249
385,175,308,13.69,0.00193497793624087
385,175,308,13.6975,0.00151178883988379
385,175,308,13.705,0.00126927804385534
385,175,308,13.7125,0.00122579880492227
385,175,308,13.72,0.00128087220594276
385,175,308,13.7275,0.00119394649805324
385,175,308,13.735,0.000749665112351255
385,175,308,13.7425,0.00104611812833289
385,175,308,13.75,0.00107701893311427
385,175,308,13.7575,0.000439420430138031
385,175,308,13.765,0.00035505344773479
385,175,308,13.7725,0.000527895050314032
385,175,308,13.78,0.000130628619871582
385,175,308,13.7875,0.000832642240967244
385,175,308,13.795,0.00103931466094891
385,175,308,13.8025,0.000604581329087467
385,175,308,13.81,0.000599187793917925
385,175,308,13.8175,0.000456469497477777
385,175,308,13.825,0.000795575813913154
385,175,308,13.8325,0.000755224378277466
385,175,308,13.84,0.000818824433962775
385,175,308,13.8475,0.000708952908892897
385,175,308,13.855,0.000937833416111665
385,175,308,13.8625,0.0010837338313882
385,175,308,13.87,0.000976380784881005
385,175,308,13.8775,0.000898952203817458
385,175,308,13.885,0.00106689816325015
385,175,308,13.8925,0.00152847252423988
385,175,308,13.9,0.00126466741503581
385,175,308,13.9075,0.00154897322037693
385,175,308,13.915,0.0014124069484939
385,175,308,13.9225,0.00143029756806287
385,175,308,13.93,0.00126310035229918
385,175,308,13.9375,0.00135113743119795
385,175,308,13.945,0.00171287177817045
385,175,308,13.9525,0.00110588656544952
385,175,308,13.96,0.00164111292321592
385,175,308,13.9675,0.00131406267812897
385,175,308,13.975,0.000909421764638442
385,175,308,13.9825,0.00121573045786469
385,175,308,13.99,0.000920609708697207
385,175,308,13.9975,0.0010923522444288
385,175,308,14.005,0.000659604724773236
385,175,308,14.0125,0.000344806505679212
385,175,308,14.02,0.000407111713245583
385,175,308,14.0275,0.000428841975145943
385,175,308,14.035,0.00032897858242509
385,175,308,14.0425,0.000505429156852298
385,175,308,14.05,0.000439936153211823
385,175,308,14.0575,0.000664945179064436
385,175,308,14.065,0.000408356404909711
385,175,308,14.0725,0.000955948632708242
385,175,308,14.08,0.000731305160351944
385,175,308,14.0875,0.00104632147506876
385,175,308,14.095,0.000786076209568031
385,175,308,14.1025,0.000731240374928915
385,175,308,14.11,0.000159433955112996
385,175,308,14.1175,0.000537411856168985
385,175,308,14.125,0.000773419980373073
385,175,308,14.1325,0.000662006494426639
385,175,308,14.14,0.000503257508393549
385,175,308,14.1475,0.00105081479440107
385,175,308,14.155,0.00060173730442061
385,175,308,14.1625,0.000890520281010824
385,175,308,14.17,0.000802945873548738
385,175,308,14.1775,0.000817271449766126
385,175,308,14.185,0.000939744765257495
385,175,308,14.1925,0.000868640043999132
385,175,308,14.2,0.0009101557617786
385,175,308,14.2075,0.000641061158593959
385,175,308,14.215,0.00114266840250952
385,175,308,14.2225,0.00106000377506755
385,175,308,14.23,0.000772173389109478
385,175,308,14.2375,0.000858168283439278
385,175,308,14.245,0.000561661873287059
385,175,308,14.2525,0.000886259937434216
385,175,308,14.26,0.000775588004362523
385,175,308,14.2675,0.00123467666637904
385,175,308,14.275,0.000860078329906939
385,175,308,14.2825,0.00069152201691591
385,175,308,14.29,0.000832156670168128
385,175,308,14.2975,0.00109121534433176
385,175,308,14.305,0.000824783075036462
385,175,308,14.3125,0.000241782308526635
385,175,308,14.32,0.0003960938713535
385,175,308,14.3275,0.000691921245452365
385,175,308,14.335,0.000815968326835175
385,175,308,14.3425,0.000995547119147807
385,175,308,14.35,0.000747861006180154
385,175,308,14.3575,0.000927545287915943
385,175,308,14.365,0.000237977597703522
385,175,308,14.3725,0.00036803552853172
385,175,308,14.38,0.000529339283045719
385,175,308,14.3875,0.000448821964937384
385,175,308,14.395,0.000532521740193403
385,175,308,14.4025,0.000710609875328902
385,175,308,14.41,0.000945856936811709
385,175,308,14.4175,0.000609623546145974
385,175,308,14.425,0.00132365570747799
385,175,308,14.4325,0.000859836507065402
385,175,308,14.44,0.000594690112787577
385,175,308,14.4475,0.000845362891807878
385,175,308,14.455,0.00110094012391685
385,175,308,14.4625,0.00126685878147783
385,175,308,14.47,0.000656120509792136
385,175,308,14.4775,0.000846496353302668
385,175,308,14.485,0.00129624405019347
385,175,308,14.4925,0.000839628356062415
385,175,308,14.5,0.000877393765369528
385,175,308,14.5075,0.000644900435188228
385,175,308,14.515,0.000627813438456834
385,175,308,14.5225,0.000861999290700966
385,175,308,14.53,0.000703093101180888
385,175,308,14.5375,0.000254650040620331
385,175,308,14.545,0.000604624572745988
385,175,308,14.5525,0.00056420037459502
385,175,308,14.56,0.000672947895311823
385,175,308,14.5675,0.000568632601945757
385,175,308,14.575,0.00071811922567156
385,175,308,14.5825,0.000281737020960121
385,175,308,14.59,0.000864221053822337
385,175,308,14.5975,0.00046773812902493
385,175,308,14.605,0.000254623730680666
385,175,308,14.6125,0.000518498252745864
385,175,308,14.62,0.000469413873166758
385,175,308,14.6275,0.000351049454903165
385,175,308,14.635,0.000632111889341793
385,175,308,14.6425,0.000698209077480734
385,175,308,14.65,0.000692896305735502
385,175,308,14.6575,0.000750787071537694
385,175,308,14.665,0.000585463261038131
385,175,308,14.6725,0.00130462892605916
385,175,308,14.68,0.00113766702458483
385,175,308,14.6875,0.000876200538600106
385,175,308,14.695,0.000909234035609877
385,175,308,14.7025,0.000655504972294994
385,175,308,14.71,0.00121065479626953
385,175,308,14.7175,0.000973373644287403
385,175,308,14.725,0.000881407368633147
385,175,308,14.7325,0.000649138393487024
385,175,308,14.74,0.00081982656283948
385,175,308,14.7475,0.00065489869925282
385,175,308,14.755,0.000435843539379683
385,175,308,14.7625,0.00100790270757757
385,175,308,14.77,0.000675653089614184
385,175,308,14.7775,0.000872084602324646
385,175,308,14.785,0.000345156541944397
385,175,308,14.7925,0.000642347035273324
385,175,308,14.8,0.000695602521792219
385,175,308,14.8075,0.000725098051684876
385,175,308,14.815,0.000308846989980831
385,175,308,14.8225,0.0006489976240619
385,175,308,14.83,0.000865375129775287
385,175,308,14.8375,0.000209000812943258
385,175,308,14.845,0.000319905645225423
385,175,308,14.8525,0.000283031900486236
385,175,308,14.86,0.000447159469180823
385,175,308,14.8675,0.000392837385308148
385,175,308,14.875,0.000286352482688689
385,175,308,14.8825,0.000555658320036751
385,175,308,14.89,0.000227465210475019
385,175,308,14.8975,0.000398921312300645
385,175,308,14.905,0.000895576573193217
385,175,308,14.9125,0.000629478743219829
385,175,308,14.92,0.00110377354594761
385,175,308,14.9275,0.000501128289177944
385,175,308,14.935,0.000736121914641591
385,175,308,14.9425,0.00108384529574738
385,175,308,14.95,0.000427408443345616
385,175,308,14.9575,0.00040352962949679
385,175,308,14.965,0.000660689310866923
385,175,308,14.9725,0.000638024140288121
385,175,308,14.98,0.000697129039559323
385,175,308,14.9875,0.00109466807835187
385,175,308,14.995,0.000686616472167848
385,175,308,15.0025,0.000521898397234407
385,175,308,15.01,0.000415373066988682
385,175,308,15.0175,0.000462148293245474
385,175,308,15.025,0.000540104339571496
385,175,308,15.0325,0.000359620612485646
385,175,308,15.04,0.000692888734484534
385,175,308,15.0475,0.000264675292762973
385,175,308,15.055,0.000468569704081243
385,175,308,15.0625,0.000567210387347088
385,175,308,15.07,0.000396041959550231
385,175,308,15.0775,0.000234414028511335
385,175,308,15.085,0.000770383926774409
385,175,308,15.0925,0.000377319524240855
385,175,308,15.1,0.000608432179626542
385,175,308,15.1075,0.000310719525993646
385,175,308,15.115,0.00034137734947982
385,175,308,15.1225,0.000557767251445819
385,175,308,15.13,0.000669367363144465
385,175,308,15.1375,0.000815377414965497
385,175,308,15.145,0.000583065904214467
385,175,308,15.1525,0.00026629035382573
385,175,308,15.16,0.000356413908710962
385,175,308,15.1675,0.000363584537695505
385,175,308,15.175,0.000305683954356892
385,175,308,15.1825,0.000981690320580036
385,175,308,15.19,0.000661713523861575
385,175,308,15.1975,0.000444535069905122
385,175,308,15.205,0.000567019829504937
385,175,308,15.2125,0.000455094574257614
385,175,308,15.22,0.000527034383526073
385,175,308,15.2275,0.00101077248400349
385,175,308,15.235,0.00107251960560045
385,175,308,15.2425,0.000339771264805641
385,175,308,15.25,0.00051008635052986
385,175,308,15.2575,0.000540538909405557
385,175,308,15.265,0.000266312535503789
385,175,308,15.2725,0.000625326448966318
385,175,308,15.28,0.00028916447835626
385,175,308,15.2875,0.000507675674931467
385,175,308,15.295,0.000287472792350955
385,175,308,15.3025,0.000454445216593622
385,175,308,15.31,0.000425185055313655
385,175,308,15.3175,0.000620439705505256
385,175,308,15.325,0.000522481514280955
385,175,308,15.3325,2.74625733001831e-05
385,175,308,15.34,0.000761798456393365
385,175,308,15.3475,0.00040004179693988
385,175,308,15.355,0.00100259462879848
385,175,308,15.3625,0.000418247677370356
385,175,308,15.37,0.000464265772429028
385,175,308,15.3775,0.000606284369772035
385,175,308,15.385,0.000991617168569739
385,175,308,15.3925,0.00105339914147844
385,175,308,15.4,0.000744439554494834
385,175,308,15.4075,0.000996397094686096
385,175,308,15.415,0.00075352647115594
385,175,308,15.4225,0.000260578164337774
385,175,308,15.43,0.0010865731408
385,175,308,15.4375,0.000406980081632418
385,175,308,15.445,0.000614148652493267
385,175,308,15.4525,0.000845667076417458
385,175,308,15.46,0.000974318449163655
385,175,308,15.4675,0.000693816708203141
385,175,308,15.475,0.000441913262000533
385,175,308,15.4825,0.000771878429748873
385,175,308,15.49,0.000479522983500375
385,175,308,15.4975,0.00069552273516309
385,175,308,15.505,0.000440785062983737
385,175,308,15.5125,0.000411064642512184
385,175,308,15.52,0.000346338268199565
385,175,308,15.5275,0.000695506402028125
385,175,308,15.535,0.000421604299050801
385,175,308,15.5425,0.000353223022354958
385,175,308,15.55,0.000572867397370192
385,175,308,15.5575,0.000309031241715139
385,175,308,15.565,0.000447387342028918
385,175,308,15.5725,0.000279049230882006
385,175,308,15.58,0.00015967775318374
385,175,308,15.5875,0.000146147903219649
385,175,308,15.595,0.00059906686482535
385,175,308,15.6025,0.000274328229114195
385,175,308,15.61,0.000538755748859484
385,175,308,15.6175,0.000650580990374481
385,175,308,15.625,0.000175145722059072
385,175,308,15.6325,0.000246640015417873
385,175,308,15.64,0.000587477683326521
385,175,308,15.6475,0.000397444058677609
385,175,308,15.655,0.000351579578970358
385,175,308,15.6625,0.000494222798744126
385,175,308,15.67,0.000498372813710149
385,175,308,15.6775,0.000654982938819038
385,175,308,15.685,0.000618956132018671
385,175,308,15.6925,0.000274979432392971
385,175,308,15.7,0.000279666246802229
385,175,308,15.7075,0.000380382286641581
385,175,308,15.715,0.000636729804900257
385,175,308,15.7225,0.000689372319439508
385,175,308,15.73,0.000615965678958115
385,175,308,15.7375,0.000822262891721885
385,175,308,15.745,0.000152088438887425
385,175,308,15.7525,0.00034514162262238
385,175,308,15.76,0.000511863307345948
385,175,308,15.7675,0.000610350608724989
385,175,308,15.775,0.000499620008929286
385,175,308,15.7825,0.000294446055567028
385,175,308,15.79,0.000306043906726842
385,175,308,15.7975,0.000363609808028595
385,175,308,15.805,0.000461353103788503
385,175,308,15.8125,0.000398774733593436
385,175,308,15.82,0.000469418714649059
385,175,308,15.8275,0.000427079426714245
385,175,308,15.835,0.000674465678806722
385,175,308,15.8425,0.000434920130906032
385,175,308,15.85,0.000401702582854594
385,175,308,15.8575,0.00047970289659935
385,175,308,15.865,0.000671740530178442
385,175,308,15.8725,0.000460285687711416
385,175,308,15.88,0.000419303422350229
385,175,308,15.8875,0.000837989696954128
385,175,308,15.895,0.000411023600184124
385,175,308,15.9025,0.000562835697695407
385,175,308,15.91,0.000650047854937799
385,175,308,15.9175,0.000382255802131228
385,175,308,15.925,0.000276401006065661
385,175,308,15.9325,0.000207776642812083
385,175,308,15.94,0.000273060039826872
385,175,308,15.9475,0.000558505300468085
385,175,308,15.955,0.000710603598315206
385,175,308,15.9625,0.000459671723744427
385,175,308,15.97,0.000538137245643662
385,175,308,15.9775,0.000431599809593139
385,175,308,15.985,0.000401335664229041
385,175,308,15.9925,0.00044903530284515
385,175,308,16,0.00068592568777924
385,175,307,4,0.00493279086928239
385,175,307,4.0075,0.00346438327908147
385,175,307,4.015,0.00394548283635481
385,175,307,4.0225,0.00329125533811542
385,175,307,4.03,0.00323996931468806
385,175,307,4.0375,0.00288492506783999
385,175,307,4.045,0.00227897692619414
385,175,307,4.0525,0.00322410089145715
385,175,307,4.06,0.00351324956008125
385,175,307,4.0675,0.00356773925836462
385,175,307,4.075,0.00400197859529436
385,175,307,4.0825,0.00414904229400345
385,175,307,4.09,0.00450820561262763
385,175,307,4.0975,0.00508926710110169
385,175,307,4.105,0.00499718237243555
385,175,307,4.1125,0.00482899106263981
385,175,307,4.12,0.00528285470172427
385,175,307,4.1275,0.00475872307485412
385,175,307,4.135,0.00523377035739348
385,175,307,4.1425,0.00541427004811791
385,175,307,4.15,0.0051871780110143
385,175,307,4.1575,0.00555027134734182
385,175,307,4.165,0.00507664585075872
385,175,307,4.1725,0.00522120502897871
385,175,307,4.18,0.00522860625008696
385,175,307,4.1875,0.00508783154884209
385,175,307,4.195,0.00495883403827549
385,175,307,4.2025,0.00432833229119246
385,175,307,4.21,0.00392273884502953
385,175,307,4.2175,0.00395652327306424
385,175,307,4.225,0.00382248298222307
385,175,307,4.2325,0.00354155835223027
385,175,307,4.24,0.00314724087147819
385,175,307,4.2475,0.00298181028028806
385,175,307,4.255,0.00321195874971347
385,175,307,4.2625,0.00294562110570108
385,175,307,4.27,0.00242541043625305
385,175,307,4.2775,0.00282671770475465
385,175,307,4.285,0.00320039147298644
385,175,307,4.2925,0.00324420122728096
385,175,307,4.3,0.00365835385116428
385,175,307,4.3075,0.00328495047338706
385,175,307,4.315,0.00360347340790958
385,175,307,4.3225,0.0033704271991199
385,175,307,4.33,0.00342213245320148
385,175,307,4.3375,0.00346942518750303
385,175,307,4.345,0.00291666756349365
385,175,307,4.3525,0.0028308978851447
385,175,307,4.36,0.00332034106010769
385,175,307,4.3675,0.00326239959016358
385,175,307,4.375,0.00318307124604389
385,175,307,4.3825,0.00316784114233229
385,175,307,4.39,0.00303619159813469
385,175,307,4.3975,0.00319862301777265
385,175,307,4.405,0.00303534346289356
385,175,307,4.4125,0.0020051321847908
385,175,307,4.42,0.0018197669657299
385,175,307,4.4275,0.00142563394776968
385,175,307,4.435,0.00200912149253457
385,175,307,4.4425,0.0016287324203162
385,175,307,4.45,0.00174718409895318
385,175,307,4.4575,0.00126434842483997
385,175,307,4.465,0.00139800915129529
385,175,307,4.4725,0.00141088190943663
385,175,307,4.48,0.00211447871193435
385,175,307,4.4875,0.00168281869947196
385,175,307,4.495,0.00210582387226401
385,175,307,4.5025,0.00210884836304476
385,175,307,4.51,0.00282583531576618
385,175,307,4.5175,0.00248059438700676
385,175,307,4.525,0.00230859576458084
385,175,307,4.5325,0.00242538202535991
385,175,307,4.54,0.00259729950288723
385,175,307,4.5475,0.00293256514706854
385,175,307,4.555,0.00259490770850202
385,175,307,4.5625,0.00326007772935114
385,175,307,4.57,0.00275442495666233
385,175,307,4.5775,0.00191275864823006
385,175,307,4.585,0.00183434165161756
385,175,307,4.5925,0.00237565829943676
385,175,307,4.6,0.00232882494914734
385,175,307,4.6075,0.00201204972569879
385,175,307,4.615,0.00218631044843718
385,175,307,4.6225,0.00252055764968771
385,175,307,4.63,0.00245231041376735
385,175,307,4.6375,0.00237029597568347
385,175,307,4.645,0.00295842350934795
385,175,307,4.6525,0.00262043328659263
385,175,307,4.66,0.00308237629762374
385,175,307,4.6675,0.00280410040803754
385,175,307,4.675,0.00340650839051547
385,175,307,4.6825,0.00332089660937201
385,175,307,4.69,0.00279174591532386
385,175,307,4.6975,0.00270453840975422
385,175,307,4.705,0.00295347031876861
385,175,307,4.7125,0.00263250363603698
385,175,307,4.72,0.00235294566545082
385,175,307,4.7275,0.00190459493995393
385,175,307,4.735,0.00231516946849112
385,175,307,4.7425,0.00192271316631143
385,175,307,4.75,0.00120892769990226
385,175,307,4.7575,0.000777351173744575
385,175,307,4.765,0.000948528963507872
385,175,307,4.7725,0.00042671420183287
385,175,307,4.78,0.000442313279256151
385,175,307,4.7875,0.00101539510986102
385,175,307,4.795,0.00105954599776326
385,175,307,4.8025,0.00106317675242126
385,175,307,4.81,0.00182027166541632
385,175,307,4.8175,0.00180312255535993
385,175,307,4.825,0.00235443489720346
385,175,307,4.8325,0.00252373883495906
385,175,307,4.84,0.00300994202780053
385,175,307,4.8475,0.00270123866994499
385,175,307,4.855,0.00248953621685197
385,175,307,4.8625,0.00269848576663952
385,175,307,4.87,0.00313544900921163
385,175,307,4.8775,0.00267188854074143
385,175,307,4.885,0.00287190501619485
385,175,307,4.8925,0.00265600521148688
385,175,307,4.9,0.00226629483188881
385,175,307,4.9075,0.00205040852434676
385,175,307,4.915,0.00198231586447244
385,175,307,4.9225,0.00199447018257633
385,175,307,4.93,0.00128687973605114
385,175,307,4.9375,0.00112774316630709
385,175,307,4.945,0.00134608919448575
385,175,307,4.9525,0.00139492347607455
385,175,307,4.96,0.0015162615851028
385,175,307,4.9675,0.00128261992843944
385,175,307,4.975,0.00180389708025271
385,175,307,4.9825,0.00136469762074571
385,175,307,4.99,0.0011650500135795
385,175,307,4.9975,0.00069673586106088
385,175,307,5.005,0.000976059539283796
385,175,307,5.0125,0.000667821789864921
385,175,307,5.02,0.00105879953004151
385,175,307,5.0275,0.00164265657041179
385,175,307,5.035,0.00137522227497422
385,175,307,5.0425,0.00198316841222318
385,175,307,5.05,0.00197131503149686
385,175,307,5.0575,0.0018392915387133
385,175,307,5.065,0.00115757931947694
385,175,307,5.0725,0.00112228154267161
385,175,307,5.08,0.00123348240726674
385,175,307,5.0875,0.00100837018684881
385,175,307,5.095,0.00134661705000102
385,175,307,5.1025,0.00177711944404004
385,175,307,5.11,0.00178305770179004
385,175,307,5.1175,0.00185693949989576
385,175,307,5.125,0.00102338388395729
385,175,307,5.1325,0.00106229281857182
385,175,307,5.14,0.000733545448346741
385,175,307,5.1475,0.00117517695000871
385,175,307,5.155,0.000624106214766416
385,175,307,5.1625,0.000976528171843231
385,175,307,5.17,0.000548443229467586
385,175,307,5.1775,0.000690852205590189
385,175,307,5.185,0.000683738418394773
385,175,307,5.1925,0.000764672147202162
385,175,307,5.2,0.000265892489098517
385,175,307,5.2075,0.000399562852566272
385,175,307,5.215,0.000446939223482017
385,175,307,5.2225,0.000420816120118671
385,175,307,5.23,0.000624210369407392
385,175,307,5.2375,0.00105570321813187
385,175,307,5.245,0.00126748275143777
385,175,307,5.2525,0.00102972441695259
385,175,307,5.26,0.00171865822248455
385,175,307,5.2675,0.0019839546737343
385,175,307,5.275,0.00214720000155375
385,175,307,5.2825,0.00236642478362168
385,175,307,5.29,0.00263940798755892
385,175,307,5.2975,0.0020504800025936
385,175,307,5.305,0.00290601626446296
385,175,307,5.3125,0.00168698327178522
385,175,307,5.32,0.0019807731737244
385,175,307,5.3275,0.00126901530451849
385,175,307,5.335,0.00174342373284448
385,175,307,5.3425,0.00147208952130721
385,175,307,5.35,0.0021811562079485
385,175,307,5.3575,0.00192098803594169
385,175,307,5.365,0.00218575223521177
385,175,307,5.3725,0.0018230935602831
385,175,307,5.38,0.00157009981068687
385,175,307,5.3875,0.00155731993112733
385,175,307,5.395,0.0011179376289656
385,175,307,5.4025,0.00143221438653867
385,175,307,5.41,0.000686453099269634
385,175,307,5.4175,0.00118350029605291
385,175,307,5.425,0.00136700062160067
385,175,307,5.4325,0.00100206048399014
385,175,307,5.44,0.00115465263441545
385,175,307,5.4475,0.000680396726874389
385,175,307,5.455,0.000423581777254437
385,175,307,5.4625,0.00112840343504109
385,175,307,5.47,0.000703966991985594
385,175,307,5.4775,0.00112371493797027
385,175,307,5.485,0.00115386211084436
385,175,307,5.4925,0.00129699197013462
385,175,307,5.5,0.0016730791931608
385,175,307,5.5075,0.00133045175683953
385,175,307,5.515,0.0020842374344748
385,175,307,5.5225,0.00190084558206859
385,175,307,5.53,0.00229255032939268
385,175,307,5.5375,0.00204187117684351
385,175,307,5.545,0.00253220425713944
385,175,307,5.5525,0.00260356792278966
385,175,307,5.56,0.00220006433593363
385,175,307,5.5675,0.00235979721994508
385,175,307,5.575,0.00212037558850108
385,175,307,5.5825,0.00217319102086634
385,175,307,5.59,0.00242975886274503
385,175,307,5.5975,0.0027496931310087
385,175,307,5.605,0.00249392267625823
385,175,307,5.6125,0.00229571644385369
385,175,307,5.62,0.00256641495447622
385,175,307,5.6275,0.00277779084741951
385,175,307,5.635,0.00266452677167705
385,175,307,5.6425,0.00251944143450292
385,175,307,5.65,0.00235889269892097
385,175,307,5.6575,0.00211719663444906
385,175,307,5.665,0.00195061907172989
385,175,307,5.6725,0.00171675447115283
385,175,307,5.68,0.00166773691772157
385,175,307,5.6875,0.00146770859776454
385,175,307,5.695,0.00131507216981908
385,175,307,5.7025,0.00130178575307015
385,175,307,5.71,0.00109070066648947
385,175,307,5.7175,0.00125881785451206
385,175,307,5.725,0.000524510759117987
385,175,307,5.7325,0.000547463417559203
385,175,307,5.74,0.000670907714913989
385,175,307,5.7475,0.000564784008943723
385,175,307,5.755,0.00110973104543254
385,175,307,5.7625,0.000952939837627261
385,175,307,5.77,0.0014671784013211
385,175,307,5.7775,0.00104790256984516
385,175,307,5.785,0.000988923761771359
385,175,307,5.7925,0.000644462231289741
385,175,307,5.8,0.000658158716234488
385,175,307,5.8075,0.000344056442540009
385,175,307,5.815,0.000791485495179217
385,175,307,5.8225,0.000908642986429851
385,175,307,5.83,0.000985590310290764
385,175,307,5.8375,0.00128081188447779
385,175,307,5.845,0.00140394316541923
385,175,307,5.8525,0.00154372648575872
385,175,307,5.86,0.00130335112464151
385,175,307,5.8675,0.00187360769210133
385,175,307,5.875,0.00191329009487292
385,175,307,5.8825,0.00181100826691124
385,175,307,5.89,0.00174953600233656
385,175,307,5.8975,0.00151034974384198
385,175,307,5.905,0.00194964091266862
385,175,307,5.9125,0.000718666150665385
385,175,307,5.92,0.000430201654755001
385,175,307,5.9275,0.000354678935296722
385,175,307,5.935,0.000159509764215897
385,175,307,5.9425,0.000936188516535743
385,175,307,5.95,0.000924257284151531
385,175,307,5.9575,0.00130473471493505
385,175,307,5.965,0.00136249353405495
385,175,307,5.9725,0.00141559684163924
385,175,307,5.98,0.00172093052175375
385,175,307,5.9875,0.00172555360937523
385,175,307,5.995,0.00210963918563996
385,175,307,6.0025,0.00242034074956318
385,175,307,6.01,0.00212485698024566
385,175,307,6.0175,0.00267675614324483
385,175,307,6.025,0.00200458256075612
385,175,307,6.0325,0.00250465798861667
385,175,307,6.04,0.00187491920371412
385,175,307,6.0475,0.0013562650527442
385,175,307,6.055,0.0013981958106892
385,175,307,6.0625,0.000818109144417354
385,175,307,6.07,0.000604445271398502
385,175,307,6.0775,0.000886245350758876
385,175,307,6.085,0.00136896956277103
385,175,307,6.0925,0.00179061487918115
385,175,307,6.1,0.00152165171783967
385,175,307,6.1075,0.00130328931709373
385,175,307,6.115,0.0016134895777879
385,175,307,6.1225,0.0013391605169572
385,175,307,6.13,0.00122336293018879
385,175,307,6.1375,0.00119402508725818
385,175,307,6.145,0.00160813010744979
385,175,307,6.1525,0.00127021819270132
385,175,307,6.16,0.001153761704664
385,175,307,6.1675,0.00074812856443727
385,175,307,6.175,0.000252314798548124
385,175,307,6.1825,0.000387935710348289
385,175,307,6.19,0.000494574140962795
385,175,307,6.1975,0.00127326445234587
385,175,307,6.205,0.00113335178591435
385,175,307,6.2125,0.00114815467120111
385,175,307,6.22,0.000980435379409974
385,175,307,6.2275,0.0010002129967068
385,175,307,6.235,0.00145110967744843
385,175,307,6.2425,0.00153263490649044
385,175,307,6.25,0.00164187731377513
385,175,307,6.2575,0.00146408264701632
385,175,307,6.265,0.000983525479863702
385,175,307,6.2725,0.00209270158812491
385,175,307,6.28,0.00166779617844695
385,175,307,6.2875,0.00171816031766086
385,175,307,6.295,0.00107327537879945
385,175,307,6.3025,0.00192035328478635
385,175,307,6.31,0.00182082431324037
385,175,307,6.3175,0.00217542132436244
385,175,307,6.325,0.00257552671912096
385,175,307,6.3325,0.00224709999302727
385,175,307,6.34,0.00253283191235942
385,175,307,6.3475,0.00254780984448146
385,175,307,6.355,0.00244713058198203
385,175,307,6.3625,0.00214870633412
385,175,307,6.37,0.00200587033322323
385,175,307,6.3775,0.00192616130626123
385,175,307,6.385,0.00202927865332864
385,175,307,6.3925,0.00182085024663886
385,175,307,6.4,0.00194812439170157
385,175,307,6.4075,0.00154397626521168
385,175,307,6.415,0.00114802541968312
385,175,307,6.4225,0.00133339422567013
385,175,307,6.43,0.000730951505893044
385,175,307,6.4375,0.000810733719915414
385,175,307,6.445,0.000246244927332515
385,175,307,6.4525,0.000540319203793171
385,175,307,6.46,0.000902322511984647
385,175,307,6.4675,0.00114288192790827
385,175,307,6.475,0.00131022254169258
385,175,307,6.4825,0.00131429540416119
385,175,307,6.49,0.000857907088351787
385,175,307,6.4975,0.00106127666153801
385,175,307,6.505,0.00132407926980916
385,175,307,6.5125,0.00126787939426142
385,175,307,6.52,0.00164107232384655
385,175,307,6.5275,0.00166513623183435
385,175,307,6.535,0.002294710922
385,175,307,6.5425,0.00227980447351695
385,175,307,6.55,0.00203320952070428
385,175,307,6.5575,0.00234067708672656
385,175,307,6.565,0.00259539497063061
385,175,307,6.5725,0.00180310558920309
385,175,307,6.58,0.00236172031166339
385,175,307,6.5875,0.00280032118324542
385,175,307,6.595,0.00223887999707242
385,175,307,6.6025,0.00247560083427576
385,175,307,6.61,0.00216460479946421
385,175,307,6.6175,0.00213357471933538
385,175,307,6.625,0.00204543353582171
385,175,307,6.6325,0.00146189529375435
385,175,307,6.64,0.00112820744486149
385,175,307,6.6475,0.00127682992475787
385,175,307,6.655,0.00139560082723231
385,175,307,6.6625,0.00199274223098928
385,175,307,6.67,0.00123501855409566
385,175,307,6.6775,0.00154857624135645
385,175,307,6.685,0.00147399814161713
385,175,307,6.6925,0.00131025753174931
385,175,307,6.7,0.00151480595772697
385,175,307,6.7075,0.00162037493014124
385,175,307,6.715,0.00119018682442114
385,175,307,6.7225,0.00249333407877735
385,175,307,6.73,0.00273952555785171
385,175,307,6.7375,0.00213838453198546
385,175,307,6.745,0.00252954246799278
385,175,307,6.7525,0.00217245134163054
385,175,307,6.76,0.00188021763171531
385,175,307,6.7675,0.0020085296260028
385,175,307,6.775,0.00225466953513164
385,175,307,6.7825,0.0016385263579567
385,175,307,6.79,0.00239515000060791
385,175,307,6.7975,0.00229957771704271
385,175,307,6.805,0.00244337452208633
385,175,307,6.8125,0.0023085986570125
385,175,307,6.82,0.00204587315195808
385,175,307,6.8275,0.00183319079472178
385,175,307,6.835,0.00236869384469081
385,175,307,6.8425,0.00287905279906366
385,175,307,6.85,0.00213254776035318
385,175,307,6.8575,0.00211262029543195
385,175,307,6.865,0.00257040990792568
385,175,307,6.8725,0.0023103212372061
385,175,307,6.88,0.00168660899662058
385,175,307,6.8875,0.00205799314939074
385,175,307,6.895,0.00183166854523698
385,175,307,6.9025,0.00193718836914726
385,175,307,6.91,0.00210193105125581
385,175,307,6.9175,0.00216401952113142
385,175,307,6.925,0.00204712023420734
385,175,307,6.9325,0.00157435657341685
385,175,307,6.94,0.00162236950493007
385,175,307,6.9475,0.00193784368857308
385,175,307,6.955,0.000891599983387341
385,175,307,6.9625,0.00118646502037017
385,175,307,6.97,0.000741671011088495
385,175,307,6.9775,0.00111616239801135
385,175,307,6.985,0.00107664125188643
385,175,307,6.9925,0.0017354837894166
385,175,307,7,0.00179615248281911
385,175,307,7.0075,0.00224900716539918
385,175,307,7.015,0.00186141914212055
385,175,307,7.0225,0.0025287065775697
385,175,307,7.03,0.00270945060698473
385,175,307,7.0375,0.0026792083799489
385,175,307,7.045,0.00283211342928313
385,175,307,7.0525,0.00323797570414941
385,175,307,7.06,0.00303268979347222
385,175,307,7.0675,0.00320298214134276
385,175,307,7.075,0.00380365916794801
385,175,307,7.0825,0.00341356445113926
385,175,307,7.09,0.0031133303249276
385,175,307,7.0975,0.00328664239064798
385,175,307,7.105,0.00329431755879509
385,175,307,7.1125,0.00278015386195109
385,175,307,7.12,0.00338670465623387
385,175,307,7.1275,0.00286574482967887
385,175,307,7.135,0.00268491729250436
385,175,307,7.1425,0.00230363609621874
385,175,307,7.15,0.00263531788484317
385,175,307,7.1575,0.00248374041751092
385,175,307,7.165,0.00167382526075954
385,175,307,7.1725,0.00208800943320086
385,175,307,7.18,0.00156866847890835
385,175,307,7.1875,0.00161287218780094
385,175,307,7.195,0.00177039346786995
385,175,307,7.2025,0.00164638462236917
385,175,307,7.21,0.0017522089531784
385,175,307,7.2175,0.00168818596650538
385,175,307,7.225,0.00142157495458378
385,175,307,7.2325,0.00157096184135691
385,175,307,7.24,0.00221133972477099
385,175,307,7.2475,0.00177193239219485
385,175,307,7.255,0.00228857045005284
385,175,307,7.2625,0.00191529914752833
385,175,307,7.27,0.00280364315123383
385,175,307,7.2775,0.00275094464837602
385,175,307,7.285,0.0023379334338959
385,175,307,7.2925,0.00274111190560032
385,175,307,7.3,0.00269908397557866
385,175,307,7.3075,0.00256147089690979
385,175,307,7.315,0.00249243837656121
385,175,307,7.3225,0.00216298023024528
385,175,307,7.33,0.0021963331059212
385,175,307,7.3375,0.00191391142806264
385,175,307,7.345,0.00141431178465089
385,175,307,7.3525,0.00202376651374081
385,175,307,7.36,0.00188040727173557
385,175,307,7.3675,0.00218385828967258
385,175,307,7.375,0.00196871264383395
385,175,307,7.3825,0.00231209596384919
385,175,307,7.39,0.00301742920321451
385,175,307,7.3975,0.00277942951617682
385,175,307,7.405,0.00304969288178453
385,175,307,7.4125,0.00308088617727101
385,175,307,7.42,0.00261253667671677
385,175,307,7.4275,0.00281371360329419
385,175,307,7.435,0.0026983785500925
385,175,307,7.4425,0.00213434319307551
385,175,307,7.45,0.0028367769981229
385,175,307,7.4575,0.00274801780241024
385,175,307,7.465,0.00228608607309974
385,175,307,7.4725,0.00239080669167341
385,175,307,7.48,0.0025815677235953
385,175,307,7.4875,0.00161972278749195
385,175,307,7.495,0.00262117830064412
385,175,307,7.5025,0.00187369323127691
385,175,307,7.51,0.00182653981103618
385,175,307,7.5175,0.002362536805517
385,175,307,7.525,0.0023309875266821
385,175,307,7.5325,0.00258328899541011
385,175,307,7.54,0.00208582773135773
385,175,307,7.5475,0.00212049479362931
385,175,307,7.555,0.00232621609975069
385,175,307,7.5625,0.00200082971289554
385,175,307,7.57,0.00155827812963672
385,175,307,7.5775,0.00166725642366858
385,175,307,7.585,0.00157644454579903
385,175,307,7.5925,0.00219978269829342
385,175,307,7.6,0.00212902908940075
385,175,307,7.6075,0.00237439679712417
385,175,307,7.615,0.0028858790288208
385,175,307,7.6225,0.00303285989272437
385,175,307,7.63,0.00283097202893413
385,175,307,7.6375,0.00340873186432898
385,175,307,7.645,0.00340372471313636
385,175,307,7.6525,0.00331771386390104
385,175,307,7.66,0.00285120529121865
385,175,307,7.6675,0.00274956610908982
385,175,307,7.675,0.00208699754778794
385,175,307,7.6825,0.00195017451489278
385,175,307,7.69,0.00185055268815421
385,175,307,7.6975,0.00117950818229032
385,175,307,7.705,0.00113221685399345
385,175,307,7.7125,0.00101431544376625
385,175,307,7.72,0.00136398605532551
385,175,307,7.7275,0.00175853838417887
385,175,307,7.735,0.00113470200675252
385,175,307,7.7425,0.00202746872741948
385,175,307,7.75,0.00167669295557108
385,175,307,7.7575,0.00179982365868291
385,175,307,7.765,0.00271397281329661
385,175,307,7.7725,0.00285110088904953
385,175,307,7.78,0.0029831308202362
385,175,307,7.7875,0.00309299636777856
385,175,307,7.795,0.00249149175069585
385,175,307,7.8025,0.00307679428159698
385,175,307,7.81,0.00339511643905372
385,175,307,7.8175,0.00343675765619433
385,175,307,7.825,0.0030831291532601
385,175,307,7.8325,0.00287338150576538
385,175,307,7.84,0.00328052352932792
385,175,307,7.8475,0.00281310465282667
385,175,307,7.855,0.00312677649691974
385,175,307,7.8625,0.00275087110193094
385,175,307,7.87,0.00276449770664857
385,175,307,7.8775,0.00351558159779122
385,175,307,7.885,0.00322145794898568
385,175,307,7.8925,0.00338996469925521
385,175,307,7.9,0.00267114434399652
385,175,307,7.9075,0.0034639227197297
385,175,307,7.915,0.00244599690165603
385,175,307,7.9225,0.00256213817902043
385,175,307,7.93,0.00176283470081998
385,175,307,7.9375,0.00182647818294648
385,175,307,7.945,0.00130123563568239
385,175,307,7.9525,0.00115444883360485
385,175,307,7.96,0.00192850211097157
385,175,307,7.9675,0.00178872299169757
385,175,307,7.975,0.00193393138267882
385,175,307,7.9825,0.00266032219574836
385,175,307,7.99,0.00205335023352446
385,175,307,7.9975,0.00264286280461432
385,175,307,8.005,0.00271113372221661
385,175,307,8.0125,0.00240377053537044
385,175,307,8.02,0.00242906244074433
385,175,307,8.0275,0.00262991152756783
385,175,307,8.035,0.00273591301363624
385,175,307,8.0425,0.00241851532448659
385,175,307,8.05,0.00234745552106326
385,175,307,8.0575,0.00226380232590536
385,175,307,8.065,0.00184305651971283
385,175,307,8.0725,0.00165609980929386
385,175,307,8.08,0.00207362535759364
385,175,307,8.0875,0.00181092590772106
385,175,307,8.095,0.00183280429003433
385,175,307,8.1025,0.00201771905546856
385,175,307,8.11,0.00242207490000408
385,175,307,8.1175,0.00297583974967623
385,175,307,8.125,0.00258867714294996
385,175,307,8.1325,0.00289827631804699
385,175,307,8.14,0.00358932881271483
385,175,307,8.1475,0.00345343008984928
385,175,307,8.155,0.00320171165688971
385,175,307,8.1625,0.00335437862537322
385,175,307,8.17,0.00371194826594556
385,175,307,8.1775,0.00307232288212668
385,175,307,8.185,0.00268974788695097
385,175,307,8.1925,0.00342247425005413
385,175,307,8.2,0.00314027515122229
385,175,307,8.2075,0.00266467327438559
385,175,307,8.215,0.00297640404193826
385,175,307,8.2225,0.002657710556311
385,175,307,8.23,0.00298971085941087
385,175,307,8.2375,0.00303983732880503
385,175,307,8.245,0.00276865647618383
385,175,307,8.2525,0.00236066282888098
385,175,307,8.26,0.00274290153175571
385,175,307,8.2675,0.00219932106558131
385,175,307,8.275,0.00242673079080311
385,175,307,8.2825,0.00235379975574209
385,175,307,8.29,0.00205200568878873
385,175,307,8.2975,0.00243451863913319
385,175,307,8.305,0.00233004887584974
385,175,307,8.3125,0.00215782293268943
385,175,307,8.32,0.0023173738308362
385,175,307,8.3275,0.00195459878834662
385,175,307,8.335,0.00244011336714952
385,175,307,8.3425,0.00274584870683746
385,175,307,8.35,0.00242034105258731
385,175,307,8.3575,0.00321464282572077
385,175,307,8.365,0.00307462743194455
385,175,307,8.3725,0.0032361801626779
385,175,307,8.38,0.00310330809711593
385,175,307,8.3875,0.00333289490698416
385,175,307,8.395,0.0035546294367691
385,175,307,8.4025,0.00356897712858146
385,175,307,8.41,0.00290126106013694
385,175,307,8.4175,0.00274727493047985
385,175,307,8.425,0.00264766271167327
385,175,307,8.4325,0.00229758597674025
385,175,307,8.44,0.00200200400149429
385,175,307,8.4475,0.00180424493824938
385,175,307,8.455,0.00122224048113753
385,175,307,8.4625,0.00111496222574857
385,175,307,8.47,0.00152862294709303
385,175,307,8.4775,0.0014671040241052
385,175,307,8.485,0.00164646534727932
385,175,307,8.4925,0.00174239882102321
385,175,307,8.5,0.002279133802231
385,175,307,8.5075,0.00232711526820273
385,175,307,8.515,0.0029881671134179
385,175,307,8.5225,0.00283070255693533
385,175,307,8.53,0.00352427157588518
385,175,307,8.5375,0.00304042168523807
385,175,307,8.545,0.00282327059529426
385,175,307,8.5525,0.0030629661560295
385,175,307,8.56,0.00289708428823493
385,175,307,8.5675,0.00266049253770617
385,175,307,8.575,0.00278919682793398
385,175,307,8.5825,0.00255299555770538
385,175,307,8.59,0.00229999400233574
385,175,307,8.5975,0.00270835032791047
385,175,307,8.605,0.0021814067907485
385,175,307,8.6125,0.00304410828981042
385,175,307,8.62,0.00294910559679958
385,175,307,8.6275,0.00268077250278196
385,175,307,8.635,0.0027687044391986
385,175,307,8.6425,0.00241194961349832
385,175,307,8.65,0.00245623217322658
385,175,307,8.6575,0.00244521190346377
385,175,307,8.665,0.00252641304442589
385,175,307,8.6725,0.00229893333501295
385,175,307,8.68,0.00211370038879616
385,175,307,8.6875,0.00207403372601124
385,175,307,8.695,0.00211656630344121
385,175,307,8.7025,0.00177899067108744
385,175,307,8.71,0.00216191035813394
385,175,307,8.7175,0.0021907432902808
385,175,307,8.725,0.00173430647193826
385,175,307,8.7325,0.00164072986510698
385,175,307,8.74,0.00216959342921988
385,175,307,8.7475,0.00190348071327036
385,175,307,8.755,0.00224138330732551
385,175,307,8.7625,0.00233033541632758
385,175,307,8.77,0.00261688820012007
385,175,307,8.7775,0.00170373480008868
385,175,307,8.785,0.00257022075641117
385,175,307,8.7925,0.00199260567711325
385,175,307,8.8,0.00170200665222995
385,175,307,8.8075,0.00146431715227542
385,175,307,8.815,0.00164125583567193
385,175,307,8.8225,0.00162461015615379
385,175,307,8.83,0.00183472132738942
385,175,307,8.8375,0.00203022430053149
385,175,307,8.845,0.00230303711821429
385,175,307,8.8525,0.00188128892588536
385,175,307,8.86,0.00235279988810758
385,175,307,8.8675,0.00253600114689974
385,175,307,8.875,0.00299073001386305
385,175,307,8.8825,0.00303797421223413
385,175,307,8.89,0.00333549232573051
385,175,307,8.8975,0.00316256180827834
385,175,307,8.905,0.00304314442897592
385,175,307,8.9125,0.00342759389937466
385,175,307,8.92,0.00245874772216123
385,175,307,8.9275,0.00274095482152107
385,175,307,8.935,0.00296761336935267
385,175,307,8.9425,0.0027217049925949
385,175,307,8.95,0.00227349629990069
385,175,307,8.9575,0.00229476305063475
385,175,307,8.965,0.00278679359737727
385,175,307,8.9725,0.00225572661675561
385,175,307,8.98,0.002175524671537
385,175,307,8.9875,0.00174873005001324
385,175,307,8.995,0.00188774343446302
385,175,307,9.0025,0.0016411167834496
385,175,307,9.01,0.00211195190834414
385,175,307,9.0175,0.00253454543475272
385,175,307,9.025,0.00212772236431608
385,175,307,9.0325,0.00180543275708778
385,175,307,9.04,0.00244502591695004
385,175,307,9.0475,0.00188312218491595
385,175,307,9.055,0.00186028934876442
385,175,307,9.0625,0.00200878609199402
385,175,307,9.07,0.00165707867547976
385,175,307,9.0775,0.00163596211947929
385,175,307,9.085,0.00188692062228857
385,175,307,9.0925,0.00178615790186824
385,175,307,9.1,0.00184573506602441
385,175,307,9.1075,0.00184240242309789
385,175,307,9.115,0.00209532956232451
385,175,307,9.1225,0.0024127381580264
385,175,307,9.13,0.00249862439982291
385,175,307,9.1375,0.00241418255796418
385,175,307,9.145,0.00240537959893234
385,175,307,9.1525,0.00221467065264099
385,175,307,9.16,0.00247857743566888
385,175,307,9.1675,0.00243731958300242
385,175,307,9.175,0.00223884908236066
385,175,307,9.1825,0.00198173428305883
385,175,307,9.19,0.00122004788132658
385,175,307,9.1975,0.00156159476742944
385,175,307,9.205,0.00105206135557645
385,175,307,9.2125,0.00161279260420784
385,175,307,9.22,0.00176505885695812
385,175,307,9.2275,0.00205586260978056
385,175,307,9.235,0.00164524931023837
385,175,307,9.2425,0.00200597671990667
385,175,307,9.25,0.00239515762120406
385,175,307,9.2575,0.00259137587718724
385,175,307,9.265,0.00236124159662384
385,175,307,9.2725,0.00267264735495699
385,175,307,9.28,0.00262984108994422
385,175,307,9.2875,0.00244013593331204
385,175,307,9.295,0.00274068770271031
385,175,307,9.3025,0.00274459613757824
385,175,307,9.31,0.00245932184007002
385,175,307,9.3175,0.00237300898786505
385,175,307,9.325,0.0017816121941681
385,175,307,9.3325,0.00222514701651545
385,175,307,9.34,0.00159657543213005
385,175,307,9.3475,0.00203832196746795
385,175,307,9.355,0.00201973821810929
385,175,307,9.3625,0.00174458283954435
385,175,307,9.37,0.0019296294254578
385,175,307,9.3775,0.00184220104927694
385,175,307,9.385,0.00213366090197688
385,175,307,9.3925,0.00160894074705506
385,175,307,9.4,0.00248348637497317
385,175,307,9.4075,0.00216337388931192
385,175,307,9.415,0.00195134291973423
385,175,307,9.4225,0.00221891336982878
385,175,307,9.43,0.00215012473355123
385,175,307,9.4375,0.00182094702275549
385,175,307,9.445,0.0016781397778401
385,175,307,9.4525,0.00157731980427651
385,175,307,9.46,0.00166448676998958
385,175,307,9.4675,0.00205056485075865
385,175,307,9.475,0.00168863588244201
385,175,307,9.4825,0.00125162216927207
385,175,307,9.49,0.00162764048345291
385,175,307,9.4975,0.00146712528231817
385,175,307,9.505,0.00186101875291361
385,175,307,9.5125,0.00163293279632723
385,175,307,9.52,0.00200685160365703
385,175,307,9.5275,0.00207917441363169
385,175,307,9.535,0.0019169652406089
385,175,307,9.5425,0.00189720825675992
385,175,307,9.55,0.00135121198916844
385,175,307,9.5575,0.00137788677179688
385,175,307,9.565,0.00109705530922534
385,175,307,9.5725,0.00130294697333492
385,175,307,9.58,0.00105339770815468
385,175,307,9.5875,0.00143140430973202
385,175,307,9.595,0.00130835095740277
385,175,307,9.6025,0.00160136585786641
385,175,307,9.61,0.00244091609782783
385,175,307,9.6175,0.00178225981303372
385,175,307,9.625,0.0020651303139402
385,175,307,9.6325,0.00192849594115819
385,175,307,9.64,0.0024569479607955
385,175,307,9.6475,0.00299530941538107
385,175,307,9.655,0.00256023196792898
385,175,307,9.6625,0.00245966410231025
385,175,307,9.67,0.00257129598483712
385,175,307,9.6775,0.00248102780474378
385,175,307,9.685,0.00252073286531677
385,175,307,9.6925,0.00187608799936534
385,175,307,9.7,0.00291221163975537
385,175,307,9.7075,0.0019625803017779
385,175,307,9.715,0.00193832240359768
385,175,307,9.7225,0.00159540834723997
385,175,307,9.73,0.00147742548972935
385,175,307,9.7375,0.00164234379308762
385,175,307,9.745,0.00221896550644078
385,175,307,9.7525,0.00141904064969087
385,175,307,9.76,0.00191194586278699
385,175,307,9.7675,0.00193040948631964
385,175,307,9.775,0.00173063147300902
385,175,307,9.7825,0.00187380354092771
385,175,307,9.79,0.00216071530422924
385,175,307,9.7975,0.00178867405937519
385,175,307,9.805,0.00236252742731231
385,175,307,9.8125,0.00194342215824611
385,175,307,9.82,0.00219116930849307
385,175,307,9.8275,0.00142994455787455
385,175,307,9.835,0.00153958351266497
385,175,307,9.8425,0.00171847984647635
385,175,307,9.85,0.0019711168676723
385,175,307,9.8575,0.00166722352718873
385,175,307,9.865,0.00200337198937635
385,175,307,9.8725,0.00200084572608769
385,175,307,9.88,0.00195292130594718
385,175,307,9.8875,0.00222111668137241
385,175,307,9.895,0.00210863077820715
385,175,307,9.9025,0.00227632545127716
385,175,307,9.91,0.0015942142945701
385,175,307,9.9175,0.00158750507673402
385,175,307,9.925,0.00158268037670294
385,175,307,9.9325,0.00127534177429856
385,175,307,9.94,0.00135001734894081
385,175,307,9.9475,0.00142941763757363
385,175,307,9.955,0.00193574298630966
385,175,307,9.9625,0.00142374805772027
385,175,307,9.97,0.0017321247417772
385,175,307,9.9775,0.00159331924927637
385,175,307,9.985,0.0017949933623288
385,175,307,9.9925,0.00210260512316552
385,175,307,10,0.00248985634796585
385,175,307,10.0075,0.00324211509313299
385,175,307,10.015,0.0025481097835657
385,175,307,10.0225,0.00262886381242719
385,175,307,10.03,0.00303823355579531
385,175,307,10.0375,0.00304361524292225
385,175,307,10.045,0.00289945468965085
385,175,307,10.0525,0.00279853235511061
385,175,307,10.06,0.00231000838605818
385,175,307,10.0675,0.0027807291910214
385,175,307,10.075,0.00281552017077783
385,175,307,10.0825,0.00253857733610953
385,175,307,10.09,0.00225770690682039
385,175,307,10.0975,0.00218148073709324
385,175,307,10.105,0.00225921775563906
385,175,307,10.1125,0.00183342994680241
385,175,307,10.12,0.0016174323911441
385,175,307,10.1275,0.00185701550350047
385,175,307,10.135,0.00142082004686337
385,175,307,10.1425,0.0021923075463431
385,175,307,10.15,0.00224918814358653
385,175,307,10.1575,0.00180240368216858
385,175,307,10.165,0.00232663066191679
385,175,307,10.1725,0.00196707573756043
385,175,307,10.18,0.00182533206921811
385,175,307,10.1875,0.00149060348356805
385,175,307,10.195,0.00166126038090174
385,175,307,10.2025,0.00176127016727455
385,175,307,10.21,0.00178194109631117
385,175,307,10.2175,0.00128045880875015
385,175,307,10.225,0.000950187113421179
385,175,307,10.2325,0.00109553928853909
385,175,307,10.24,0.00137272346073763
385,175,307,10.2475,0.00166988952079425
385,175,307,10.255,0.00138743298747805
385,175,307,10.2625,0.00085910451606736
385,175,307,10.27,0.001345990989198
385,175,307,10.2775,0.00192591785418737
385,175,307,10.285,0.00112405500975158
385,175,307,10.2925,0.00109540529605684
385,175,307,10.3,0.000649935986789261
385,175,307,10.3075,0.00138083973052646
385,175,307,10.315,0.000786935018177232
385,175,307,10.3225,0.00114857819255603
385,175,307,10.33,0.00112144301103837
385,175,307,10.3375,0.00156913660491068
385,175,307,10.345,0.00153645107264999
385,175,307,10.3525,0.00209743133499026
385,175,307,10.36,0.00181499738646951
385,175,307,10.3675,0.00233526929284157
385,175,307,10.375,0.00184928019579398
385,175,307,10.3825,0.00164237855690635
385,175,307,10.39,0.00247517989324769
385,175,307,10.3975,0.00232730893456634
385,175,307,10.405,0.00209535366993198
385,175,307,10.4125,0.00223059720531714
385,175,307,10.42,0.00198628219584759
385,175,307,10.4275,0.00203893025978379
385,175,307,10.435,0.00166821706139932
385,175,307,10.4425,0.00157659522993354
385,175,307,10.45,0.00199255480817426
385,175,307,10.4575,0.00136781550679351
385,175,307,10.465,0.000901465118781045
385,175,307,10.4725,0.000817748902482013
385,175,307,10.48,0.000884722206936033
385,175,307,10.4875,0.000607002437605774
385,175,307,10.495,0.000339465238599545
385,175,307,10.5025,0.000823652585180753
385,175,307,10.51,0.00105204468097941
385,175,307,10.5175,0.00128269809943988
385,175,307,10.525,0.00139698389774751
385,175,307,10.5325,0.001311178480927
385,175,307,10.54,0.00141787168377874
385,175,307,10.5475,0.00114456977243711
385,175,307,10.555,0.00146507579521977
385,175,307,10.5625,0.00110768093273435
385,175,307,10.57,0.00109119592765669
385,175,307,10.5775,0.00139881821887855
385,175,307,10.585,0.000967574926374585
385,175,307,10.5925,0.00144020564180643
385,175,307,10.6,0.00139556652176381
385,175,307,10.6075,0.00150276082567502
385,175,307,10.615,0.00155131948695722
385,175,307,10.6225,0.00135486513301307
385,175,307,10.63,0.00106079059810217
385,175,307,10.6375,0.000805799089858769
385,175,307,10.645,0.000662431437415646
385,175,307,10.6525,0.00123318643656313
385,175,307,10.66,0.000565350996515251
385,175,307,10.6675,0.00118929181780031
385,175,307,10.675,0.00075166975611739
385,175,307,10.6825,0.000989993462221951
385,175,307,10.69,0.00113811651847288
385,175,307,10.6975,0.000964897112594835
385,175,307,10.705,0.00139297198115075
385,175,307,10.7125,0.00100623740690447
385,175,307,10.72,0.00114398783652123
385,175,307,10.7275,0.00119784214220368
385,175,307,10.735,0.00100396013037045
385,175,307,10.7425,0.00086835358802364
385,175,307,10.75,0.00138170305199759
385,175,307,10.7575,0.00134976772219303
385,175,307,10.765,0.0015747901844246
385,175,307,10.7725,0.00107187798640403
385,175,307,10.78,0.00141741845319125
385,175,307,10.7875,0.00137893249620643
385,175,307,10.795,0.00134835207933272
385,175,307,10.8025,0.0013436860347256
385,175,307,10.81,0.00172682791428395
385,175,307,10.8175,0.00151206790875829
385,175,307,10.825,0.00105176034689105
385,175,307,10.8325,0.00115938796383783
385,175,307,10.84,0.00138638850615731
385,175,307,10.8475,0.00121758092021354
385,175,307,10.855,0.000899207135332577
385,175,307,10.8625,0.00104453999403813
385,175,307,10.87,0.00142425462455158
385,175,307,10.8775,0.00148743776367222
385,175,307,10.885,0.00177999173687568
385,175,307,10.8925,0.00124979013342576
385,175,307,10.9,0.00147199991843773
385,175,307,10.9075,0.00129664474717842
385,175,307,10.915,0.000916092993428793
385,175,307,10.9225,0.000863288046673406
385,175,307,10.93,0.00105717646294373
385,175,307,10.9375,0.00106121848094345
385,175,307,10.945,0.00114565436299548
385,175,307,10.9525,0.000781481215052253
385,175,307,10.96,0.000497850336322285
385,175,307,10.9675,0.000446870768346037
385,175,307,10.975,0.000572644119270073
385,175,307,10.9825,0.000261376682965662
385,175,307,10.99,0.000380994286762486
385,175,307,10.9975,0.000523639005960025
385,175,307,11.005,0.00032591781545409
385,175,307,11.0125,0.000523340771893684
385,175,307,11.02,0.0010484210940457
385,175,307,11.0275,0.000806939173339071
385,175,307,11.035,0.00140204439770982
385,175,307,11.0425,0.00103632767991777
385,175,307,11.05,0.000720812927402083
385,175,307,11.0575,0.00166328089865791
385,175,307,11.065,0.00186342465404314
385,175,307,11.0725,0.00145701597653034
385,175,307,11.08,0.00162306041787016
385,175,307,11.0875,0.00184639767992047
385,175,307,11.095,0.00145320916648524
385,175,307,11.1025,0.00121126434016499
385,175,307,11.11,0.0017014564946472
385,175,307,11.1175,0.00179497612514119
385,175,307,11.125,0.00197845482387995
385,175,307,11.1325,0.00198658546683617
385,175,307,11.14,0.00186480094690676
385,175,307,11.1475,0.00185297277793651
385,175,307,11.155,0.00167953183931405
385,175,307,11.1625,0.00138514337896766
385,175,307,11.17,0.00169291728032913
385,175,307,11.1775,0.00138512573759775
385,175,307,11.185,0.0013607896174591
385,175,307,11.1925,0.00139043975304138
385,175,307,11.2,0.00107488388090921
385,175,307,11.2075,0.000845327867021539
385,175,307,11.215,0.000796808347166114
385,175,307,11.2225,0.000861499599761087
385,175,307,11.23,0.000813527546276112
385,175,307,11.2375,0.000615624875414853
385,175,307,11.245,0.000200789420197209
385,175,307,11.2525,0.000286264219896559
385,175,307,11.26,0.000704806193143471
385,175,307,11.2675,0.00075693420980479
385,175,307,11.275,0.000645241555893164
385,175,307,11.2825,0.000905183320273609
385,175,307,11.29,0.000927008202023284
385,175,307,11.2975,0.00109547754824203
385,175,307,11.305,0.00126012961878005
385,175,307,11.3125,0.00155811664729357
385,175,307,11.32,0.00130661832536247
385,175,307,11.3275,0.000844521454821755
385,175,307,11.335,0.00136501128339787
385,175,307,11.3425,0.00104077657864137
385,175,307,11.35,0.0011797947919074
385,175,307,11.3575,0.00127616537157886
385,175,307,11.365,0.00131864657391096
385,175,307,11.3725,0.000740759270625477
385,175,307,11.38,0.0015073994739757
385,175,307,11.3875,0.00138859413528936
385,175,307,11.395,0.000897030624267093
385,175,307,11.4025,0.00124352841082531
385,175,307,11.41,0.00089559214141942
385,175,307,11.4175,0.00113091445760139
385,175,307,11.425,0.00158952010507331
385,175,307,11.4325,0.0014892459124897
385,175,307,11.44,0.00111066537998814
385,175,307,11.4475,0.00172502921004826
385,175,307,11.455,0.00166748642650932
385,175,307,11.4625,0.00128397631826948
385,175,307,11.47,0.000927962011909314
385,175,307,11.4775,0.0012813826781605
385,175,307,11.485,0.000808625909795639
385,175,307,11.4925,0.000857093316581649
385,175,307,11.5,0.00135146255620923
385,175,307,11.5075,0.00128663396464794
385,175,307,11.515,0.00136491246675907
385,175,307,11.5225,0.00150631359519389
385,175,307,11.53,0.00171532081506895
385,175,307,11.5375,0.00168603361495003
385,175,307,11.545,0.00180569032947367
385,175,307,11.5525,0.00190890718254928
385,175,307,11.56,0.00150648408618905
385,175,307,11.5675,0.00153103314772304
385,175,307,11.575,0.00147693743280625
385,175,307,11.5825,0.00137309398149329
385,175,307,11.59,0.0015340694635667
385,175,307,11.5975,0.00115794455961827
385,175,307,11.605,0.00102667811029467
385,175,307,11.6125,0.000794460231793963
385,175,307,11.62,0.00104354147953345
385,175,307,11.6275,0.000850420218424397
385,175,307,11.635,0.00153786803558075
385,175,307,11.6425,0.00112068355543694
385,175,307,11.65,0.00118853414074117
385,175,307,11.6575,0.00174054930815691
385,175,307,11.665,0.0018562338834435
385,175,307,11.6725,0.00129908756968594
385,175,307,11.68,0.001367472904176
385,175,307,11.6875,0.00100602838381542
385,175,307,11.695,0.00109288688190005
385,175,307,11.7025,0.00138648452535739
385,175,307,11.71,0.000964895139652081
385,175,307,11.7175,0.000505503454451279
385,175,307,11.725,0.00102602719395567
385,175,307,11.7325,0.000849881998207117
385,175,307,11.74,0.000371011644236795
385,175,307,11.7475,0.000570465420584309
385,175,307,11.755,0.00062142070207472
385,175,307,11.7625,0.000657740806530569
385,175,307,11.77,0.00107639640516788
385,175,307,11.7775,0.00141962173718345
385,175,307,11.785,0.0015150133804189
385,175,307,11.7925,0.00145012773737001
385,175,307,11.8,0.00144583017110707
385,175,307,11.8075,0.00162655795888926
385,175,307,11.815,0.00173339866866451
385,175,307,11.8225,0.00150484015118252
385,175,307,11.83,0.0022370672266961
385,175,307,11.8375,0.00169031968789247
385,175,307,11.845,0.00200618533569042
385,175,307,11.8525,0.00183234556839012
385,175,307,11.86,0.00150499340183243
385,175,307,11.8675,0.00172458146653809
385,175,307,11.875,0.00185140971425485
385,175,307,11.8825,0.00201422054237067
385,175,307,11.89,0.0015049381166716
385,175,307,11.8975,0.00157318013408908
385,175,307,11.905,0.00143585867041679
385,175,307,11.9125,0.00179976580108594
385,175,307,11.92,0.00133852905264426
385,175,307,11.9275,0.00128076991464027
385,175,307,11.935,0.0014764358801529
385,175,307,11.9425,0.00126557212809123
385,175,307,11.95,0.00102937577690384
385,175,307,11.9575,0.0011156371617307
385,175,307,11.965,0.000909703939204271
385,175,307,11.9725,0.000577346211424423
385,175,307,11.98,0.000323470169542546
385,175,307,11.9875,0.000709980432078957
385,175,307,11.995,0.000369836242989749
385,175,307,12.0025,0.000322895750754948
385,175,307,12.01,0.000345819549803071
385,175,307,12.0175,0.000522616319031056
385,175,307,12.025,0.000576497493010358
385,175,307,12.0325,0.000772934735879453
385,175,307,12.04,0.000546065909484845
385,175,307,12.0475,0.00120350415768562
385,175,307,12.055,0.0011084693522066
385,175,307,12.0625,0.00111387304612812
385,175,307,12.07,0.00116554028285838
385,175,307,12.0775,0.00128641860497821
385,175,307,12.085,0.00104012006243416
385,175,307,12.0925,0.00131390888983317
385,175,307,12.1,0.00128304333730422
385,175,307,12.1075,0.00103653881327178
385,175,307,12.115,0.0011628276578087
385,175,307,12.1225,0.00128165344787717
385,175,307,12.13,0.00111384611959886
385,175,307,12.1375,0.00137606562525422
385,175,307,12.145,0.00131926513272842
385,175,307,12.1525,0.00123600168779706
385,175,307,12.16,0.000970213136842935
385,175,307,12.1675,0.00156226757531892
385,175,307,12.175,0.00119623667808743
385,175,307,12.1825,0.00108313999963055
385,175,307,12.19,0.00108159817334175
385,175,307,12.1975,0.00126720554344348
385,175,307,12.205,0.00130873198736303
385,175,307,12.2125,0.00087509328386482
385,175,307,12.22,0.00106084096919844
385,175,307,12.2275,0.000615318797434394
385,175,307,12.235,0.000888903838797482
385,175,307,12.2425,0.00108403108450078
385,175,307,12.25,0.000895762610514775
385,175,307,12.2575,0.000815010290933346
385,175,307,12.265,0.000748783651323228
385,175,307,12.2725,0.00102135746635237
385,175,307,12.28,0.00173604905972631
385,175,307,12.2875,0.000799818468778199
385,175,307,12.295,0.001271109137543
385,175,307,12.3025,0.00104773430413964
385,175,307,12.31,0.00117238373470301
385,175,307,12.3175,0.00131880059514882
385,175,307,12.325,0.00159376108361679
385,175,307,12.3325,0.001098671370586
385,175,307,12.34,0.0014706066104252
385,175,307,12.3475,0.00153469997338024
385,175,307,12.355,0.00119795469072289
385,175,307,12.3625,0.000785056968640276
385,175,307,12.37,0.000999471781421664
385,175,307,12.3775,0.00114661669195153
385,175,307,12.385,0.00106591253754292
385,175,307,12.3925,0.000814707190739473
385,175,307,12.4,0.000452234722041559
385,175,307,12.4075,0.000536810429738968
385,175,307,12.415,0.000851038830847697
385,175,307,12.4225,0.000635970530606161
385,175,307,12.43,0.00128336122636176
385,175,307,12.4375,0.00119198222430881
385,175,307,12.445,0.00084745694934688
385,175,307,12.4525,0.000858521267840627
385,175,307,12.46,0.00100244076013793
385,175,307,12.4675,0.000384382019778197
385,175,307,12.475,0.000726517638155927
385,175,307,12.4825,0.000415963928247781
385,175,307,12.49,0.000604292324589012
385,175,307,12.4975,0.000194771242128435
385,175,307,12.505,0.000234097368927106
385,175,307,12.5125,0.000754128687159095
385,175,307,12.52,0.000697237624344004
385,175,307,12.5275,0.00088000475882136
385,175,307,12.535,0.000940906896887268
385,175,307,12.5425,0.00113242682390163
385,175,307,12.55,0.000930346376311597
385,175,307,12.5575,0.00125139448943275
385,175,307,12.565,0.00146155406653418
385,175,307,12.5725,0.00136559823262598
385,175,307,12.58,0.00152251180631877
385,175,307,12.5875,0.00137796556150476
385,175,307,12.595,0.00117124830398608
385,175,307,12.6025,0.00116283828951926
385,175,307,12.61,0.00195207180356904
385,175,307,12.6175,0.00185395536948408
385,175,307,12.625,0.00143649317617919
385,175,307,12.6325,0.00102413113361446
385,175,307,12.64,0.0013750110427151
385,175,307,12.6475,0.0009801404964169
385,175,307,12.655,0.00153934213411184
385,175,307,12.6625,0.00141000966926671
385,175,307,12.67,0.000817502190359522
385,175,307,12.6775,0.000819198360274671
385,175,307,12.685,0.000765326682373826
385,175,307,12.6925,0.000959308176634886
385,175,307,12.7,0.00127630977763854
385,175,307,12.7075,0.000983432228393873
385,175,307,12.715,0.000802906188902962
385,175,307,12.7225,0.000863448590786066
385,175,307,12.73,0.000241335842623988
385,175,307,12.7375,0.000362416829753463
385,175,307,12.745,0.000439472907920111
385,175,307,12.7525,0.000476158875490162
385,175,307,12.76,0.000287907455878468
385,175,307,12.7675,0.000627224041513533
385,175,307,12.775,0.000616286926066951
385,175,307,12.7825,0.00114349297232706
385,175,307,12.79,0.000613096455338894
385,175,307,12.7975,0.000993042541053058
385,175,307,12.805,0.00114893568900096
385,175,307,12.8125,0.000932646692937856
385,175,307,12.82,0.00080460538043905
385,175,307,12.8275,0.000997724172078698
385,175,307,12.835,0.00104632172385227
385,175,307,12.8425,0.00130766753624001
385,175,307,12.85,0.00109274274110583
385,175,307,12.8575,0.000979812646792709
385,175,307,12.865,0.00105286101092087
385,175,307,12.8725,0.00084297675747687
385,175,307,12.88,0.00124365643431259
385,175,307,12.8875,0.00118594574923212
385,175,307,12.895,0.00077599393158922
385,175,307,12.9025,0.00100837892391472
385,175,307,12.91,0.000787012562212408
385,175,307,12.9175,0.000675453828797997
385,175,307,12.925,0.000571001817232127
385,175,307,12.9325,0.000845348048593746
385,175,307,12.94,0.000649507156309587
385,175,307,12.9475,0.00106048346350199
385,175,307,12.955,0.000885824708562351
385,175,307,12.9625,0.000909896996691452
385,175,307,12.97,0.000873708796716931
385,175,307,12.9775,0.00107769708351139
385,175,307,12.985,0.000530603222135612
385,175,307,12.9925,0.000660689660539267
385,175,307,13,0.000504842581331665
385,175,307,13.0075,0.00031993315548527
385,175,307,13.015,0.000343011491738532
385,175,307,13.0225,0.000233068383641886
385,175,307,13.03,0.000444437285203263
385,175,307,13.0375,0.000478110706697472
385,175,307,13.045,0.000811034421474544
385,175,307,13.0525,0.000883661779831696
385,175,307,13.06,0.000808825294856258
385,175,307,13.0675,0.000633504136584094
385,175,307,13.075,0.000643999733910054
385,175,307,13.0825,0.00073834017432045
385,175,307,13.09,0.00105738715743817
385,175,307,13.0975,0.000652326242384663
385,175,307,13.105,0.000918632488635453
385,175,307,13.1125,0.000926887894559134
385,175,307,13.12,0.000885973742968217
385,175,307,13.1275,0.000756969654285194
385,175,307,13.135,0.00102318788647538
385,175,307,13.1425,0.000745022359847775
385,175,307,13.15,0.000710998480426339
385,175,307,13.1575,0.000534238724159666
385,175,307,13.165,0.00105323674941154
385,175,307,13.1725,0.00126057203799974
385,175,307,13.18,0.000980472249304173
385,175,307,13.1875,0.000706035724144856
385,175,307,13.195,0.00104886280974017
385,175,307,13.2025,0.00124073297488679
385,175,307,13.21,0.000710642435349792
385,175,307,13.2175,0.000706348335473198
385,175,307,13.225,0.000427539194842123
385,175,307,13.2325,0.000597487930285825
385,175,307,13.24,0.000551637586584005
385,175,307,13.2475,0.000541345565986617
385,175,307,13.255,0.000816168797112623
385,175,307,13.2625,0.000738998491778387
385,175,307,13.27,0.000806442839798042
385,175,307,13.2775,0.000752032051786916
385,175,307,13.285,0.00105143078022719
385,175,307,13.2925,0.00128708553260776
385,175,307,13.3,0.00104800856773189
385,175,307,13.3075,0.00108958218712238
385,175,307,13.315,0.00109670138405231
385,175,307,13.3225,0.00117461426155717
385,175,307,13.33,0.00149929417855148
385,175,307,13.3375,0.0011076103901904
385,175,307,13.345,0.00122984098774619
385,175,307,13.3525,0.00121611601811797
385,175,307,13.36,0.00121361554795708
385,175,307,13.3675,0.00132696323253345
385,175,307,13.375,0.000896111715718727
385,175,307,13.3825,0.000778666684669509
385,175,307,13.39,0.000997761092937073
385,175,307,13.3975,0.00111382811496665
385,175,307,13.405,0.000877140417115142
385,175,307,13.4125,0.000529330581539214
385,175,307,13.42,0.000778776454924018
385,175,307,13.4275,0.000958859241536621
385,175,307,13.435,0.000765041933086509
385,175,307,13.4425,0.000794148931515639
385,175,307,13.45,0.00101342891717872
385,175,307,13.4575,0.000750463472096902
385,175,307,13.465,0.000290425271427213
385,175,307,13.4725,0.000320243160051297
385,175,307,13.48,0.000354235059721315
385,175,307,13.4875,0.000651872168896937
385,175,307,13.495,0.000680018193752258
385,175,307,13.5025,0.00079547374916282
385,175,307,13.51,0.000726922223302598
385,175,307,13.5175,0.000438526995752225
385,175,307,13.525,0.000892960761430826
385,175,307,13.5325,0.000739064826049181
385,175,307,13.54,0.000795748534100884
385,175,307,13.5475,0.00133004739913269
385,175,307,13.555,0.00111894663143205
385,175,307,13.5625,0.000536964679652988
385,175,307,13.57,0.00116966927252703
385,175,307,13.5775,0.00152651801570538
385,175,307,13.585,0.000837613113782466
385,175,307,13.5925,0.00101940337707558
385,175,307,13.6,0.000620347533521424
385,175,307,13.6075,0.000578706952454984
385,175,307,13.615,0.000910191832218593
385,175,307,13.6225,0.000875945194079966
385,175,307,13.63,0.000973729069890716
385,175,307,13.6375,0.000888436034903117
385,175,307,13.645,0.00109393787028368
385,175,307,13.6525,0.00141324490901728
385,175,307,13.66,0.00134696087966652
385,175,307,13.6675,0.000873999619190329
385,175,307,13.675,0.00114289428716835
385,175,307,13.6825,0.00137120810774725
385,175,307,13.69,0.00144523412214835
385,175,307,13.6975,0.00143752300107771
385,175,307,13.705,0.0013381438360109
385,175,307,13.7125,0.000923721257736733
385,175,307,13.72,0.000937993425871645
385,175,307,13.7275,0.00113291847763283
385,175,307,13.735,0.00130507196073353
385,175,307,13.7425,0.000551254559442505
385,175,307,13.75,0.00057226724599991
385,175,307,13.7575,0.000662068935360652
385,175,307,13.765,0.000466331896749876
385,175,307,13.7725,0.000481973609787339
385,175,307,13.78,0.000615200706344437
385,175,307,13.7875,0.000524282064224841
385,175,307,13.795,0.000909799450917686
385,175,307,13.8025,0.000781714642719289
385,175,307,13.81,0.00074036332490194
385,175,307,13.8175,0.000782952640571035
385,175,307,13.825,0.00109547111744996
385,175,307,13.8325,0.0010144011679725
385,175,307,13.84,0.00106824150024459
385,175,307,13.8475,0.000959276667348253
385,175,307,13.855,0.000924807759081253
385,175,307,13.8625,0.000882011359732826
385,175,307,13.87,0.000950867895856014
385,175,307,13.8775,0.00117830539440628
385,175,307,13.885,0.00105623247826668
385,175,307,13.8925,0.000790791263484092
385,175,307,13.9,0.00073182127221756
385,175,307,13.9075,0.000788983997176853
385,175,307,13.915,0.000963360284719493
385,175,307,13.9225,0.00134654407521312
385,175,307,13.93,0.000830762825451764
385,175,307,13.9375,0.00124204658089623
385,175,307,13.945,0.00102275304802112
385,175,307,13.9525,0.00125375507481777
385,175,307,13.96,0.000562832483583982
385,175,307,13.9675,0.000911992899831713
385,175,307,13.975,0.000913328219638318
385,175,307,13.9825,0.000535723286369809
385,175,307,13.99,0.000599136579252459
385,175,307,13.9975,0.000855057368121113
385,175,307,14.005,0.000793090131052543
385,175,307,14.0125,0.00102783255191955
385,175,307,14.02,0.000550169704585034
385,175,307,14.0275,0.000843251355516329
385,175,307,14.035,0.00136411528887494
385,175,307,14.0425,0.000858373582917479
385,175,307,14.05,0.00151671899877272
385,175,307,14.0575,0.00145772330642583
385,175,307,14.065,0.00111064158064553
385,175,307,14.0725,0.000822611403300992
385,175,307,14.08,0.000905803753607061
385,175,307,14.0875,0.00153486554241218
385,175,307,14.095,0.00138892337577547
385,175,307,14.1025,0.00093767480403635
385,175,307,14.11,0.00135276534749516
385,175,307,14.1175,0.000945836221479602
385,175,307,14.125,0.000781815904971423
385,175,307,14.1325,0.000639431547804467
385,175,307,14.14,0.000303480805591646
385,175,307,14.1475,0.000441880318685751
385,175,307,14.155,0.000433001410638964
385,175,307,14.1625,0.000813072968467574
385,175,307,14.17,0.000666143202527286
385,175,307,14.1775,0.000881430723564027
385,175,307,14.185,0.000575250917908419
385,175,307,14.1925,0.000375286520724172
385,175,307,14.2,0.000755010273021714
385,175,307,14.2075,0.000825206032198693
385,175,307,14.215,0.00127361531095375
385,175,307,14.2225,0.000169219878142659
385,175,307,14.23,0.000719560385255497
385,175,307,14.2375,0.000214245339718005
385,175,307,14.245,0.000187621156810116
385,175,307,14.2525,0.000274375953113525
385,175,307,14.26,0.00062032295786843
385,175,307,14.2675,0.000374242889166838
385,175,307,14.275,0.000856654673051623
385,175,307,14.2825,0.000564793688627924
385,175,307,14.29,0.000849216107711326
385,175,307,14.2975,0.000970241177138313
385,175,307,14.305,0.000626660267535819
385,175,307,14.3125,0.000889405228885463
385,175,307,14.32,0.000947117945072712
385,175,307,14.3275,0.000638922773233723
385,175,307,14.335,0.000666278258984766
385,175,307,14.3425,0.000935247048365022
385,175,307,14.35,0.000609436748053489
385,175,307,14.3575,0.00108392140598812
385,175,307,14.365,0.00140582819224171
385,175,307,14.3725,0.000940485770586558
385,175,307,14.38,0.000830737380286896
385,175,307,14.3875,0.000918958120952204
385,175,307,14.395,0.00052332809145887
385,175,307,14.4025,0.00077783497073165
385,175,307,14.41,0.00077978379916918
385,175,307,14.4175,0.00102194947241783
385,175,307,14.425,0.000833942806559469
385,175,307,14.4325,0.000769930281291506
385,175,307,14.44,0.00085360005971444
385,175,307,14.4475,0.000484992617410384
385,175,307,14.455,0.000775947932951344
385,175,307,14.4625,0.000960429441464835
385,175,307,14.47,0.00102697706564643
385,175,307,14.4775,0.000871762458661456
385,175,307,14.485,0.000761170323964576
385,175,307,14.4925,0.000465379992899654
385,175,307,14.5,0.00101705594364277
385,175,307,14.5075,0.000213722653652418
385,175,307,14.515,0.000363999837908448
385,175,307,14.5225,0.000477283439977885
385,175,307,14.53,0.000388525204720873
385,175,307,14.5375,0.000312643408205121
385,175,307,14.545,8.44064764236607e-05
385,175,307,14.5525,0.000370165534379623
385,175,307,14.56,0.000987515495057706
385,175,307,14.5675,0.000363183661533945
385,175,307,14.575,0.000764683214406439
385,175,307,14.5825,0.000133610415535578
385,175,307,14.59,0.000274727983329199
385,175,307,14.5975,0.000735228307635875
385,175,307,14.605,0.000738273746511999
385,175,307,14.6125,0.000544577709755934
385,175,307,14.62,0.000941259252425316
385,175,307,14.6275,0.000653834584786498
385,175,307,14.635,0.00077930043592983
385,175,307,14.6425,0.00042360783714014
385,175,307,14.65,0.000561297777812465
385,175,307,14.6575,0.000266351665768901
385,175,307,14.665,0.000583130917081871
385,175,307,14.6725,0.000543717288457895
385,175,307,14.68,0.000856101838096008
385,175,307,14.6875,0.000669524806957601
385,175,307,14.695,0.00031218877686002
385,175,307,14.7025,0.000597118612842149
385,175,307,14.71,0.000272633296232838
385,175,307,14.7175,0.000812680318221329
385,175,307,14.725,0.000464031584859031
385,175,307,14.7325,0.000247682748790359
385,175,307,14.74,0.000342503775507313
385,175,307,14.7475,0.000492021423113177
385,175,307,14.755,0.000741521928127706
385,175,307,14.7625,0.000194561486658434
385,175,307,14.77,0.000299482596576524
385,175,307,14.7775,0.0009572745417814
385,175,307,14.785,0.000516465175480081
385,175,307,14.7925,0.000892313672640476
385,175,307,14.8,0.000619535524466902
385,175,307,14.8075,0.000842383674477799
385,175,307,14.815,0.000702811532057999
385,175,307,14.8225,0.000941577585421078
385,175,307,14.83,0.000655568524291627
385,175,307,14.8375,0.000664788992360257
385,175,307,14.845,0.000642934943789874
385,175,307,14.8525,0.00051805237506398
385,175,307,14.86,0.000592684179650465
385,175,307,14.8675,0.000443102554938685
385,175,307,14.875,0.000558622781698992
385,175,307,14.8825,0.000812604875603872
385,175,307,14.89,0.000773806292587777
385,175,307,14.8975,0.000740705532448948
385,175,307,14.905,0.000825267152148063
385,175,307,14.9125,0.000331215985654186
385,175,307,14.92,0.000293447325222355
385,175,307,14.9275,0.000318870829284507
385,175,307,14.935,0.000243423166039196
385,175,307,14.9425,0.000501797892707979
385,175,307,14.95,0.000303698111402613
385,175,307,14.9575,0.000624389516209644
385,175,307,14.965,0.000594318381317812
385,175,307,14.9725,0.000190733328173373
385,175,307,14.98,0.00078886085043268
385,175,307,14.9875,0.000520137266542124
385,175,307,14.995,0.000602787909578724
385,175,307,15.0025,0.000555827835769708
385,175,307,15.01,0.000214092048868025
385,175,307,15.0175,0.000656448463883465
385,175,307,15.025,0.000478337255472252
385,175,307,15.0325,0.000158492529192864
385,175,307,15.04,0.000816817984163237
385,175,307,15.0475,0.000986279123283176
385,175,307,15.055,0.000510779784115093
385,175,307,15.0625,0.000808516298654309
385,175,307,15.07,0.000817218101073412
385,175,307,15.0775,0.000947582130548395
385,175,307,15.085,0.000569333355418342
385,175,307,15.0925,0.000463208078786941
385,175,307,15.1,0.000329128199901706
385,175,307,15.1075,0.000797614426519285
385,175,307,15.115,0.000856123561381788
385,175,307,15.1225,0.000729539244000226
385,175,307,15.13,0.000606273693286816
385,175,307,15.1375,0.000641267568463392
385,175,307,15.145,0.000504451830444557
385,175,307,15.1525,0.000406640800286634
385,175,307,15.16,0.000736483182771704
385,175,307,15.1675,0.00047313550627811
385,175,307,15.175,0.000294138153602598
385,175,307,15.1825,0.000360804973541783
385,175,307,15.19,0.000290879096294299
385,175,307,15.1975,0.000637966364789919
385,175,307,15.205,0.000290094889194362
385,175,307,15.2125,0.000728741448500911
385,175,307,15.22,0.000826230016436591
385,175,307,15.2275,0.000718900749419571
385,175,307,15.235,0.00028936826254116
385,175,307,15.2425,0.000830802809617641
385,175,307,15.25,0.000742193080923351
385,175,307,15.2575,0.000429781796324903
385,175,307,15.265,0.000492098910746364
385,175,307,15.2725,0.00042682807156523
385,175,307,15.28,0.000539740266134866
385,175,307,15.2875,0.00040610091459943
385,175,307,15.295,0.000731921473076517
385,175,307,15.3025,0.000424545567431944
385,175,307,15.31,0.000406726945849657
385,175,307,15.3175,0.000440172917684254
385,175,307,15.325,0.000733511189480028
385,175,307,15.3325,0.000500396237195492
385,175,307,15.34,0.000217068034084531
385,175,307,15.3475,0.000551513984323718
385,175,307,15.355,0.000852324438798968
385,175,307,15.3625,0.000931682989140265
385,175,307,15.37,0.00109643818405505
385,175,307,15.3775,0.000658529246308383
385,175,307,15.385,0.000346738264801489
385,175,307,15.3925,0.000359530857368832
385,175,307,15.4,0.000444636935854368
385,175,307,15.4075,0.000522320647357699
385,175,307,15.415,0.000356173885574564
385,175,307,15.4225,0.000323337103384024
385,175,307,15.43,0.000503609259568228
385,175,307,15.4375,0.000846966661695092
385,175,307,15.445,0.000466656509495094
385,175,307,15.4525,0.000947863978935297
385,175,307,15.46,0.000664769172371541
385,175,307,15.4675,0.000533421407214635
385,175,307,15.475,0.00042747044027408
385,175,307,15.4825,0.000698929609714059
385,175,307,15.49,0.000748203852365205
385,175,307,15.4975,0.000121908373102051
385,175,307,15.505,0.000662376902109876
385,175,307,15.5125,0.000131717171485164
385,175,307,15.52,0.000766969686394026
385,175,307,15.5275,0.000490962104212581
385,175,307,15.535,0.000761700861235706
385,175,307,15.5425,0.00079989918770778
385,175,307,15.55,0.000581148760486229
385,175,307,15.5575,0.0003941533460855
385,175,307,15.565,0.000436748575378282
385,175,307,15.5725,0.000777296087038102
385,175,307,15.58,0.000776311127238807
385,175,307,15.5875,0.000688888025533443
385,175,307,15.595,0.000294106687586653
385,175,307,15.6025,0.00106434673235297
385,175,307,15.61,0.000800108587817571
385,175,307,15.6175,0.000509597960591871
385,175,307,15.625,0.000189759228438021
385,175,307,15.6325,0.000744800788913431
385,175,307,15.64,0.000514634587943689
385,175,307,15.6475,0.000247885750745555
385,175,307,15.655,0.000483820657035963
385,175,307,15.6625,0.000238279205352344
385,175,307,15.67,0.000314703061427325
385,175,307,15.6775,0.000284245270500083
385,175,307,15.685,0.000142773301372765
385,175,307,15.6925,0.000307964714618339
385,175,307,15.7,0.000451511274387628
385,175,307,15.7075,0.000675352429062282
385,175,307,15.715,0.000137727762511737
385,175,307,15.7225,0.00057944984551139
385,175,307,15.73,0.000359205793551512
385,175,307,15.7375,0.000244628910991682
385,175,307,15.745,0.000113327745183872
385,175,307,15.7525,0.000538636459503665
385,175,307,15.76,0.000226809850516932
385,175,307,15.7675,0.000280839179963727
385,175,307,15.775,0.000232202734035607
385,175,307,15.7825,0.000237692028954717
385,175,307,15.79,0.000327142575520925
385,175,307,15.7975,0.000304861365328135
385,175,307,15.805,0.000559832446159252
385,175,307,15.8125,0.000380273061113869
385,175,307,15.82,0.000543723595854595
385,175,307,15.8275,0.00087337229040377
385,175,307,15.835,0.000898215748050271
385,175,307,15.8425,0.000343641791865319
385,175,307,15.85,0.000579553454462394
385,175,307,15.8575,0.000579842109692007
385,175,307,15.865,0.000151173899015397
385,175,307,15.8725,0.000355301568233261
385,175,307,15.88,0.000384153788310224
385,175,307,15.8875,0.000358427841861023
385,175,307,15.895,0.000348093422356721
385,175,307,15.9025,0.000530759567795785
385,175,307,15.91,0.000278947633189175
385,175,307,15.9175,0.000254171262221878
385,175,307,15.925,0.000746582383180367
385,175,307,15.9325,0.000456589440567938
385,175,307,15.94,0.000580800542499031
385,175,307,15.9475,0.000723378116492577
385,175,307,15.955,0.000478971231844505
385,175,307,15.9625,0.000598392872058972
385,175,307,15.97,0.000312562055819324
385,175,307,15.9775,0.000545175357107963
385,175,307,15.985,0.000340134169312288
385,175,307,15.9925,0.000591862917935573
385,175,307,16,0.000266249821073787
385,175,306,4,0.00538481356246067
385,175,306,4.0075,0.004073042031023
385,175,306,4.015,0.00437489947013239
385,175,306,4.0225,0.00364903296375718
385,175,306,4.03,0.00349686246917956
385,175,306,4.0375,0.00342701704465045
385,175,306,4.045,0.00275221295548982
385,175,306,4.0525,0.00346403674437759
385,175,306,4.06,0.00275850183984603
385,175,306,4.0675,0.00326009867990992
385,175,306,4.075,0.00360943555855153
385,175,306,4.0825,0.00435867286396865
385,175,306,4.09,0.00487611935011059
385,175,306,4.0975,0.00521117482950897
385,175,306,4.105,0.00468493419712689
385,175,306,4.1125,0.00495296603335958
385,175,306,4.12,0.0053364571441646
385,175,306,4.1275,0.00454279877169818
385,175,306,4.135,0.00494000561787705
385,175,306,4.1425,0.00518785291059872
385,175,306,4.15,0.00464046088224566
385,175,306,4.1575,0.00514080123937054
385,175,306,4.165,0.00467362885073544
385,175,306,4.1725,0.00478914782228316
385,175,306,4.18,0.00450200155885783
385,175,306,4.1875,0.00474010894136511
385,175,306,4.195,0.00427780282678833
385,175,306,4.2025,0.00403561566583638
385,175,306,4.21,0.00353376957125198
385,175,306,4.2175,0.00385911541729458
385,175,306,4.225,0.00360512743593857
385,175,306,4.2325,0.00315471469197132
385,175,306,4.24,0.00304466047833966
385,175,306,4.2475,0.00296708791183936
385,175,306,4.255,0.00336578621423596
385,175,306,4.2625,0.00341617148069129
385,175,306,4.27,0.00297867804998579
385,175,306,4.2775,0.00358501225360027
385,175,306,4.285,0.0033425538433155
385,175,306,4.2925,0.00319671577643333
385,175,306,4.3,0.00348016852262552
385,175,306,4.3075,0.00348439649186339
385,175,306,4.315,0.00393416487427553
385,175,306,4.3225,0.00422546130596273
385,175,306,4.33,0.00365223014234085
385,175,306,4.3375,0.00399650120932137
385,175,306,4.345,0.00400705388869029
385,175,306,4.3525,0.00384891945048921
385,175,306,4.36,0.00424330881932063
385,175,306,4.3675,0.00416021505212084
385,175,306,4.375,0.00388538228710303
385,175,306,4.3825,0.00313280496930244
385,175,306,4.39,0.00341568213969551
385,175,306,4.3975,0.00309295178039066
385,175,306,4.405,0.00284246771194547
385,175,306,4.4125,0.0020314819142675
385,175,306,4.42,0.00188907932335589
385,175,306,4.4275,0.00139299924027097
385,175,306,4.435,0.00116733176433944
385,175,306,4.4425,0.000725834025270581
385,175,306,4.45,0.00123126269302842
385,175,306,4.4575,0.00113414266953521
385,175,306,4.465,0.00108611592735723
385,175,306,4.4725,0.00168418217057292
385,175,306,4.48,0.00163504547806253
385,175,306,4.4875,0.00155818525374867
385,175,306,4.495,0.00223342469148565
385,175,306,4.5025,0.00202333161807408
385,175,306,4.51,0.00245414713397098
385,175,306,4.5175,0.0029885989807188
385,175,306,4.525,0.00293040584461382
385,175,306,4.5325,0.00270074193470434
385,175,306,4.54,0.00289552718191353
385,175,306,4.5475,0.00223636742054779
385,175,306,4.555,0.00258191504311804
385,175,306,4.5625,0.00275238309843144
385,175,306,4.57,0.00293680936583144
385,175,306,4.5775,0.00264879168914342
385,175,306,4.585,0.00288348013614713
385,175,306,4.5925,0.00256149681127176
385,175,306,4.6,0.00265134355056296
385,175,306,4.6075,0.00255818695348311
385,175,306,4.615,0.00202724377461702
385,175,306,4.6225,0.0023770560662116
385,175,306,4.63,0.00203298609035272
385,175,306,4.6375,0.00243560436959219
385,175,306,4.645,0.00238959647068437
385,175,306,4.6525,0.00276332488517905
385,175,306,4.66,0.00205251547438033
385,175,306,4.6675,0.0025242976759155
385,175,306,4.675,0.00280560331341876
385,175,306,4.6825,0.00356949974780415
385,175,306,4.69,0.00288289412828929
385,175,306,4.6975,0.00272873439606514
385,175,306,4.705,0.00256817683176892
385,175,306,4.7125,0.00207908325115027
385,175,306,4.72,0.00273398491374305
385,175,306,4.7275,0.00230581825634809
385,175,306,4.735,0.00212016408944616
385,175,306,4.7425,0.00113235587789847
385,175,306,4.75,0.000977196358934949
385,175,306,4.7575,0.000553200256669477
385,175,306,4.765,0.000683195702643561
385,175,306,4.7725,0.000453204647609212
385,175,306,4.78,0.000100193257474587
385,175,306,4.7875,0.0011416965974232
385,175,306,4.795,0.00158927349308487
385,175,306,4.8025,0.00200668231821892
385,175,306,4.81,0.00179573328249581
385,175,306,4.8175,0.002221641005383
385,175,306,4.825,0.00288129188742256
385,175,306,4.8325,0.00249327160223603
385,175,306,4.84,0.00333377035119281
385,175,306,4.8475,0.00325319096460473
385,175,306,4.855,0.00324038654926826
385,175,306,4.8625,0.00277060922652274
385,175,306,4.87,0.00274923790846105
385,175,306,4.8775,0.00222994774608427
385,175,306,4.885,0.0025891433216042
385,175,306,4.8925,0.00227364007628015
385,175,306,4.9,0.00196703820154474
385,175,306,4.9075,0.0015935171078879
385,175,306,4.915,0.00140755937246793
385,175,306,4.9225,0.00107299236846859
385,175,306,4.93,0.00109371703045505
385,175,306,4.9375,0.000198566319016773
385,175,306,4.945,0.000790754831315035
385,175,306,4.9525,0.00126953214209811
385,175,306,4.96,0.000843381571690493
385,175,306,4.9675,0.00109361795365712
385,175,306,4.975,0.00154299687360163
385,175,306,4.9825,0.00103914208574377
385,175,306,4.99,0.000828684264873959
385,175,306,4.9975,0.000620589149611244
385,175,306,5.005,0.000781698681897624
385,175,306,5.0125,0.00146760127343845
385,175,306,5.02,0.00188572923811741
385,175,306,5.0275,0.00226048849923835
385,175,306,5.035,0.00257139559129142
385,175,306,5.0425,0.00302315539584791
385,175,306,5.05,0.00261011614020442
385,175,306,5.0575,0.00228507866337951
385,175,306,5.065,0.00218998448974919
385,175,306,5.0725,0.00216406395517954
385,175,306,5.08,0.00206439610639309
385,175,306,5.0875,0.00177033774188615
385,175,306,5.095,0.00167693137187732
385,175,306,5.1025,0.00179612319929965
385,175,306,5.11,0.00190163909215163
385,175,306,5.1175,0.0014323344503308
385,175,306,5.125,0.00175359574524207
385,175,306,5.1325,0.00117927175757416
385,175,306,5.14,0.000617484020321486
385,175,306,5.1475,0.000595521460503034
385,175,306,5.155,0.000630960021811231
385,175,306,5.1625,0.000417948522835262
385,175,306,5.17,0.000521064152324913
385,175,306,5.1775,0.000309091002066217
385,175,306,5.185,0.000986247066154311
385,175,306,5.1925,0.000560862784876313
385,175,306,5.2,0.000483574107362513
385,175,306,5.2075,0.00033136270739435
385,175,306,5.215,0.000296700387365055
385,175,306,5.2225,0.000777001176210248
385,175,306,5.23,0.0011018734814608
385,175,306,5.2375,0.00105807532905073
385,175,306,5.245,0.001735511508839
385,175,306,5.2525,0.00144055021957268
385,175,306,5.26,0.00172400745146796
385,175,306,5.2675,0.0020787055048961
385,175,306,5.275,0.00212170844268612
385,175,306,5.2825,0.00280150012842241
385,175,306,5.29,0.00268397135664549
385,175,306,5.2975,0.00276308089856433
385,175,306,5.305,0.00308584905010408
385,175,306,5.3125,0.00265774801602616
385,175,306,5.32,0.00198271864224781
385,175,306,5.3275,0.00145408512528146
385,175,306,5.335,0.00144408420295104
385,175,306,5.3425,0.00136893733024235
385,175,306,5.35,0.0019901825681073
385,175,306,5.3575,0.0015326295304482
385,175,306,5.365,0.00185586294632909
385,175,306,5.3725,0.0017420235479626
385,175,306,5.38,0.00185458192279585
385,175,306,5.3875,0.00178349992504495
385,175,306,5.395,0.0013342135606968
385,175,306,5.4025,0.00110814499954134
385,175,306,5.41,0.00139860225758815
385,175,306,5.4175,0.00138828622251762
385,175,306,5.425,0.00114739623340533
385,175,306,5.4325,0.00140208344401068
385,175,306,5.44,0.00118878648584524
385,175,306,5.4475,0.000553484759516538
385,175,306,5.455,0.00096183148003222
385,175,306,5.4625,0.000754152646797455
385,175,306,5.47,0.000758587630240161
385,175,306,5.4775,0.00118838122590592
385,175,306,5.485,0.00154404020432258
385,175,306,5.4925,0.00145064853608354
385,175,306,5.5,0.00132153941931557
385,175,306,5.5075,0.00173218866416629
385,175,306,5.515,0.00211629854966081
385,175,306,5.5225,0.00213480216952211
385,175,306,5.53,0.00169369877695499
385,175,306,5.5375,0.00166555052633513
385,175,306,5.545,0.00187220936680522
385,175,306,5.5525,0.00158335337253316
385,175,306,5.56,0.00184073289222644
385,175,306,5.5675,0.00198453252490607
385,175,306,5.575,0.00186993758662914
385,175,306,5.5825,0.00160314291917507
385,175,306,5.59,0.00194362507129536
385,175,306,5.5975,0.001976749737323
385,175,306,5.605,0.00205336497385226
385,175,306,5.6125,0.00192552450977717
385,175,306,5.62,0.0017898831587817
385,175,306,5.6275,0.00187365653858694
385,175,306,5.635,0.00238826363210936
385,175,306,5.6425,0.00169188322778456
385,175,306,5.65,0.0020524857267698
385,175,306,5.6575,0.00225725628073039
385,175,306,5.665,0.00138603919072704
385,175,306,5.6725,0.00142587965960251
385,175,306,5.68,0.00122330600336351
385,175,306,5.6875,0.00141896334157657
385,175,306,5.695,0.000994712203890597
385,175,306,5.7025,0.0005243210531449
385,175,306,5.71,0.000787823604970576
385,175,306,5.7175,0.000999471059623135
385,175,306,5.725,0.000845077012683515
385,175,306,5.7325,0.00111983933029628
385,175,306,5.74,0.000607475768801077
385,175,306,5.7475,0.00190273222441555
385,175,306,5.755,0.0019372431168604
385,175,306,5.7625,0.0017808121587537
385,175,306,5.77,0.00178198611796574
385,175,306,5.7775,0.00156888558618116
385,175,306,5.785,0.00137739541307818
385,175,306,5.7925,0.00157112213586776
385,175,306,5.8,0.00161086276453905
385,175,306,5.8075,0.0014250605862569
385,175,306,5.815,0.000835025542421196
385,175,306,5.8225,0.00106027610393967
385,175,306,5.83,0.0012221977245757
385,175,306,5.8375,0.00127705531136775
385,175,306,5.845,0.00148108029858263
385,175,306,5.8525,0.000838356379417528
385,175,306,5.86,0.00122273797747651
385,175,306,5.8675,0.00105454001773659
385,175,306,5.875,0.00137082032561472
385,175,306,5.8825,0.00132073588077704
385,175,306,5.89,0.000833878727844992
385,175,306,5.8975,0.00112262336758266
385,175,306,5.905,0.00084435023585831
385,175,306,5.9125,0.000390032975803206
385,175,306,5.92,0.000591920687289124
385,175,306,5.9275,0.000387361559267015
385,175,306,5.935,0.000566141172753182
385,175,306,5.9425,0.00137100679180348
385,175,306,5.95,0.00114632817970063
385,175,306,5.9575,0.0016514902358391
385,175,306,5.965,0.00180517764262041
385,175,306,5.9725,0.00206045521106515
385,175,306,5.98,0.00215897621800894
385,175,306,5.9875,0.00248915933922944
385,175,306,5.995,0.0021898620184312
385,175,306,6.0025,0.00242050661378974
385,175,306,6.01,0.00280846337342096
385,175,306,6.0175,0.00250235006266051
385,175,306,6.025,0.00226966889979499
385,175,306,6.0325,0.00233308051176775
385,175,306,6.04,0.00179570430653541
385,175,306,6.0475,0.00197656596395304
385,175,306,6.055,0.00168924038554206
385,175,306,6.0625,0.00113847638094801
385,175,306,6.07,0.00136757969426858
385,175,306,6.0775,0.000754994699043049
385,175,306,6.085,0.00163324481591952
385,175,306,6.0925,0.00140495297042351
385,175,306,6.1,0.00160102774587903
385,175,306,6.1075,0.00161630602298228
385,175,306,6.115,0.0016270166431862
385,175,306,6.1225,0.00194616000888045
385,175,306,6.13,0.00140062257206753
385,175,306,6.1375,0.00102840766589481
385,175,306,6.145,0.000779721853460869
385,175,306,6.1525,0.000863978686752636
385,175,306,6.16,0.000694587894265653
385,175,306,6.1675,0.000502623777497857
385,175,306,6.175,0.000583830476757931
385,175,306,6.1825,0.000647370977768461
385,175,306,6.19,0.000298194976067144
385,175,306,6.1975,0.000634353918743936
385,175,306,6.205,0.00096080853765375
385,175,306,6.2125,0.0011871165244816
385,175,306,6.22,0.00131608325690367
385,175,306,6.2275,0.00131138737886352
385,175,306,6.235,0.00161703292689431
385,175,306,6.2425,0.00148997572610382
385,175,306,6.25,0.00138209642305695
385,175,306,6.2575,0.00116159132007446
385,175,306,6.265,0.00152641335258086
385,175,306,6.2725,0.00168970341171004
385,175,306,6.28,0.00177196457086564
385,175,306,6.2875,0.00161967124505084
385,175,306,6.295,0.00146821375972413
385,175,306,6.3025,0.00133026877515886
385,175,306,6.31,0.00168657040177166
385,175,306,6.3175,0.00132614447188856
385,175,306,6.325,0.00180359222993694
385,175,306,6.3325,0.0021513867569829
385,175,306,6.34,0.00197405693068862
385,175,306,6.3475,0.0021252104366442
385,175,306,6.355,0.00181920108654931
385,175,306,6.3625,0.00185906681706776
385,175,306,6.37,0.00201511445523533
385,175,306,6.3775,0.00219582735216074
385,175,306,6.385,0.00137585585414789
385,175,306,6.3925,0.00172205497441671
385,175,306,6.4,0.00130807358824712
385,175,306,6.4075,0.00135378630757313
385,175,306,6.415,0.00139213795066058
385,175,306,6.4225,0.00120525441859389
385,175,306,6.43,0.00109650584270889
385,175,306,6.4375,0.00108752905211318
385,175,306,6.445,0.000659655928227178
385,175,306,6.4525,0.000269821172984915
385,175,306,6.46,0.00146998370568218
385,175,306,6.4675,0.00098875544497634
385,175,306,6.475,0.00144586122611432
385,175,306,6.4825,0.00160801067917371
385,175,306,6.49,0.00161694850298454
385,175,306,6.4975,0.00196825073327877
385,175,306,6.505,0.00131420864672506
385,175,306,6.5125,0.00140782124323061
385,175,306,6.52,0.00156618516637861
385,175,306,6.5275,0.00175857927084072
385,175,306,6.535,0.00170137201945807
385,175,306,6.5425,0.00198543129447628
385,175,306,6.55,0.00174094565293782
385,175,306,6.5575,0.00222092296866976
385,175,306,6.565,0.00171279216304787
385,175,306,6.5725,0.00195088934222024
385,175,306,6.58,0.00239203450424284
385,175,306,6.5875,0.00206854123373725
385,175,306,6.595,0.0017138948094744
385,175,306,6.6025,0.00220265052129816
385,175,306,6.61,0.00135117162990702
385,175,306,6.6175,0.0014820575431761
385,175,306,6.625,0.00175036551595354
385,175,306,6.6325,0.000796639355505051
385,175,306,6.64,0.000869492673368407
385,175,306,6.6475,0.00116532214632212
385,175,306,6.655,0.00111113312842544
385,175,306,6.6625,0.0014654803509141
385,175,306,6.67,0.00115095545467089
385,175,306,6.6775,0.00133134212539475
385,175,306,6.685,0.00175487241951524
385,175,306,6.6925,0.000980244059964926
385,175,306,6.7,0.00199983339867875
385,175,306,6.7075,0.00193229679632398
385,175,306,6.715,0.00163140010954301
385,175,306,6.7225,0.00284861784095324
385,175,306,6.73,0.00230168873129575
385,175,306,6.7375,0.00170927015782082
385,175,306,6.745,0.00281704552475624
385,175,306,6.7525,0.00305242571444245
385,175,306,6.76,0.0025161469990061
385,175,306,6.7675,0.00212902634210404
385,175,306,6.775,0.00234597328473154
385,175,306,6.7825,0.00228065928178587
385,175,306,6.79,0.00230939334659153
385,175,306,6.7975,0.00227387209364467
385,175,306,6.805,0.00170391265663147
385,175,306,6.8125,0.00237709998842683
385,175,306,6.82,0.00220735937174495
385,175,306,6.8275,0.00232453326869908
385,175,306,6.835,0.00176208603004004
385,175,306,6.8425,0.00206647693610795
385,175,306,6.85,0.00230552993015212
385,175,306,6.8575,0.00225103663146096
385,175,306,6.865,0.00223589629366075
385,175,306,6.8725,0.00263276741729128
385,175,306,6.88,0.0024980969005349
385,175,306,6.8875,0.00223086230801492
385,175,306,6.895,0.00231207760641407
385,175,306,6.9025,0.00181877463927783
385,175,306,6.91,0.00182575523044097
385,175,306,6.9175,0.00187453337127539
385,175,306,6.925,0.00225305813234257
385,175,306,6.9325,0.00193258306010157
385,175,306,6.94,0.00154460605394333
385,175,306,6.9475,0.00183084324588625
385,175,306,6.955,0.0013042769017699
385,175,306,6.9625,0.00108594806338611
385,175,306,6.97,0.00144233638656607
385,175,306,6.9775,0.000918366329936378
385,175,306,6.985,0.00202103079521832
385,175,306,6.9925,0.00167490294990019
385,175,306,7,0.00222213146560759
385,175,306,7.0075,0.00176936700057214
385,175,306,7.015,0.00209725417741134
385,175,306,7.0225,0.0026573897140163
385,175,306,7.03,0.00229579156163949
385,175,306,7.0375,0.00300235557598187
385,175,306,7.045,0.00230024336692848
385,175,306,7.0525,0.00271067593069949
385,175,306,7.06,0.00222972263465081
385,175,306,7.0675,0.00243114789466162
385,175,306,7.075,0.00263187951411982
385,175,306,7.0825,0.00246295946533561
385,175,306,7.09,0.00310515685869703
385,175,306,7.0975,0.00242212561336771
385,175,306,7.105,0.002528648010786
385,175,306,7.1125,0.00226330246243495
385,175,306,7.12,0.00244960516919967
385,175,306,7.1275,0.00245440222834967
385,175,306,7.135,0.00316867309283047
385,175,306,7.1425,0.00254825514532717
385,175,306,7.15,0.00258664265818053
385,175,306,7.1575,0.00259490364566302
385,175,306,7.165,0.00200673024485557
385,175,306,7.1725,0.00217339762628938
385,175,306,7.18,0.00192462457535848
385,175,306,7.1875,0.00165372167341439
385,175,306,7.195,0.00183256544085933
385,175,306,7.2025,0.0016905184080403
385,175,306,7.21,0.00154372587805753
385,175,306,7.2175,0.00227227351007584
385,175,306,7.225,0.00249019926025728
385,175,306,7.2325,0.00265913821632167
385,175,306,7.24,0.00296260613256614
385,175,306,7.2475,0.00221842715244578
385,175,306,7.255,0.00262396224634361
385,175,306,7.2625,0.00234685419439455
385,175,306,7.27,0.0025663288333766
385,175,306,7.2775,0.00319520261600132
385,175,306,7.285,0.0027665773938835
385,175,306,7.2925,0.00213575201729354
385,175,306,7.3,0.00227770582404359
385,175,306,7.3075,0.00247264231087539
385,175,306,7.315,0.00278129769918387
385,175,306,7.3225,0.00211374342554762
385,175,306,7.33,0.00230790398315954
385,175,306,7.3375,0.00197146892847705
385,175,306,7.345,0.0014087010690878
385,175,306,7.3525,0.00176011181019105
385,175,306,7.36,0.00193152180165818
385,175,306,7.3675,0.00177788078646383
385,175,306,7.375,0.00207317951967883
385,175,306,7.3825,0.00229544606482964
385,175,306,7.39,0.00268041326411367
385,175,306,7.3975,0.00232527543991355
385,175,306,7.405,0.00256472481935145
385,175,306,7.4125,0.00219692241732004
385,175,306,7.42,0.00244636775098581
385,175,306,7.4275,0.00241534538810143
385,175,306,7.435,0.0026076722184346
385,175,306,7.4425,0.00231896060300463
385,175,306,7.45,0.00238275152457571
385,175,306,7.4575,0.00216820865374519
385,175,306,7.465,0.00219736140815182
385,175,306,7.4725,0.00255304463392233
385,175,306,7.48,0.00239068491163356
385,175,306,7.4875,0.00253790729907451
385,175,306,7.495,0.00257576012657322
385,175,306,7.5025,0.00219716250665968
385,175,306,7.51,0.00275160731520539
385,175,306,7.5175,0.00310048529251666
385,175,306,7.525,0.00274030953350431
385,175,306,7.5325,0.0031409466939956
385,175,306,7.54,0.0026461383538227
385,175,306,7.5475,0.00240560772364032
385,175,306,7.555,0.00294647961227582
385,175,306,7.5625,0.00212299014451848
385,175,306,7.57,0.00210363007795213
385,175,306,7.5775,0.00209898581315297
385,175,306,7.585,0.00237729964239601
385,175,306,7.5925,0.00256540345678428
385,175,306,7.6,0.00201758170460931
385,175,306,7.6075,0.002820037359747
385,175,306,7.615,0.00276751087063289
385,175,306,7.6225,0.00292825908306403
385,175,306,7.63,0.00349845017161837
385,175,306,7.6375,0.00293769115159291
385,175,306,7.645,0.00288943064206668
385,175,306,7.6525,0.00292002836269764
385,175,306,7.66,0.0032125209733916
385,175,306,7.6675,0.00308910513937046
385,175,306,7.675,0.00272326335253437
385,175,306,7.6825,0.00191088283570312
385,175,306,7.69,0.00159927413384157
385,175,306,7.6975,0.00122565893007675
385,175,306,7.705,0.00122052869690364
385,175,306,7.7125,0.0014073418403141
385,175,306,7.72,0.00104587612948146
385,175,306,7.7275,0.00153929633770246
385,175,306,7.735,0.00101112064761306
385,175,306,7.7425,0.00173682350202148
385,175,306,7.75,0.00154710498733812
385,175,306,7.7575,0.00145995917330035
385,175,306,7.765,0.00270880715929691
385,175,306,7.7725,0.00260947844773553
385,175,306,7.78,0.00273774123506793
385,175,306,7.7875,0.00278869849217607
385,175,306,7.795,0.00284685403892481
385,175,306,7.8025,0.00275192257122326
385,175,306,7.81,0.00298023151403142
385,175,306,7.8175,0.00251750518289181
385,175,306,7.825,0.00296895524095677
385,175,306,7.8325,0.00284794514952699
385,175,306,7.84,0.00285074445036354
385,175,306,7.8475,0.00314933913987997
385,175,306,7.855,0.00243958515260138
385,175,306,7.8625,0.0023970985976976
385,175,306,7.87,0.0029837225218556
385,175,306,7.8775,0.00300963918483996
385,175,306,7.885,0.00312493169645319
385,175,306,7.8925,0.00297903116633568
385,175,306,7.9,0.00317460932984918
385,175,306,7.9075,0.00282183792830177
385,175,306,7.915,0.00274088490483679
385,175,306,7.9225,0.0019610607857765
385,175,306,7.93,0.00223792167357254
385,175,306,7.9375,0.00185285678585875
385,175,306,7.945,0.00170160537632708
385,175,306,7.9525,0.00175994640108899
385,175,306,7.96,0.00207785613285932
385,175,306,7.9675,0.00259894631229842
385,175,306,7.975,0.00261406717908693
385,175,306,7.9825,0.0026395488155108
385,175,306,7.99,0.00306601916849195
385,175,306,7.9975,0.0026632071677224
385,175,306,8.005,0.00298560545037638
385,175,306,8.0125,0.00268375465071829
385,175,306,8.02,0.00323579182704456
385,175,306,8.0275,0.00284103080155097
385,175,306,8.035,0.00261322146215688
385,175,306,8.0425,0.0025767263242348
385,175,306,8.05,0.0020892657862131
385,175,306,8.0575,0.00213918885761932
385,175,306,8.065,0.00207240908913823
385,175,306,8.0725,0.00189768076308856
385,175,306,8.08,0.00194895415274115
385,175,306,8.0875,0.00247344460364298
385,175,306,8.095,0.00139461492276387
385,175,306,8.1025,0.00229749853812053
385,175,306,8.11,0.00215961374662961
385,175,306,8.1175,0.00231564560153848
385,175,306,8.125,0.00210936882911904
385,175,306,8.1325,0.00221759912084039
385,175,306,8.14,0.00276197790648913
385,175,306,8.1475,0.00255307540316601
385,175,306,8.155,0.00238157953735238
385,175,306,8.1625,0.00281619976754453
385,175,306,8.17,0.00304116770174806
385,175,306,8.1775,0.00274379165941219
385,175,306,8.185,0.00272915774455473
385,175,306,8.1925,0.0026506293468746
385,175,306,8.2,0.00276620633133893
385,175,306,8.2075,0.00266159820511701
385,175,306,8.215,0.00270653189737607
385,175,306,8.2225,0.00255722891653036
385,175,306,8.23,0.00241000032479911
385,175,306,8.2375,0.00326249196843706
385,175,306,8.245,0.00271242986967915
385,175,306,8.2525,0.00280971231024364
385,175,306,8.26,0.00279905289040224
385,175,306,8.2675,0.00247657293186537
385,175,306,8.275,0.00322960297510595
385,175,306,8.2825,0.00248798188000077
385,175,306,8.29,0.00276797954249559
385,175,306,8.2975,0.00267904163358764
385,175,306,8.305,0.00294792924046824
385,175,306,8.3125,0.00286118494513686
385,175,306,8.32,0.00296895585768571
385,175,306,8.3275,0.00257857580839158
385,175,306,8.335,0.00275588976850862
385,175,306,8.3425,0.00255095334342346
385,175,306,8.35,0.00331659947954879
385,175,306,8.3575,0.00293128966741163
385,175,306,8.365,0.00324624453868617
385,175,306,8.3725,0.00314253054877564
385,175,306,8.38,0.00343184229770627
385,175,306,8.3875,0.00317346088760152
385,175,306,8.395,0.00309837518422879
385,175,306,8.4025,0.0033447053267178
385,175,306,8.41,0.00342201395861798
385,175,306,8.4175,0.00297711461453522
385,175,306,8.425,0.00282280281748084
385,175,306,8.4325,0.00239291279182833
385,175,306,8.44,0.00176191304589846
385,175,306,8.4475,0.00158617221861788
385,175,306,8.455,0.00113345449874913
385,175,306,8.4625,0.000538197516895888
385,175,306,8.47,0.0010549462233688
385,175,306,8.4775,0.00149530462411221
385,175,306,8.485,0.00174227371535511
385,175,306,8.4925,0.00187542179016461
385,175,306,8.5,0.00233969471699772
385,175,306,8.5075,0.00256222010167127
385,175,306,8.515,0.00264295802266474
385,175,306,8.5225,0.00291473834256382
385,175,306,8.53,0.00339153511510685
385,175,306,8.5375,0.0032883581537834
385,175,306,8.545,0.00305720079747058
385,175,306,8.5525,0.00291575333057092
385,175,306,8.56,0.00295786000343808
385,175,306,8.5675,0.00295457182784957
385,175,306,8.575,0.0024563438899733
385,175,306,8.5825,0.00215596259754695
385,175,306,8.59,0.00189709613960597
385,175,306,8.5975,0.00230855405595003
385,175,306,8.605,0.00224371005301077
385,175,306,8.6125,0.00250993745350973
385,175,306,8.62,0.00259777223175986
385,175,306,8.6275,0.00256315472782238
385,175,306,8.635,0.00273597426287669
385,175,306,8.6425,0.00249176036330655
385,175,306,8.65,0.00278213571104375
385,175,306,8.6575,0.00297331092713939
385,175,306,8.665,0.00241588124804576
385,175,306,8.6725,0.00242718824504646
385,175,306,8.68,0.00236832821716696
385,175,306,8.6875,0.00227458234943708
385,175,306,8.695,0.00241725734398397
385,175,306,8.7025,0.00210935532739548
385,175,306,8.71,0.00247463325335763
385,175,306,8.7175,0.00180208582880618
385,175,306,8.725,0.00171670101025221
385,175,306,8.7325,0.00240286932425241
385,175,306,8.74,0.00178693202266143
385,175,306,8.7475,0.00180470214150055
385,175,306,8.755,0.00248684074832794
385,175,306,8.7625,0.00230625992429277
385,175,306,8.77,0.00319926597531659
385,175,306,8.7775,0.00188075973199142
385,175,306,8.785,0.00239689389297788
385,175,306,8.7925,0.00237606170462236
385,175,306,8.8,0.00158055056390998
385,175,306,8.8075,0.00206486361869849
385,175,306,8.815,0.00192788321807313
385,175,306,8.8225,0.00136955518732036
385,175,306,8.83,0.0013567522948308
385,175,306,8.8375,0.00162411264103124
385,175,306,8.845,0.00134647629814352
385,175,306,8.8525,0.00160102513170509
385,175,306,8.86,0.00158550801669858
385,175,306,8.8675,0.00248948519767343
385,175,306,8.875,0.00264785630322981
385,175,306,8.8825,0.00290188470136723
385,175,306,8.89,0.0031825172928903
385,175,306,8.8975,0.00291885615513765
385,175,306,8.905,0.00304675544393972
385,175,306,8.9125,0.00280509781608705
385,175,306,8.92,0.00270431645469344
385,175,306,8.9275,0.00242259798428529
385,175,306,8.935,0.00231105736544214
385,175,306,8.9425,0.00200971421785862
385,175,306,8.95,0.0018508530848992
385,175,306,8.9575,0.00194327138297619
385,175,306,8.965,0.00168678519090869
385,175,306,8.9725,0.00222507002063469
385,175,306,8.98,0.00237979821041058
385,175,306,8.9875,0.00232833499229999
385,175,306,8.995,0.00213920150172697
385,175,306,9.0025,0.00229760488504618
385,175,306,9.01,0.00268908155475098
385,175,306,9.0175,0.00260572760655236
385,175,306,9.025,0.00280577633386006
385,175,306,9.0325,0.00252255138361768
385,175,306,9.04,0.00304599808483663
385,175,306,9.0475,0.0022815711866459
385,175,306,9.055,0.00279253338499891
385,175,306,9.0625,0.0028420356005442
385,175,306,9.07,0.00228827493029313
385,175,306,9.0775,0.00161711653963408
385,175,306,9.085,0.0021833804475029
385,175,306,9.0925,0.00193408510948419
385,175,306,9.1,0.00183148310414819
385,175,306,9.1075,0.00203228749664242
385,175,306,9.115,0.0020258384902484
385,175,306,9.1225,0.00218052445544901
385,175,306,9.13,0.00199112120937596
385,175,306,9.1375,0.00211627942238886
385,175,306,9.145,0.00211291725969757
385,175,306,9.1525,0.00252508186219798
385,175,306,9.16,0.00242543521759828
385,175,306,9.1675,0.00238664104437753
385,175,306,9.175,0.00207538878841678
385,175,306,9.1825,0.00120937676454269
385,175,306,9.19,0.00120269897412668
385,175,306,9.1975,0.000751911072147941
385,175,306,9.205,0.000554412902279596
385,175,306,9.2125,0.000963795446137646
385,175,306,9.22,0.00118841261198696
385,175,306,9.2275,0.00149205987835466
385,175,306,9.235,0.00175918448496073
385,175,306,9.2425,0.00228315552527053
385,175,306,9.25,0.00206582254777566
385,175,306,9.2575,0.00267896094096124
385,175,306,9.265,0.00261052397613312
385,175,306,9.2725,0.00294502875023768
385,175,306,9.28,0.00277371975784492
385,175,306,9.2875,0.00292663326252121
385,175,306,9.295,0.00281112461087296
385,175,306,9.3025,0.00262298345242046
385,175,306,9.31,0.00305180064342209
385,175,306,9.3175,0.00259508951957006
385,175,306,9.325,0.0022811243395144
385,175,306,9.3325,0.00213410530329192
385,175,306,9.34,0.00238748575474142
385,175,306,9.3475,0.0016836215945358
385,175,306,9.355,0.00232826686570097
385,175,306,9.3625,0.00206671202047705
385,175,306,9.37,0.0018535144076871
385,175,306,9.3775,0.00190355823841861
385,175,306,9.385,0.00207346635397193
385,175,306,9.3925,0.00208252139760994
385,175,306,9.4,0.00160696626738301
385,175,306,9.4075,0.00225824131410064
385,175,306,9.415,0.00225568020066938
385,175,306,9.4225,0.00242553172740441
385,175,306,9.43,0.00269397098051523
385,175,306,9.4375,0.00212126481213421
385,175,306,9.445,0.00195078605632205
385,175,306,9.4525,0.002004340914069
385,175,306,9.46,0.00154932204049625
385,175,306,9.4675,0.00192171520875725
385,175,306,9.475,0.0017326819426142
385,175,306,9.4825,0.00167191026811175
385,175,306,9.49,0.0020368641121438
385,175,306,9.4975,0.00189534291831564
385,175,306,9.505,0.00220995518155945
385,175,306,9.5125,0.00213718470067706
385,175,306,9.52,0.0021511353166139
385,175,306,9.5275,0.00218398357371196
385,175,306,9.535,0.00175124593638183
385,175,306,9.5425,0.00168370657701522
385,175,306,9.55,0.00136185246447662
385,175,306,9.5575,0.0015678236633938
385,175,306,9.565,0.00188548256066805
385,175,306,9.5725,0.00134085255497897
385,175,306,9.58,0.000914310543005275
385,175,306,9.5875,0.000930433046699527
385,175,306,9.595,0.00130792119660862
385,175,306,9.6025,0.00120233497769977
385,175,306,9.61,0.00191346319163185
385,175,306,9.6175,0.00199480753266443
385,175,306,9.625,0.00178957755418454
385,175,306,9.6325,0.00188159198505201
385,175,306,9.64,0.00182931691942411
385,175,306,9.6475,0.00232546352608458
385,175,306,9.655,0.00240947756425282
385,175,306,9.6625,0.00208577243276803
385,175,306,9.67,0.00220058554700237
385,175,306,9.6775,0.00240927716734358
385,175,306,9.685,0.00226472380834145
385,175,306,9.6925,0.00236664313405615
385,175,306,9.7,0.00168756270498454
385,175,306,9.7075,0.00114806036447784
385,175,306,9.715,0.00122531269954574
385,175,306,9.7225,0.00141823660021189
385,175,306,9.73,0.00119320055852252
385,175,306,9.7375,0.00204154255315037
385,175,306,9.745,0.00192399311493
385,175,306,9.7525,0.00196650437525227
385,175,306,9.76,0.00247133738989822
385,175,306,9.7675,0.00251993759318922
385,175,306,9.775,0.00269052852358927
385,175,306,9.7825,0.00282589333432581
385,175,306,9.79,0.00266786909872033
385,175,306,9.7975,0.0025638728949467
385,175,306,9.805,0.00250578498459162
385,175,306,9.8125,0.00300679412752852
385,175,306,9.82,0.00262794143914785
385,175,306,9.8275,0.00258966348292324
385,175,306,9.835,0.00219772739495876
385,175,306,9.8425,0.00169254145393318
385,175,306,9.85,0.00203063693751712
385,175,306,9.8575,0.00170553104746863
385,175,306,9.865,0.00200763491702719
385,175,306,9.8725,0.00190862541105823
385,175,306,9.88,0.0018551419509051
385,175,306,9.8875,0.0025286833654094
385,175,306,9.895,0.00223462717351128
385,175,306,9.9025,0.00213159036564158
385,175,306,9.91,0.00171530403208536
385,175,306,9.9175,0.00178950204750903
385,175,306,9.925,0.00116719580101676
385,175,306,9.9325,0.00127837620436881
385,175,306,9.94,0.00101615247254736
385,175,306,9.9475,0.000792242275127435
385,175,306,9.955,0.00155512817459597
385,175,306,9.9625,0.00122459220305605
385,175,306,9.97,0.00158879358732749
385,175,306,9.9775,0.00170186355520512
385,175,306,9.985,0.00170941390840285
385,175,306,9.9925,0.00226026604356401
385,175,306,10,0.00264288879763132
385,175,306,10.0075,0.00295310028055039
385,175,306,10.015,0.00296949401917535
385,175,306,10.0225,0.00331912088629128
385,175,306,10.03,0.00308811625497092
385,175,306,10.0375,0.00311340598800191
385,175,306,10.045,0.00273446316076931
385,175,306,10.0525,0.00285016758222576
385,175,306,10.06,0.00270575774663359
385,175,306,10.0675,0.00263067559349799
385,175,306,10.075,0.0022272750347192
385,175,306,10.0825,0.00217702386205151
385,175,306,10.09,0.00245760045342126
385,175,306,10.0975,0.001499756865731
385,175,306,10.105,0.00191591643486977
385,175,306,10.1125,0.00185546019324318
385,175,306,10.12,0.00195319446328312
385,175,306,10.1275,0.00189451871416787
385,175,306,10.135,0.00187867893614369
385,175,306,10.1425,0.00225327528779537
385,175,306,10.15,0.00263591142482316
385,175,306,10.1575,0.00268600235552479
385,175,306,10.165,0.00233620639430154
385,175,306,10.1725,0.00203195564126539
385,175,306,10.18,0.00159374108454863
385,175,306,10.1875,0.00199317577202941
385,175,306,10.195,0.00156691502343833
385,175,306,10.2025,0.0015086201735997
385,175,306,10.21,0.00119824238207261
385,175,306,10.2175,0.000732270208711594
385,175,306,10.225,0.00175266057564596
385,175,306,10.2325,0.000854071267228724
385,175,306,10.24,0.00125539176534859
385,175,306,10.2475,0.00142337154236597
385,175,306,10.255,0.00166794923940297
385,175,306,10.2625,0.00166661134039074
385,175,306,10.27,0.00141968206975497
385,175,306,10.2775,0.00167138137494855
385,175,306,10.285,0.00185870998030014
385,175,306,10.2925,0.00156771710618298
385,175,306,10.3,0.00117072860289434
385,175,306,10.3075,0.00163072825106433
385,175,306,10.315,0.00145262656888005
385,175,306,10.3225,0.00159221672103679
385,175,306,10.33,0.00114803837419587
385,175,306,10.3375,0.00120390170265627
385,175,306,10.345,0.00123728244870673
385,175,306,10.3525,0.00181118619426723
385,175,306,10.36,0.00139254724982676
385,175,306,10.3675,0.001876552204941
385,175,306,10.375,0.00146720272723859
385,175,306,10.3825,0.00157170438089613
385,175,306,10.39,0.00181115522581157
385,175,306,10.3975,0.0015835670448782
385,175,306,10.405,0.00212305733875788
385,175,306,10.4125,0.00186403201280056
385,175,306,10.42,0.00146638604206971
385,175,306,10.4275,0.00139380728361931
385,175,306,10.435,0.00123463610770338
385,175,306,10.4425,0.00121179622126148
385,175,306,10.45,0.00123154162237848
385,175,306,10.4575,0.000684525260461959
385,175,306,10.465,0.00130968330194728
385,175,306,10.4725,0.000945522918809624
385,175,306,10.48,0.000782562391419145
385,175,306,10.4875,0.00117799164087884
385,175,306,10.495,0.00102706654471801
385,175,306,10.5025,0.00182803335663406
385,175,306,10.51,0.0019654651796393
385,175,306,10.5175,0.0017891100548003
385,175,306,10.525,0.00193042620868656
385,175,306,10.5325,0.00192443635752218
385,175,306,10.54,0.00179624696872116
385,175,306,10.5475,0.00183445929063557
385,175,306,10.555,0.00218559128625448
385,175,306,10.5625,0.00164508827490991
385,175,306,10.57,0.00169257658669368
385,175,306,10.5775,0.00164959671311105
385,175,306,10.585,0.00154621721243104
385,175,306,10.5925,0.00150942367611741
385,175,306,10.6,0.00149665293812738
385,175,306,10.6075,0.00202750574615628
385,175,306,10.615,0.00137644373772124
385,175,306,10.6225,0.00109598216596165
385,175,306,10.63,0.000913895938870659
385,175,306,10.6375,0.000832860798975727
385,175,306,10.645,0.000753396506397439
385,175,306,10.6525,0.000345186388392375
385,175,306,10.66,0.000416802617771178
385,175,306,10.6675,0.00027771570597819
385,175,306,10.675,0.000603699384750324
385,175,306,10.6825,0.000526868856102338
385,175,306,10.69,0.000835381037957723
385,175,306,10.6975,0.000992677988644991
385,175,306,10.705,0.000733872013721905
385,175,306,10.7125,0.00112850097830535
385,175,306,10.72,0.000811902239418974
385,175,306,10.7275,0.00104275977360432
385,175,306,10.735,0.00132148307951954
385,175,306,10.7425,0.00107956143015107
385,175,306,10.75,0.00160141201680453
385,175,306,10.7575,0.00179595695846174
385,175,306,10.765,0.00153087357844033
385,175,306,10.7725,0.00180377135143873
385,175,306,10.78,0.00172241681198376
385,175,306,10.7875,0.00167395283841421
385,175,306,10.795,0.00194000565640058
385,175,306,10.8025,0.00189976530224534
385,175,306,10.81,0.00157039111909368
385,175,306,10.8175,0.00155053223073386
385,175,306,10.825,0.00159696815702927
385,175,306,10.8325,0.00130030848034273
385,175,306,10.84,0.00162379707853757
385,175,306,10.8475,0.00141994148172802
385,175,306,10.855,0.00146525705943155
385,175,306,10.8625,0.00149562944573199
385,175,306,10.87,0.00122878850829631
385,175,306,10.8775,0.001233081715089
385,175,306,10.885,0.00143295636389047
385,175,306,10.8925,0.00147390909924606
385,175,306,10.9,0.00122202760944142
385,175,306,10.9075,0.00107729669867007
385,175,306,10.915,0.000942485313358323
385,175,306,10.9225,0.00117988825759867
385,175,306,10.93,0.000994900286586859
385,175,306,10.9375,0.00106027452566917
385,175,306,10.945,0.000640005253251422
385,175,306,10.9525,0.000754901909046195
385,175,306,10.96,0.000921240803141898
385,175,306,10.9675,0.000634119177466189
385,175,306,10.975,0.000640360396071434
385,175,306,10.9825,0.000266850414089829
385,175,306,10.99,0.000811975439314154
385,175,306,10.9975,0.00120024777145575
385,175,306,11.005,0.000882307591499572
385,175,306,11.0125,0.00128333466163334
385,175,306,11.02,0.00117558904912349
385,175,306,11.0275,0.000738195430241085
385,175,306,11.035,0.0011693250119582
385,175,306,11.0425,0.00118968247369586
385,175,306,11.05,0.00149748820881172
385,175,306,11.0575,0.00134865135172019
385,175,306,11.065,0.00128621394838164
385,175,306,11.0725,0.00153378190944518
385,175,306,11.08,0.00172918358272916
385,175,306,11.0875,0.00102903361683236
385,175,306,11.095,0.00110531127928999
385,175,306,11.1025,0.00128325114150656
385,175,306,11.11,0.00127418565114022
385,175,306,11.1175,0.00110977403911761
385,175,306,11.125,0.000911116525823102
385,175,306,11.1325,0.000650152417666091
385,175,306,11.14,0.00104818154710757
385,175,306,11.1475,0.00137878922030487
385,175,306,11.155,0.00111852786407963
385,175,306,11.1625,0.00134485259297051
385,175,306,11.17,0.00156280254320082
385,175,306,11.1775,0.00143318356602941
385,175,306,11.185,0.00126364686328358
385,175,306,11.1925,0.00118592424855279
385,175,306,11.2,0.000891664993108988
385,175,306,11.2075,0.000905987463220518
385,175,306,11.215,0.000785418803229936
385,175,306,11.2225,0.0010859307714037
385,175,306,11.23,0.00102890918838314
385,175,306,11.2375,0.000992129323078357
385,175,306,11.245,0.00101153036521903
385,175,306,11.2525,0.00118103358793125
385,175,306,11.26,0.000980143597342786
385,175,306,11.2675,0.00161862918961356
385,175,306,11.275,0.00166595072489641
385,175,306,11.2825,0.00198132028412685
385,175,306,11.29,0.00173859924429959
385,175,306,11.2975,0.001706603928753
385,175,306,11.305,0.00157996741095199
385,175,306,11.3125,0.00186391456780812
385,175,306,11.32,0.00166622707058166
385,175,306,11.3275,0.00204194037236372
385,175,306,11.335,0.00137822871799676
385,175,306,11.3425,0.00128892532767419
385,175,306,11.35,0.000931520431089369
385,175,306,11.3575,0.00118205961474011
385,175,306,11.365,0.000836810609894455
385,175,306,11.3725,0.000673612179372662
385,175,306,11.38,0.000866737569159366
385,175,306,11.3875,0.000334215816467046
385,175,306,11.395,0.00139600934294358
385,175,306,11.4025,0.000956496724124845
385,175,306,11.41,0.000737822163678016
385,175,306,11.4175,0.00116888148122308
385,175,306,11.425,0.000490829192581356
385,175,306,11.4325,0.000618656181040103
385,175,306,11.44,0.000811374146431273
385,175,306,11.4475,0.000703956266619609
385,175,306,11.455,0.000694560651347814
385,175,306,11.4625,0.000376507345105534
385,175,306,11.47,0.00154513822146421
385,175,306,11.4775,0.000860145151678318
385,175,306,11.485,0.00119664441400654
385,175,306,11.4925,0.00122239632142612
385,175,306,11.5,0.00172964727343779
385,175,306,11.5075,0.00178657552312561
385,175,306,11.515,0.00203191394809126
385,175,306,11.5225,0.00203884590663002
385,175,306,11.53,0.00186261184374945
385,175,306,11.5375,0.00207656239834954
385,175,306,11.545,0.00216906138278492
385,175,306,11.5525,0.00175652001337638
385,175,306,11.56,0.00177906397294322
385,175,306,11.5675,0.00134947326162791
385,175,306,11.575,0.00180414336432231
385,175,306,11.5825,0.00143573480336393
385,175,306,11.59,0.0015881560522359
385,175,306,11.5975,0.00161433951584501
385,175,306,11.605,0.00164939875744574
385,175,306,11.6125,0.00123996114325296
385,175,306,11.62,0.0017014829742409
385,175,306,11.6275,0.00103865062471824
385,175,306,11.635,0.00108101851023085
385,175,306,11.6425,0.00130922194388717
385,175,306,11.65,0.00116281523816213
385,175,306,11.6575,0.00170517003576292
385,175,306,11.665,0.00122954536344266
385,175,306,11.6725,0.00152465299164411
385,175,306,11.68,0.00150957652212649
385,175,306,11.6875,0.00109314743291874
385,175,306,11.695,0.00128975659565587
385,175,306,11.7025,0.000569936352355586
385,175,306,11.71,0.000363065539569145
385,175,306,11.7175,0.000114685366254838
385,175,306,11.725,0.000462975399484925
385,175,306,11.7325,0.000614845969975743
385,175,306,11.74,0.00114550208907579
385,175,306,11.7475,0.00132065181984396
385,175,306,11.755,0.00114808279214472
385,175,306,11.7625,0.00116278160303504
385,175,306,11.77,0.00118825214557515
385,175,306,11.7775,0.00126272413255179
385,175,306,11.785,0.00171461880007272
385,175,306,11.7925,0.00174196036166359
385,175,306,11.8,0.0019266662753089
385,175,306,11.8075,0.0020330526208365
385,175,306,11.815,0.00189725989002935
385,175,306,11.8225,0.00213478965546313
385,175,306,11.83,0.00159815004838324
385,175,306,11.8375,0.00165545080973529
385,175,306,11.845,0.00149269374538153
385,175,306,11.8525,0.00170576581950597
385,175,306,11.86,0.00136765550678353
385,175,306,11.8675,0.00131412221986896
385,175,306,11.875,0.000765279090786209
385,175,306,11.8825,0.00103387487739404
385,175,306,11.89,0.00103221377613114
385,175,306,11.8975,0.00085561593500884
385,175,306,11.905,0.00107714237307377
385,175,306,11.9125,0.000876248330582946
385,175,306,11.92,0.00121222938200746
385,175,306,11.9275,0.00126371453430062
385,175,306,11.935,0.00114677156489275
385,175,306,11.9425,0.00133285575653662
385,175,306,11.95,0.0013459433626955
385,175,306,11.9575,0.000976136490577904
385,175,306,11.965,0.00109598679081426
385,175,306,11.9725,0.00115049609564079
385,175,306,11.98,0.00103629088251576
385,175,306,11.9875,0.00139590892970675
385,175,306,11.995,0.00149019934904746
385,175,306,12.0025,0.00118621325062795
385,175,306,12.01,0.00138142367870562
385,175,306,12.0175,0.000986795780265081
385,175,306,12.025,0.00143451060980072
385,175,306,12.0325,0.00117808714649911
385,175,306,12.04,0.00127752634990625
385,175,306,12.0475,0.00111827395265338
385,175,306,12.055,0.0011515875001212
385,175,306,12.0625,0.00125822673078923
385,175,306,12.07,0.00150813247921818
385,175,306,12.0775,0.00101386184425348
385,175,306,12.085,0.00147933326966545
385,175,306,12.0925,0.000872587215525934
385,175,306,12.1,0.00114068817037187
385,175,306,12.1075,0.00117171301189433
385,175,306,12.115,0.000980614642189236
385,175,306,12.1225,0.00082797328902996
385,175,306,12.13,0.00056003383729103
385,175,306,12.1375,0.00052986924994321
385,175,306,12.145,0.000284049518029399
385,175,306,12.1525,0.000576377468941791
385,175,306,12.16,0.000579187229436162
385,175,306,12.1675,0.000483717913704253
385,175,306,12.175,0.000688812137250502
385,175,306,12.1825,0.000791419525134901
385,175,306,12.19,0.00119253271807971
385,175,306,12.1975,0.000752584514936619
385,175,306,12.205,0.00112282822300013
385,175,306,12.2125,0.00111932352750913
385,175,306,12.22,0.00135982139846863
385,175,306,12.2275,0.00124699002748109
385,175,306,12.235,0.00164274674131858
385,175,306,12.2425,0.00139789267924229
385,175,306,12.25,0.00171605883551744
385,175,306,12.2575,0.00178441419262524
385,175,306,12.265,0.00154679176248665
385,175,306,12.2725,0.00180708577306447
385,175,306,12.28,0.00135919774698109
385,175,306,12.2875,0.00202738284600085
385,175,306,12.295,0.00167438042491989
385,175,306,12.3025,0.00193685018408691
385,175,306,12.31,0.0014796592884598
385,175,306,12.3175,0.00168500111582489
385,175,306,12.325,0.0017144579650005
385,175,306,12.3325,0.00185271136693483
385,175,306,12.34,0.00175230101287742
385,175,306,12.3475,0.00183315514508111
385,175,306,12.355,0.00146951010092384
385,175,306,12.3625,0.0012394102150534
385,175,306,12.37,0.00136983827252874
385,175,306,12.3775,0.00111091165516928
385,175,306,12.385,0.000833063458197618
385,175,306,12.3925,0.00112084300804237
385,175,306,12.4,0.000360299042855478
385,175,306,12.4075,0.000544839599109961
385,175,306,12.415,0.000733803382351196
385,175,306,12.4225,0.000463329954520399
385,175,306,12.43,0.000674523875544575
385,175,306,12.4375,0.000635478930190447
385,175,306,12.445,0.000887649243808901
385,175,306,12.4525,0.0007820875443499
385,175,306,12.46,0.00125533620854345
385,175,306,12.4675,0.000267787544774598
385,175,306,12.475,0.00116920030506249
385,175,306,12.4825,0.000660540009943262
385,175,306,12.49,0.000178114671637936
385,175,306,12.4975,0.000815626576058994
385,175,306,12.505,0.000674151357968962
385,175,306,12.5125,0.00054323023847602
385,175,306,12.52,0.00114670109325323
385,175,306,12.5275,0.00116069156188984
385,175,306,12.535,0.00105317726992945
385,175,306,12.5425,0.0010325274594393
385,175,306,12.55,0.000815327448090131
385,175,306,12.5575,0.0011896043552475
385,175,306,12.565,0.00105852772960863
385,175,306,12.5725,0.00089266268248428
385,175,306,12.58,0.00131985030738261
385,175,306,12.5875,0.00110928389815733
385,175,306,12.595,0.00122075624949803
385,175,306,12.6025,0.00102624669612575
385,175,306,12.61,0.00107705095025788
385,175,306,12.6175,0.00137797250347409
385,175,306,12.625,0.0010488348297127
385,175,306,12.6325,0.000638080893204677
385,175,306,12.64,0.00105588879876103
385,175,306,12.6475,0.00103206956475914
385,175,306,12.655,0.00139056887955968
385,175,306,12.6625,0.000821246984592238
385,175,306,12.67,0.000792050867377101
385,175,306,12.6775,0.000876799011035476
385,175,306,12.685,0.000840312933957736
385,175,306,12.6925,0.00140886622567195
385,175,306,12.7,0.000859432996640116
385,175,306,12.7075,0.000635404044950716
385,175,306,12.715,0.00103163579540527
385,175,306,12.7225,0.000664541519022027
385,175,306,12.73,0.000718836593274183
385,175,306,12.7375,0.000713256609688538
385,175,306,12.745,0.000439817931035486
385,175,306,12.7525,0.000322813491027807
385,175,306,12.76,0.000570292256337575
385,175,306,12.7675,0.000661609212456065
385,175,306,12.775,0.000935164196920583
385,175,306,12.7825,0.000890527396068802
385,175,306,12.79,0.00119847109556382
385,175,306,12.7975,0.00121255226190578
385,175,306,12.805,0.000694474041660401
385,175,306,12.8125,0.000905323208218873
385,175,306,12.82,0.00095085970025126
385,175,306,12.8275,0.00122890659276996
385,175,306,12.835,0.000674899054739631
385,175,306,12.8425,0.00122349333153594
385,175,306,12.85,0.000516768094538046
385,175,306,12.8575,0.000410219386957089
385,175,306,12.865,0.00118126507069039
385,175,306,12.8725,0.000369094487807427
385,175,306,12.88,0.00032729981181825
385,175,306,12.8875,0.000292969483182114
385,175,306,12.895,0.000561768636334033
385,175,306,12.9025,0.000671846136734534
385,175,306,12.91,0.000498943918386459
385,175,306,12.9175,0.000497001303150881
385,175,306,12.925,0.000815771266673458
385,175,306,12.9325,0.000503048490272273
385,175,306,12.94,0.000452552517518007
385,175,306,12.9475,0.0011946010103269
385,175,306,12.955,0.000774745126476728
385,175,306,12.9625,0.000849339309715253
385,175,306,12.97,0.000840875972323003
385,175,306,12.9775,0.00119190281169343
385,175,306,12.985,0.000912761561703296
385,175,306,12.9925,0.00103846957943937
385,175,306,13,0.00102370710349022
385,175,306,13.0075,0.000547876729248022
385,175,306,13.015,0.000657867179978181
385,175,306,13.0225,0.00112988112411158
385,175,306,13.03,0.000809848286821791
385,175,306,13.0375,0.00149529007521005
385,175,306,13.045,0.00120259986890702
385,175,306,13.0525,0.00128528263960756
385,175,306,13.06,0.00115456660574159
385,175,306,13.0675,0.00154332415134745
385,175,306,13.075,0.000682014270813691
385,175,306,13.0825,0.00074655683909361
385,175,306,13.09,0.00085420020104693
385,175,306,13.0975,0.000912201512083446
385,175,306,13.105,0.000454596863738032
385,175,306,13.1125,0.000498095988465397
385,175,306,13.12,0.000711794509026335
385,175,306,13.1275,0.000140993328068559
385,175,306,13.135,0.000550170307999056
385,175,306,13.1425,0.00083054576966834
385,175,306,13.15,0.000143386619898642
385,175,306,13.1575,0.000273047607587258
385,175,306,13.165,0.000627981437605677
385,175,306,13.1725,0.000660873037031459
385,175,306,13.18,0.000368928138827429
385,175,306,13.1875,0.000611977457838364
385,175,306,13.195,0.000692471983973339
385,175,306,13.2025,0.00053595221928971
385,175,306,13.21,0.00090485111788322
385,175,306,13.2175,0.000537019846290409
385,175,306,13.225,0.000677721238780124
385,175,306,13.2325,0.000713023963954282
385,175,306,13.24,0.000577087160763761
385,175,306,13.2475,0.000823329422248797
385,175,306,13.255,0.000716531292139276
385,175,306,13.2625,0.00121559997473263
385,175,306,13.27,0.00061020490374542
385,175,306,13.2775,0.000420339607490743
385,175,306,13.285,0.000765555903139227
385,175,306,13.2925,0.00113145650666611
385,175,306,13.3,0.00160927299657707
385,175,306,13.3075,0.00114344649839626
385,175,306,13.315,0.00123831227479968
385,175,306,13.3225,0.001821721986543
385,175,306,13.33,0.00107544388737648
385,175,306,13.3375,0.00139581545605629
385,175,306,13.345,0.0012645898166703
385,175,306,13.3525,0.00124705031764442
385,175,306,13.36,0.00114272236647396
385,175,306,13.3675,0.00102162138483723
385,175,306,13.375,0.000513296765854177
385,175,306,13.3825,0.00116925580124124
385,175,306,13.39,0.000972063189276568
385,175,306,13.3975,0.00114124081325881
385,175,306,13.405,0.000610514561982448
385,175,306,13.4125,0.000413433676223634
385,175,306,13.42,0.000410119066080028
385,175,306,13.4275,0.000706163782543025
385,175,306,13.435,0.000439823953554535
385,175,306,13.4425,0.00107304434893673
385,175,306,13.45,0.0011982599331845
385,175,306,13.4575,0.00129719535469152
385,175,306,13.465,0.00073101959040489
385,175,306,13.4725,0.000752534326475657
385,175,306,13.48,0.000641819240206598
385,175,306,13.4875,0.000935399420720871
385,175,306,13.495,0.00109699674923526
385,175,306,13.5025,0.000683372931321968
385,175,306,13.51,0.000909177384764697
385,175,306,13.5175,0.000971484881481018
385,175,306,13.525,0.000780054403161892
385,175,306,13.5325,0.000973934502651663
385,175,306,13.54,0.000869373217055006
385,175,306,13.5475,0.000782532081542884
385,175,306,13.555,0.00107387604084599
385,175,306,13.5625,0.000665975734447762
385,175,306,13.57,0.000880003805655748
385,175,306,13.5775,0.00117394344441756
385,175,306,13.585,0.000919499142169217
385,175,306,13.5925,0.000765259901950012
385,175,306,13.6,0.00128325951377765
385,175,306,13.6075,0.000652140208451236
385,175,306,13.615,0.000656181869164138
385,175,306,13.6225,0.000801057366714967
385,175,306,13.63,0.000400163280485034
385,175,306,13.6375,0.000825749539120613
385,175,306,13.645,0.00062677359175994
385,175,306,13.6525,0.000998616976874447
385,175,306,13.66,0.00104256909678453
385,175,306,13.6675,0.00106594539356979
385,175,306,13.675,0.00121298433272848
385,175,306,13.6825,0.000922600038788006
385,175,306,13.69,0.00125217720507582
385,175,306,13.6975,0.00120989807036408
385,175,306,13.705,0.00142215868665161
385,175,306,13.7125,0.00166531068474721
385,175,306,13.72,0.000907476006829489
385,175,306,13.7275,0.00113793125446104
385,175,306,13.735,0.000898578913931243
385,175,306,13.7425,0.0012520250718956
385,175,306,13.75,0.000605231702992252
385,175,306,13.7575,0.0008472086893679
385,175,306,13.765,0.00152999672898043
385,175,306,13.7725,0.000972520142586495
385,175,306,13.78,0.00116463339398664
385,175,306,13.7875,0.00110691067301786
385,175,306,13.795,0.0011202123219456
385,175,306,13.8025,0.00138654678082096
385,175,306,13.81,0.000819319750904018
385,175,306,13.8175,0.00159968849860151
385,175,306,13.825,0.00115933065289811
385,175,306,13.8325,0.00116920822276736
385,175,306,13.84,0.00072803446100468
385,175,306,13.8475,0.000876658763457554
385,175,306,13.855,0.00112682934156137
385,175,306,13.8625,0.00132713441253856
385,175,306,13.87,0.000830197152968117
385,175,306,13.8775,0.000426005154499284
385,175,306,13.885,0.000936344576673524
385,175,306,13.8925,0.000378670605389131
385,175,306,13.9,0.000749052872725914
385,175,306,13.9075,0.000558720249966121
385,175,306,13.915,0.000467306721287785
385,175,306,13.9225,0.00130164205793473
385,175,306,13.93,0.000862640556270169
385,175,306,13.9375,0.00102393058203405
385,175,306,13.945,0.00053774926840009
385,175,306,13.9525,0.000373534109361003
385,175,306,13.96,0.000775948440705549
385,175,306,13.9675,0.00121151446459084
385,175,306,13.975,0.000729953275008826
385,175,306,13.9825,0.00110129275994541
385,175,306,13.99,0.000527290815387608
385,175,306,13.9975,0.000286562256947379
385,175,306,14.005,0.000637456781846237
385,175,306,14.0125,0.000823504758173382
385,175,306,14.02,0.000927303558648903
385,175,306,14.0275,0.000975342907601419
385,175,306,14.035,0.00130493874654061
385,175,306,14.0425,0.00134342900433594
385,175,306,14.05,0.000974628278695888
385,175,306,14.0575,0.00108093729330048
385,175,306,14.065,0.000965804148922468
385,175,306,14.0725,0.00104073025493112
385,175,306,14.08,0.00109979132833408
385,175,306,14.0875,0.00138236883971673
385,175,306,14.095,0.000998941149280788
385,175,306,14.1025,0.000866138149762151
385,175,306,14.11,0.000708508092929024
385,175,306,14.1175,0.000881652826279466
385,175,306,14.125,0.000873461518819295
385,175,306,14.1325,0.00102139152443496
385,175,306,14.14,0.00062740912557817
385,175,306,14.1475,0.000637866129182558
385,175,306,14.155,0.000514567983844378
385,175,306,14.1625,0.000981711562157447
385,175,306,14.17,0.00116848206933659
385,175,306,14.1775,0.000923794689241979
385,175,306,14.185,0.000861078605206121
385,175,306,14.1925,0.000655546447358867
385,175,306,14.2,0.000703523702554865
385,175,306,14.2075,0.000638762638566814
385,175,306,14.215,0.000492330912106516
385,175,306,14.2225,0.000633158627829002
385,175,306,14.23,0.000710086554594032
385,175,306,14.2375,0.000545122676123693
385,175,306,14.245,0.00110165667772548
385,175,306,14.2525,0.000883837715585466
385,175,306,14.26,0.0011594812664408
385,175,306,14.2675,0.000835297577822863
385,175,306,14.275,0.000853329474049081
385,175,306,14.2825,0.000566714399470477
385,175,306,14.29,0.000448422230168082
385,175,306,14.2975,0.00037001498963422
385,175,306,14.305,0.000798813296505179
385,175,306,14.3125,0.000868389031807252
385,175,306,14.32,0.000709946386738638
385,175,306,14.3275,0.000516896985177695
385,175,306,14.335,0.000988283275335174
385,175,306,14.3425,0.00063777283078106
385,175,306,14.35,0.000675656838769506
385,175,306,14.3575,0.000218006466174172
385,175,306,14.365,0.000167605156755595
385,175,306,14.3725,0.000167641215624441
385,175,306,14.38,0.000339796963269563
385,175,306,14.3875,0.000772393508121412
385,175,306,14.395,0.000697963936939211
385,175,306,14.4025,0.000651997023582199
385,175,306,14.41,0.000615254184812015
385,175,306,14.4175,0.000533162741003386
385,175,306,14.425,0.000598892931756828
385,175,306,14.4325,0.000519994144266193
385,175,306,14.44,0.0012232191794112
385,175,306,14.4475,0.000911651542757694
385,175,306,14.455,0.000992311146148721
385,175,306,14.4625,0.000899649639397002
385,175,306,14.47,0.000463983583530527
385,175,306,14.4775,0.000909547333665625
385,175,306,14.485,0.00110406931980722
385,175,306,14.4925,0.00109444320680366
385,175,306,14.5,0.00063147684329741
385,175,306,14.5075,0.000641361515546887
385,175,306,14.515,0.000907292460879279
385,175,306,14.5225,0.000576683685356265
385,175,306,14.53,0.000978698271702642
385,175,306,14.5375,0.000966470578689775
385,175,306,14.545,0.00073913497548158
385,175,306,14.5525,0.000647748493584733
385,175,306,14.56,0.00065854318000387
385,175,306,14.5675,0.000814766916147542
385,175,306,14.575,0.000678237997607677
385,175,306,14.5825,0.000763692149060125
385,175,306,14.59,0.000846090987478324
385,175,306,14.5975,0.000499223900952186
385,175,306,14.605,0.000766435889355068
385,175,306,14.6125,0.000406945098045355
385,175,306,14.62,0.000512630703910579
385,175,306,14.6275,0.000246098626266565
385,175,306,14.635,0.00051888914477966
385,175,306,14.6425,0.000403355300219956
385,175,306,14.65,0.000335240641892183
385,175,306,14.6575,0.000405549530646642
385,175,306,14.665,0.000317131300950508
385,175,306,14.6725,0.00043046610755756
385,175,306,14.68,0.000425000520043435
385,175,306,14.6875,0.000235282526282922
385,175,306,14.695,0.000205762794107111
385,175,306,14.7025,0.000661344138937204
385,175,306,14.71,0.000626712184685821
385,175,306,14.7175,0.00105134648861442
385,175,306,14.725,0.000568022601753173
385,175,306,14.7325,0.000478492181434426
385,175,306,14.74,0.000480270117973235
385,175,306,14.7475,0.000598967444488757
385,175,306,14.755,0.00062602363523686
385,175,306,14.7625,0.000282846549917757
385,175,306,14.77,0.000541609696410331
385,175,306,14.7775,0.000589627837632422
385,175,306,14.785,0.000705223878483921
385,175,306,14.7925,0.000381322951372248
385,175,306,14.8,0.0003233778183539
385,175,306,14.8075,0.000597070048345402
385,175,306,14.815,0.000243747207916779
385,175,306,14.8225,0.00072136531945903
385,175,306,14.83,0.00096981988417608
385,175,306,14.8375,0.000224481875554813
385,175,306,14.845,0.000710787425081896
385,175,306,14.8525,0.000618829258301091
385,175,306,14.86,0.000630531881351263
385,175,306,14.8675,0.000364607543765182
385,175,306,14.875,0.000379993888865576
385,175,306,14.8825,0.000366457051322621
385,175,306,14.89,0.000664726633780709
385,175,306,14.8975,0.000523176347919343
385,175,306,14.905,0.000259782874482994
385,175,306,14.9125,0.000725694481468214
385,175,306,14.92,0.000998574244261048
385,175,306,14.9275,0.000449584956024823
385,175,306,14.935,0.00048597759773212
385,175,306,14.9425,0.000470761879308171
385,175,306,14.95,0.000520130761384604
385,175,306,14.9575,0.000798647297018316
385,175,306,14.965,0.000981663783896853
385,175,306,14.9725,0.000998301577077328
385,175,306,14.98,0.000959475674384368
385,175,306,14.9875,0.00128769985396571
385,175,306,14.995,0.000296074762159517
385,175,306,15.0025,0.000643793019337687
385,175,306,15.01,0.000757232271624509
385,175,306,15.0175,0.000845303650967629
385,175,306,15.025,0.000568647345375959
385,175,306,15.0325,0.000802559483131891
385,175,306,15.04,0.000791783222333342
385,175,306,15.0475,0.00058280365556446
385,175,306,15.055,0.000667962646714506
385,175,306,15.0625,0.000755572555125684
385,175,306,15.07,0.000693493773124739
385,175,306,15.0775,0.000356358047938569
385,175,306,15.085,0.000315113284994947
385,175,306,15.0925,0.000493871506320963
385,175,306,15.1,0.000220975514718099
385,175,306,15.1075,0.000292490308439162
385,175,306,15.115,0.000156033303510124
385,175,306,15.1225,0.000462293193326328
385,175,306,15.13,0.000370346813869429
385,175,306,15.1375,0.000303160067195864
385,175,306,15.145,7.65288491485971e-05
385,175,306,15.1525,0.000199440264579746
385,175,306,15.16,0.000293056404587612
385,175,306,15.1675,0.000673439621772285
385,175,306,15.175,0.000832500743135842
385,175,306,15.1825,0.000699749035071782
385,175,306,15.19,0.000734968012902368
385,175,306,15.1975,0.000715273130942491
385,175,306,15.205,0.000795383206827956
385,175,306,15.2125,0.000702787031166999
385,175,306,15.22,0.00111306061932636
385,175,306,15.2275,0.000708210013045597
385,175,306,15.235,0.000832402848701137
385,175,306,15.2425,0.000581198363204783
385,175,306,15.25,0.00113659995722767
385,175,306,15.2575,0.000799822042598449
385,175,306,15.265,0.000689412479571636
385,175,306,15.2725,0.000890059027543543
385,175,306,15.28,0.000487565936189808
385,175,306,15.2875,0.000557367544077858
385,175,306,15.295,0.0001036179004419
385,175,306,15.3025,0.000412157897171942
385,175,306,15.31,0.00041637452518051
385,175,306,15.3175,0.000840368561699909
385,175,306,15.325,0.000243419920710634
385,175,306,15.3325,0.000628716811484095
385,175,306,15.34,0.000611712999170204
385,175,306,15.3475,0.000373157673147734
385,175,306,15.355,0.000229718566468309
385,175,306,15.3625,0.000320250153604345
385,175,306,15.37,0.000238204888483871
385,175,306,15.3775,0.000204360218500842
385,175,306,15.385,0.000339583849223866
385,175,306,15.3925,0.000132319811239037
385,175,306,15.4,0.000390466961254528
385,175,306,15.4075,0.00067579304103613
385,175,306,15.415,0.000281444290623648
385,175,306,15.4225,0.000122670003088798
385,175,306,15.43,0.000343460999042902
385,175,306,15.4375,0.000431153840733503
385,175,306,15.445,0.000482908556474515
385,175,306,15.4525,0.000650172675636147
385,175,306,15.46,0.000628146792457
385,175,306,15.4675,0.000155928682618854
385,175,306,15.475,0.000796964119344712
385,175,306,15.4825,0.000588791188092399
385,175,306,15.49,0.000428117569954048
385,175,306,15.4975,0.000495352447161189
385,175,306,15.505,0.00061972433817433
385,175,306,15.5125,0.000491604602609138
385,175,306,15.52,0.000341501399422847
385,175,306,15.5275,0.000190426262856813
385,175,306,15.535,0.000276012467642774
385,175,306,15.5425,0.000413765883998334
385,175,306,15.55,0.000514623196153416
385,175,306,15.5575,0.000375608073181852
385,175,306,15.565,0.000380225433544062
385,175,306,15.5725,0.000386432277794423
385,175,306,15.58,0.000682582519563205
385,175,306,15.5875,0.000836161678114705
385,175,306,15.595,0.000446495283017725
385,175,306,15.6025,0.000687997293079779
385,175,306,15.61,0.000703705293564843
385,175,306,15.6175,0.000410252270697584
385,175,306,15.625,0.000326055735211044
385,175,306,15.6325,0.0004561973062763
385,175,306,15.64,0.000232684900970309
385,175,306,15.6475,0.00033831666806524
385,175,306,15.655,0.000720159095755755
385,175,306,15.6625,0.000572728436482802
385,175,306,15.67,0.000412732533720426
385,175,306,15.6775,0.000289010669495063
385,175,306,15.685,0.000582166728080063
385,175,306,15.6925,0.000535444650180774
385,175,306,15.7,0.000528207552761622
385,175,306,15.7075,0.000608056029616093
385,175,306,15.715,0.000311417747920213
385,175,306,15.7225,0.000273217223167136
385,175,306,15.73,0.000834154014492184
385,175,306,15.7375,0.000466718915967297
385,175,306,15.745,0.00044753949549757
385,175,306,15.7525,0.000295502787973097
385,175,306,15.76,0.000239615572025495
385,175,306,15.7675,0.000429558736943611
385,175,306,15.775,0.000577964952913993
385,175,306,15.7825,0.000449144405592951
385,175,306,15.79,0.000184904228806958
385,175,306,15.7975,0.000134364304044796
385,175,306,15.805,0.000353018492096811
385,175,306,15.8125,0.000307873919121811
385,175,306,15.82,0.000116632179401877
385,175,306,15.8275,0.000458638983709537
385,175,306,15.835,0.000579418032510976
385,175,306,15.8425,0.000283141690190828
385,175,306,15.85,0.000397496234328285
385,175,306,15.8575,0.000335290075723227
385,175,306,15.865,0.000146100900850294
385,175,306,15.8725,0.000627167786042302
385,175,306,15.88,0.000308253305072953
385,175,306,15.8875,0.0001658671455145
385,175,306,15.895,0.000128773992323228
385,175,306,15.9025,8.62293582949325e-05
385,175,306,15.91,0.000111638901801993
385,175,306,15.9175,0.000738172092669662
385,175,306,15.925,0.000376960630472524
385,175,306,15.9325,0.000244868695029556
385,175,306,15.94,0.000421654162499681
385,175,306,15.9475,0.000407608649675653
385,175,306,15.955,0.000569095693506206
385,175,306,15.9625,0.000460831900737495
385,175,306,15.97,0.000342202278653473
385,175,306,15.9775,0.000219797236123295
385,175,306,15.985,0.000462250806825514
385,175,306,15.9925,0.000563372146885234
385,175,306,16,0.000486761506826051
385,175,305,4,0.00576161022814547
385,175,305,4.0075,0.00502537694816315
385,175,305,4.015,0.00484259776255317
385,175,305,4.0225,0.00403855967694513
385,175,305,4.03,0.0040104449120435
385,175,305,4.0375,0.00422185671651822
385,175,305,4.045,0.00332149167523922
385,175,305,4.0525,0.00374327855007031
385,175,305,4.06,0.00314040829892411
385,175,305,4.0675,0.00346521730377525
385,175,305,4.075,0.0039391621632364
385,175,305,4.0825,0.00412719400018497
385,175,305,4.09,0.00460052168219274
385,175,305,4.0975,0.00557028356613994
385,175,305,4.105,0.00481119573946158
385,175,305,4.1125,0.00520628673425215
385,175,305,4.12,0.00521059027806111
385,175,305,4.1275,0.00433124270779822
385,175,305,4.135,0.00448241452184406
385,175,305,4.1425,0.00447247653750522
385,175,305,4.15,0.00399000851020473
385,175,305,4.1575,0.00459219113381919
385,175,305,4.165,0.00404985459602716
385,175,305,4.1725,0.00371046945717208
385,175,305,4.18,0.00410257208173584
385,175,305,4.1875,0.00381706036251502
385,175,305,4.195,0.00349339419268858
385,175,305,4.2025,0.00320336753636645
385,175,305,4.21,0.00333138706056031
385,175,305,4.2175,0.00376587386733977
385,175,305,4.225,0.00322042716426536
385,175,305,4.2325,0.00320655549987831
385,175,305,4.24,0.0033359494944417
385,175,305,4.2475,0.00356387131796325
385,175,305,4.255,0.00387331617025808
385,175,305,4.2625,0.00303529159126447
385,175,305,4.27,0.00362331387851551
385,175,305,4.2775,0.00375578782632514
385,175,305,4.285,0.00356554315985515
385,175,305,4.2925,0.00346399918540247
385,175,305,4.3,0.00372364547164758
385,175,305,4.3075,0.00364677180200456
385,175,305,4.315,0.0043695695662038
385,175,305,4.3225,0.0047661101375926
385,175,305,4.33,0.00464958011306799
385,175,305,4.3375,0.00462870449994083
385,175,305,4.345,0.00481853031267873
385,175,305,4.3525,0.00443829823381648
385,175,305,4.36,0.00442877343499864
385,175,305,4.3675,0.00491802410404436
385,175,305,4.375,0.00437611051213172
385,175,305,4.3825,0.00341513551240099
385,175,305,4.39,0.00328323129908998
385,175,305,4.3975,0.00299541841880934
385,175,305,4.405,0.00270947574784635
385,175,305,4.4125,0.00201350097084843
385,175,305,4.42,0.00168075782719211
385,175,305,4.4275,0.000883901225718049
385,175,305,4.435,0.000656787527410086
385,175,305,4.4425,0.00075216615915651
385,175,305,4.45,0.000466595027363279
385,175,305,4.4575,0.0016475267802618
385,175,305,4.465,0.00142447431801728
385,175,305,4.4725,0.00157646406626377
385,175,305,4.48,0.00218457942740327
385,175,305,4.4875,0.00229337053554009
385,175,305,4.495,0.00220121371079642
385,175,305,4.5025,0.00281786652849132
385,175,305,4.51,0.00247424640203258
385,175,305,4.5175,0.00254099743023346
385,175,305,4.525,0.0030076663392657
385,175,305,4.5325,0.00242859684926629
385,175,305,4.54,0.00263457545403674
385,175,305,4.5475,0.0022895391838293
385,175,305,4.555,0.00224735037225876
385,175,305,4.5625,0.00279685309046945
385,175,305,4.57,0.0027745015303322
385,175,305,4.5775,0.00254030504174885
385,175,305,4.585,0.00266204957538896
385,175,305,4.5925,0.00285615403603496
385,175,305,4.6,0.00289302597202505
385,175,305,4.6075,0.00313700979108438
385,175,305,4.615,0.00233482505298327
385,175,305,4.6225,0.00244654809501744
385,175,305,4.63,0.00206774284955013
385,175,305,4.6375,0.00167055990708897
385,175,305,4.645,0.0019481196735309
385,175,305,4.6525,0.00184159855607234
385,175,305,4.66,0.00209291139048438
385,175,305,4.6675,0.00208656412977468
385,175,305,4.675,0.00257882715131726
385,175,305,4.6825,0.00321394014167376
385,175,305,4.69,0.002762253339217
385,175,305,4.6975,0.00263322189139737
385,175,305,4.705,0.00270272960193307
385,175,305,4.7125,0.00269380674111121
385,175,305,4.72,0.00279517365460714
385,175,305,4.7275,0.00233048776627838
385,175,305,4.735,0.00229954729431147
385,175,305,4.7425,0.00162999011191399
385,175,305,4.75,0.000776442614869612
385,175,305,4.7575,0.000602717467869094
385,175,305,4.765,0.000280156984989063
385,175,305,4.7725,0.000842396264901998
385,175,305,4.78,0.000895103540899217
385,175,305,4.7875,0.00097821834615726
385,175,305,4.795,0.00167176070566623
385,175,305,4.8025,0.00189605714135069
385,175,305,4.81,0.00208457545200484
385,175,305,4.8175,0.00298189304308125
385,175,305,4.825,0.00284922982542992
385,175,305,4.8325,0.00293516841922342
385,175,305,4.84,0.00341367066011031
385,175,305,4.8475,0.00318329077811146
385,175,305,4.855,0.00323162322897424
385,175,305,4.8625,0.00256828622993547
385,175,305,4.87,0.00283109805486401
385,175,305,4.8775,0.00219366685102068
385,175,305,4.885,0.00183287539680572
385,175,305,4.8925,0.00126804362943044
385,175,305,4.9,0.00146477778818568
385,175,305,4.9075,0.00101213939126112
385,175,305,4.915,0.00076248368035616
385,175,305,4.9225,0.000615223391457993
385,175,305,4.93,0.000665198503810009
385,175,305,4.9375,0.000321875583739594
385,175,305,4.945,0.00134465099357454
385,175,305,4.9525,0.00095093822243388
385,175,305,4.96,0.00115776074897438
385,175,305,4.9675,0.000754976569724421
385,175,305,4.975,0.000653361214294242
385,175,305,4.9825,0.00106076870154713
385,175,305,4.99,0.00130556163395406
385,175,305,4.9975,0.00158436664004434
385,175,305,5.005,0.00169258001983102
385,175,305,5.0125,0.00217851677907811
385,175,305,5.02,0.00199823429654541
385,175,305,5.0275,0.00280697704758137
385,175,305,5.035,0.00297352565432245
385,175,305,5.0425,0.00312147132288792
385,175,305,5.05,0.00314691734476479
385,175,305,5.0575,0.0034002305595734
385,175,305,5.065,0.00277294673606083
385,175,305,5.0725,0.00244089545443397
385,175,305,5.08,0.00268478498311016
385,175,305,5.0875,0.00196468414413672
385,175,305,5.095,0.00174648794760638
385,175,305,5.1025,0.0020459623776465
385,175,305,5.11,0.00169942121038841
385,175,305,5.1175,0.00177674954414249
385,175,305,5.125,0.00131313670114571
385,175,305,5.1325,0.00146662631401598
385,175,305,5.14,0.000527667384374684
385,175,305,5.1475,0.000333780890724332
385,175,305,5.155,0.000456686767053606
385,175,305,5.1625,0.000509657128114929
385,175,305,5.17,0.000448831561679027
385,175,305,5.1775,0.000659985008929555
385,175,305,5.185,0.0012822384353989
385,175,305,5.1925,0.000288234312006983
385,175,305,5.2,0.000507530053202276
385,175,305,5.2075,0.000663566527727903
385,175,305,5.215,0.000574030000200043
385,175,305,5.2225,0.00106352703685006
385,175,305,5.23,0.00125764651827542
385,175,305,5.2375,0.00161749136802603
385,175,305,5.245,0.00200672903640869
385,175,305,5.2525,0.00211299789900569
385,175,305,5.26,0.00206531763783368
385,175,305,5.2675,0.00218395006303408
385,175,305,5.275,0.00225780700500455
385,175,305,5.2825,0.00237555388045556
385,175,305,5.29,0.00227754148278861
385,175,305,5.2975,0.00255627354722225
385,175,305,5.305,0.00197667050665125
385,175,305,5.3125,0.00215720219043609
385,175,305,5.32,0.00188848077596804
385,175,305,5.3275,0.00166552443657851
385,175,305,5.335,0.00111229133125213
385,175,305,5.3425,0.00122546795765531
385,175,305,5.35,0.000642043964653698
385,175,305,5.3575,0.00096689411854135
385,175,305,5.365,0.00100776359912729
385,175,305,5.3725,0.00141685803785266
385,175,305,5.38,0.00172525515701191
385,175,305,5.3875,0.00134165488070255
385,175,305,5.395,0.00149155826305536
385,175,305,5.4025,0.00181291105628719
385,175,305,5.41,0.00117439028774247
385,175,305,5.4175,0.00162354640859229
385,175,305,5.425,0.00074221707762921
385,175,305,5.4325,0.00092169230527962
385,175,305,5.44,0.000767338169590543
385,175,305,5.4475,0.000836625048697398
385,175,305,5.455,0.000330669654264674
385,175,305,5.4625,0.000354085964649002
385,175,305,5.47,0.000489387021234886
385,175,305,5.4775,0.000890518301302982
385,175,305,5.485,0.00125100250501356
385,175,305,5.4925,0.00136195344191634
385,175,305,5.5,0.00155859782688218
385,175,305,5.5075,0.00180299571108184
385,175,305,5.515,0.00133577892831612
385,175,305,5.5225,0.00198010943466531
385,175,305,5.53,0.00157453417597628
385,175,305,5.5375,0.00128323775069115
385,175,305,5.545,0.00166781046672963
385,175,305,5.5525,0.00116390376716738
385,175,305,5.56,0.0012393540697459
385,175,305,5.5675,0.00114743698661254
385,175,305,5.575,0.00165552237481584
385,175,305,5.5825,0.00128951688597708
385,175,305,5.59,0.00164004294656468
385,175,305,5.5975,0.00135439217690092
385,175,305,5.605,0.00121569015097793
385,175,305,5.6125,0.000774739198566596
385,175,305,5.62,0.00105352687195674
385,175,305,5.6275,0.00150832923635346
385,175,305,5.635,0.00142024489455226
385,175,305,5.6425,0.00121919218010911
385,175,305,5.65,0.00160261422534667
385,175,305,5.6575,0.00144003165272197
385,175,305,5.665,0.00104897525883608
385,175,305,5.6725,0.00117274935806558
385,175,305,5.68,0.00082215789037864
385,175,305,5.6875,0.000482881376945983
385,175,305,5.695,0.00111700235571626
385,175,305,5.7025,0.00134285549457465
385,175,305,5.71,0.00126228989332477
385,175,305,5.7175,0.00158014958822146
385,175,305,5.725,0.00188701686649436
385,175,305,5.7325,0.00226488748944047
385,175,305,5.74,0.00212982290994883
385,175,305,5.7475,0.00231933977185412
385,175,305,5.755,0.00295503922086758
385,175,305,5.7625,0.00244233771962212
385,175,305,5.77,0.00274087531335525
385,175,305,5.7775,0.00246253020296499
385,175,305,5.785,0.00251486713238714
385,175,305,5.7925,0.002250923605456
385,175,305,5.8,0.00196299847023945
385,175,305,5.8075,0.00193652393287568
385,175,305,5.815,0.00174570570116333
385,175,305,5.8225,0.000877293653489455
385,175,305,5.83,0.000855202769297045
385,175,305,5.8375,0.001070114219246
385,175,305,5.845,0.00101495991312254
385,175,305,5.8525,0.00102048915667726
385,175,305,5.86,0.000617280394218729
385,175,305,5.8675,0.00120853269865513
385,175,305,5.875,0.000301149311651609
385,175,305,5.8825,0.000396201241304593
385,175,305,5.89,0.000468554868045013
385,175,305,5.8975,0.000587172944557081
385,175,305,5.905,0.000210638713027381
385,175,305,5.9125,0.000374847300106092
385,175,305,5.92,0.000399924220225758
385,175,305,5.9275,0.000170650755439432
385,175,305,5.935,0.000786398206355785
385,175,305,5.9425,0.0015853776854753
385,175,305,5.95,0.00136660134109414
385,175,305,5.9575,0.00165746354922789
385,175,305,5.965,0.00225539160230802
385,175,305,5.9725,0.00227418367284939
385,175,305,5.98,0.00261745780725654
385,175,305,5.9875,0.00248012974085489
385,175,305,5.995,0.00274048880473258
385,175,305,6.0025,0.00233834933151589
385,175,305,6.01,0.00231010638528767
385,175,305,6.0175,0.00207181283012642
385,175,305,6.025,0.002099009230377
385,175,305,6.0325,0.00219792552323701
385,175,305,6.04,0.00192163903237829
385,175,305,6.0475,0.00168863678898976
385,175,305,6.055,0.00135075801332428
385,175,305,6.0625,0.00111157805110868
385,175,305,6.07,0.000995159966436337
385,175,305,6.0775,0.00108697072254439
385,175,305,6.085,0.000846950514710053
385,175,305,6.0925,0.00169413924328901
385,175,305,6.1,0.00166967487890793
385,175,305,6.1075,0.00149411864781701
385,175,305,6.115,0.00166159655186793
385,175,305,6.1225,0.00140267344007342
385,175,305,6.13,0.00163826603482014
385,175,305,6.1375,0.00101187051909188
385,175,305,6.145,0.000344663498808197
385,175,305,6.1525,0.000693496152735745
385,175,305,6.16,0.000712332526856731
385,175,305,6.1675,0.000520217918823636
385,175,305,6.175,0.000692188808009753
385,175,305,6.1825,0.000330474258621851
385,175,305,6.19,0.000452002514163843
385,175,305,6.1975,0.000817661643246414
385,175,305,6.205,0.000683371740895683
385,175,305,6.2125,0.000742871979673292
385,175,305,6.22,0.00148157887951951
385,175,305,6.2275,0.00110611830382217
385,175,305,6.235,0.00181806398542529
385,175,305,6.2425,0.00162118022491918
385,175,305,6.25,0.00179475200899093
385,175,305,6.2575,0.00120347797833275
385,175,305,6.265,0.00185971388635605
385,175,305,6.2725,0.00169681359539913
385,175,305,6.28,0.00139574429549635
385,175,305,6.2875,0.00147504058963854
385,175,305,6.295,0.00167367598994826
385,175,305,6.3025,0.00159729781238603
385,175,305,6.31,0.00147197078964519
385,175,305,6.3175,0.00117191756685686
385,175,305,6.325,0.00165352884409107
385,175,305,6.3325,0.00163698678505503
385,175,305,6.34,0.00163659608964115
385,175,305,6.3475,0.00193471885113601
385,175,305,6.355,0.00198740286491505
385,175,305,6.3625,0.00175718982422175
385,175,305,6.37,0.00221358223810341
385,175,305,6.3775,0.00148711934315235
385,175,305,6.385,0.000992582206494138
385,175,305,6.3925,0.00141827884924927
385,175,305,6.4,0.00118952252630898
385,175,305,6.4075,0.00150073303791062
385,175,305,6.415,0.00154654657104959
385,175,305,6.4225,0.00111153633656132
385,175,305,6.43,0.00169632675263924
385,175,305,6.4375,0.00154914401810434
385,175,305,6.445,0.000929666442335298
385,175,305,6.4525,0.00121048860198736
385,175,305,6.46,0.00111212309943532
385,175,305,6.4675,0.00104843019972831
385,175,305,6.475,0.00136869371565783
385,175,305,6.4825,0.00155337088894806
385,175,305,6.49,0.00153389720960078
385,175,305,6.4975,0.00191799758927855
385,175,305,6.505,0.00185123207971703
385,175,305,6.5125,0.00210396542234733
385,175,305,6.52,0.00127594295299576
385,175,305,6.5275,0.0018274408081198
385,175,305,6.535,0.0019953728810273
385,175,305,6.5425,0.00164968947165835
385,175,305,6.55,0.00191443239338774
385,175,305,6.5575,0.00212605698337729
385,175,305,6.565,0.00216269825150443
385,175,305,6.5725,0.00116144465119996
385,175,305,6.58,0.00140510819041663
385,175,305,6.5875,0.00143153466792167
385,175,305,6.595,0.0012080076962836
385,175,305,6.6025,0.00125410313726466
385,175,305,6.61,0.00109539586499445
385,175,305,6.6175,0.0013665903893337
385,175,305,6.625,0.00144278323889168
385,175,305,6.6325,0.000967571653234965
385,175,305,6.64,0.00140640142473939
385,175,305,6.6475,0.00116103881534022
385,175,305,6.655,0.0020455152173878
385,175,305,6.6625,0.00148350898161665
385,175,305,6.67,0.00117253526991061
385,175,305,6.6775,0.00149578514549419
385,175,305,6.685,0.00177528294174973
385,175,305,6.6925,0.00185701822564911
385,175,305,6.7,0.00207577865294067
385,175,305,6.7075,0.00216040812168907
385,175,305,6.715,0.00184483288945816
385,175,305,6.7225,0.00230738791137393
385,175,305,6.73,0.00220553590183196
385,175,305,6.7375,0.00249762709282097
385,175,305,6.745,0.00266188876857847
385,175,305,6.7525,0.00271271228841926
385,175,305,6.76,0.00265112546297661
385,175,305,6.7675,0.00245849191827727
385,175,305,6.775,0.0024837308163433
385,175,305,6.7825,0.00225965334612609
385,175,305,6.79,0.00187278025349675
385,175,305,6.7975,0.00204535911835505
385,175,305,6.805,0.00151913285327471
385,175,305,6.8125,0.00206192220320082
385,175,305,6.82,0.00200210340345363
385,175,305,6.8275,0.00208879111593852
385,175,305,6.835,0.00217580961176324
385,175,305,6.8425,0.00213788194049408
385,175,305,6.85,0.00269928109749587
385,175,305,6.8575,0.00191959253384938
385,175,305,6.865,0.00211313395513191
385,175,305,6.8725,0.00262370821565777
385,175,305,6.88,0.00191919977553518
385,175,305,6.8875,0.00308385014339466
385,175,305,6.895,0.00226647472291484
385,175,305,6.9025,0.00230934130569837
385,175,305,6.91,0.00216311417204073
385,175,305,6.9175,0.00231306037114459
385,175,305,6.925,0.00234412045319022
385,175,305,6.9325,0.0011806551147588
385,175,305,6.94,0.00133698191093068
385,175,305,6.9475,0.00178728504067599
385,175,305,6.955,0.00138208424242621
385,175,305,6.9625,0.00160838008186493
385,175,305,6.97,0.00140292617607479
385,175,305,6.9775,0.00189401265915948
385,175,305,6.985,0.00173303228835049
385,175,305,6.9925,0.00178467954313068
385,175,305,7,0.00223462131958208
385,175,305,7.0075,0.00243982826442212
385,175,305,7.015,0.00183408712200165
385,175,305,7.0225,0.00216974917184219
385,175,305,7.03,0.00245759321143643
385,175,305,7.0375,0.00235752679621413
385,175,305,7.045,0.00233647937926719
385,175,305,7.0525,0.00202768354368938
385,175,305,7.06,0.00214858143767729
385,175,305,7.0675,0.00229361847998329
385,175,305,7.075,0.00197525001257369
385,175,305,7.0825,0.00195026730373032
385,175,305,7.09,0.00226691900278304
385,175,305,7.0975,0.00204779843075848
385,175,305,7.105,0.00219847678317995
385,175,305,7.1125,0.00229353498717184
385,175,305,7.12,0.00205559357186156
385,175,305,7.1275,0.00223470610403195
385,175,305,7.135,0.00266974528701035
385,175,305,7.1425,0.0027035113659258
385,175,305,7.15,0.00267119752558606
385,175,305,7.1575,0.00245739827280135
385,175,305,7.165,0.00192276340762194
385,175,305,7.1725,0.00209907905271332
385,175,305,7.18,0.00232337798477277
385,175,305,7.1875,0.00174476949812483
385,175,305,7.195,0.00225951604400858
385,175,305,7.2025,0.00207844565664052
385,175,305,7.21,0.002146766938259
385,175,305,7.2175,0.00243386726107534
385,175,305,7.225,0.00270439550492571
385,175,305,7.2325,0.00299152985350767
385,175,305,7.24,0.00314024532224011
385,175,305,7.2475,0.00299268937233794
385,175,305,7.255,0.00282797655294558
385,175,305,7.2625,0.00333802643712802
385,175,305,7.27,0.00278271751482962
385,175,305,7.2775,0.00294056448605967
385,175,305,7.285,0.00275783639198367
385,175,305,7.2925,0.00238774963992754
385,175,305,7.3,0.00235619296509251
385,175,305,7.3075,0.00277145935329915
385,175,305,7.315,0.00184320200297853
385,175,305,7.3225,0.00198136750396166
385,175,305,7.33,0.00224961007538927
385,175,305,7.3375,0.00214470127907177
385,175,305,7.345,0.00178511015346835
385,175,305,7.3525,0.0019112932652474
385,175,305,7.36,0.00171725318527593
385,175,305,7.3675,0.00214930879565908
385,175,305,7.375,0.00211437225898379
385,175,305,7.3825,0.00228204177410394
385,175,305,7.39,0.00231324425189933
385,175,305,7.3975,0.00261654194666979
385,175,305,7.405,0.00262828317005345
385,175,305,7.4125,0.00212653895483631
385,175,305,7.42,0.00252782870494455
385,175,305,7.4275,0.00249948084060442
385,175,305,7.435,0.0023113317416375
385,175,305,7.4425,0.00201564206688439
385,175,305,7.45,0.00166443359232412
385,175,305,7.4575,0.00201548210178866
385,175,305,7.465,0.00170780078625576
385,175,305,7.4725,0.00259148512138824
385,175,305,7.48,0.00226818492899181
385,175,305,7.4875,0.00225112085283301
385,175,305,7.495,0.00272474086300546
385,175,305,7.5025,0.00249933082295884
385,175,305,7.51,0.00325126273396383
385,175,305,7.5175,0.00291130508224693
385,175,305,7.525,0.00207213815106132
385,175,305,7.5325,0.00313875131727397
385,175,305,7.54,0.00240117841487924
385,175,305,7.5475,0.00206299493729323
385,175,305,7.555,0.0021017111936138
385,175,305,7.5625,0.00195598529664745
385,175,305,7.57,0.00213444658629669
385,175,305,7.5775,0.00179788188761446
385,175,305,7.585,0.00253709387518548
385,175,305,7.5925,0.00244983273054645
385,175,305,7.6,0.00238055231866264
385,175,305,7.6075,0.00299128136898801
385,175,305,7.615,0.00351410382559019
385,175,305,7.6225,0.00348448455292011
385,175,305,7.63,0.00324074230438059
385,175,305,7.6375,0.00290444698796522
385,175,305,7.645,0.00292372852723221
385,175,305,7.6525,0.00316842402458119
385,175,305,7.66,0.00275158107293032
385,175,305,7.6675,0.002210371206583
385,175,305,7.675,0.00241010018602767
385,175,305,7.6825,0.00192240142742712
385,175,305,7.69,0.00184287511652321
385,175,305,7.6975,0.00153781193815238
385,175,305,7.705,0.00180595001512444
385,175,305,7.7125,0.00146714832237525
385,175,305,7.72,0.00118732028961179
385,175,305,7.7275,0.00167731050415004
385,175,305,7.735,0.0019885272190798
385,175,305,7.7425,0.00200437434739019
385,175,305,7.75,0.00244318352706071
385,175,305,7.7575,0.00216626627158312
385,175,305,7.765,0.00226243674071159
385,175,305,7.7725,0.00223859588094211
385,175,305,7.78,0.00262596700926023
385,175,305,7.7875,0.00264870915836378
385,175,305,7.795,0.00217978641332432
385,175,305,7.8025,0.00257949470695112
385,175,305,7.81,0.0020908492789505
385,175,305,7.8175,0.00205720313380483
385,175,305,7.825,0.00223686030356431
385,175,305,7.8325,0.0024901623189352
385,175,305,7.84,0.00246248979679946
385,175,305,7.8475,0.00212970585434169
385,175,305,7.855,0.00232038900060233
385,175,305,7.8625,0.00271246495543041
385,175,305,7.87,0.00288002204541149
385,175,305,7.8775,0.00285617450431267
385,175,305,7.885,0.00301831813377867
385,175,305,7.8925,0.00288019021435353
385,175,305,7.9,0.0029073466753989
385,175,305,7.9075,0.00245293054555994
385,175,305,7.915,0.00246456504739015
385,175,305,7.9225,0.00186808543486727
385,175,305,7.93,0.0019075566522609
385,175,305,7.9375,0.00198553528306448
385,175,305,7.945,0.00228855320534532
385,175,305,7.9525,0.0020300720713384
385,175,305,7.96,0.00223510604298702
385,175,305,7.9675,0.00268103244440694
385,175,305,7.975,0.00314058722546865
385,175,305,7.9825,0.00313916068954856
385,175,305,7.99,0.00283950303445829
385,175,305,7.9975,0.00292069529951241
385,175,305,8.005,0.00319439186793586
385,175,305,8.0125,0.00291933106816968
385,175,305,8.02,0.00292783607343675
385,175,305,8.0275,0.0030560761709296
385,175,305,8.035,0.00284909235718706
385,175,305,8.0425,0.00289452543311106
385,175,305,8.05,0.00288260363144715
385,175,305,8.0575,0.00229674451339966
385,175,305,8.065,0.00230990347213743
385,175,305,8.0725,0.00229197504370291
385,175,305,8.08,0.00182687578885361
385,175,305,8.0875,0.00226208401875298
385,175,305,8.095,0.00164534442001503
385,175,305,8.1025,0.00189393056218592
385,175,305,8.11,0.00184084046838329
385,175,305,8.1175,0.0014286840882365
385,175,305,8.125,0.00225845760268736
385,175,305,8.1325,0.00200831118228922
385,175,305,8.14,0.00267279321132068
385,175,305,8.1475,0.00262307276517481
385,175,305,8.155,0.00259423693475358
385,175,305,8.1625,0.00284456199777335
385,175,305,8.17,0.0029418567559501
385,175,305,8.1775,0.00264312561748924
385,175,305,8.185,0.00267385172923378
385,175,305,8.1925,0.00315642126004356
385,175,305,8.2,0.0022958635411899
385,175,305,8.2075,0.00287523174743805
385,175,305,8.215,0.00292141212759532
385,175,305,8.2225,0.00266833665246316
385,175,305,8.23,0.00229706159554431
385,175,305,8.2375,0.00253832015643368
385,175,305,8.245,0.00270892600307554
385,175,305,8.2525,0.00279260931413282
385,175,305,8.26,0.00298402075743722
385,175,305,8.2675,0.0028868976984431
385,175,305,8.275,0.00280097605692823
385,175,305,8.2825,0.00272812877499801
385,175,305,8.29,0.00233384064091914
385,175,305,8.2975,0.00267370606266313
385,175,305,8.305,0.00242093625139395
385,175,305,8.3125,0.00222049468085866
385,175,305,8.32,0.00287120759866959
385,175,305,8.3275,0.00261404451255173
385,175,305,8.335,0.0022898098661094
385,175,305,8.3425,0.0027603433636211
385,175,305,8.35,0.00291336776607902
385,175,305,8.3575,0.00272031230033405
385,175,305,8.365,0.00284652595066689
385,175,305,8.3725,0.00332321306957952
385,175,305,8.38,0.00336720786257775
385,175,305,8.3875,0.00365352766566229
385,175,305,8.395,0.00281435866871818
385,175,305,8.4025,0.00335382175208129
385,175,305,8.41,0.00352282318655691
385,175,305,8.4175,0.00290073267197441
385,175,305,8.425,0.00293430597521568
385,175,305,8.4325,0.00284189432772663
385,175,305,8.44,0.00184428357350463
385,175,305,8.4475,0.0020177790789227
385,175,305,8.455,0.00158196057563685
385,175,305,8.4625,0.00106135165359845
385,175,305,8.47,0.00190289852919087
385,175,305,8.4775,0.00104142216210251
385,175,305,8.485,0.00160381187523542
385,175,305,8.4925,0.00223761043967797
385,175,305,8.5,0.00260945814683362
385,175,305,8.5075,0.00282916762627267
385,175,305,8.515,0.0025985037818053
385,175,305,8.5225,0.00331260411189246
385,175,305,8.53,0.00332141977739336
385,175,305,8.5375,0.00343330439127675
385,175,305,8.545,0.00302843927319834
385,175,305,8.5525,0.00290821289747084
385,175,305,8.56,0.00270659530303489
385,175,305,8.5675,0.00214545778230201
385,175,305,8.575,0.00252417159353517
385,175,305,8.5825,0.00195000266718132
385,175,305,8.59,0.00178621884515263
385,175,305,8.5975,0.00174637252218326
385,175,305,8.605,0.00174331267053031
385,175,305,8.6125,0.00137808225464653
385,175,305,8.62,0.00188977743441726
385,175,305,8.6275,0.00230205965209559
385,175,305,8.635,0.00263952065531649
385,175,305,8.6425,0.00235556280091739
385,175,305,8.65,0.00241980057580035
385,175,305,8.6575,0.00228554123020733
385,175,305,8.665,0.00247594883713405
385,175,305,8.6725,0.00232386508024276
385,175,305,8.68,0.00198622964576687
385,175,305,8.6875,0.00230968995851813
385,175,305,8.695,0.00310567764050403
385,175,305,8.7025,0.00273995481860602
385,175,305,8.71,0.00269603098467852
385,175,305,8.7175,0.00260392394675082
385,175,305,8.725,0.00302218347323979
385,175,305,8.7325,0.00265435424774456
385,175,305,8.74,0.00251154027068875
385,175,305,8.7475,0.00251734553842834
385,175,305,8.755,0.00236586577914765
385,175,305,8.7625,0.0026351997370442
385,175,305,8.77,0.00256676360130738
385,175,305,8.7775,0.0028799119269669
385,175,305,8.785,0.00302606473557038
385,175,305,8.7925,0.00292253149210124
385,175,305,8.8,0.00231810007636729
385,175,305,8.8075,0.00256283736083865
385,175,305,8.815,0.00220362356802188
385,175,305,8.8225,0.00198714788049663
385,175,305,8.83,0.00152453298521212
385,175,305,8.8375,0.0013227639851204
385,175,305,8.845,0.000967195251425812
385,175,305,8.8525,0.000955708704148715
385,175,305,8.86,0.00131554726263014
385,175,305,8.8675,0.00117507914154913
385,175,305,8.875,0.00195878669865846
385,175,305,8.8825,0.00200922882701846
385,175,305,8.89,0.00255775597491
385,175,305,8.8975,0.00215597903773042
385,175,305,8.905,0.00246529628120801
385,175,305,8.9125,0.00263497146556254
385,175,305,8.92,0.00208786797705294
385,175,305,8.9275,0.00248899563346716
385,175,305,8.935,0.00227906995004638
385,175,305,8.9425,0.00204631389807442
385,175,305,8.95,0.00196569477225298
385,175,305,8.9575,0.00240326155210883
385,175,305,8.965,0.00234606957254753
385,175,305,8.9725,0.00231644333785032
385,175,305,8.98,0.00225958949110874
385,175,305,8.9875,0.00264017868903366
385,175,305,8.995,0.00251930807737225
385,175,305,9.0025,0.00276779345228627
385,175,305,9.01,0.00321011260079388
385,175,305,9.0175,0.0029546686550373
385,175,305,9.025,0.0030231634745036
385,175,305,9.0325,0.00266674819267109
385,175,305,9.04,0.00296552953447369
385,175,305,9.0475,0.00333843573863018
385,175,305,9.055,0.00316340722635323
385,175,305,9.0625,0.00253665291779719
385,175,305,9.07,0.00239070142545757
385,175,305,9.0775,0.00192975863435902
385,175,305,9.085,0.00222290797603247
385,175,305,9.0925,0.00231448085371098
385,175,305,9.1,0.00199877127919184
385,175,305,9.1075,0.00177396805898653
385,175,305,9.115,0.00148911619424994
385,175,305,9.1225,0.00164369993263547
385,175,305,9.13,0.0021819334748651
385,175,305,9.1375,0.00208012183177972
385,175,305,9.145,0.00219271931644753
385,175,305,9.1525,0.00217767522819604
385,175,305,9.16,0.002129389491097
385,175,305,9.1675,0.0026547971007981
385,175,305,9.175,0.00244281499655508
385,175,305,9.1825,0.00192387782722435
385,175,305,9.19,0.0016350713300768
385,175,305,9.1975,0.00136085858848368
385,175,305,9.205,0.000834509522253254
385,175,305,9.2125,0.000750040190071901
385,175,305,9.22,0.000971443665415363
385,175,305,9.2275,0.00130000304119168
385,175,305,9.235,0.00143313805445338
385,175,305,9.2425,0.00162668322768517
385,175,305,9.25,0.00225763631202709
385,175,305,9.2575,0.00231681255110183
385,175,305,9.265,0.00247874168803177
385,175,305,9.2725,0.00252075498903707
385,175,305,9.28,0.00213559008137346
385,175,305,9.2875,0.00267040397047015
385,175,305,9.295,0.00293822211597205
385,175,305,9.3025,0.00249801849319974
385,175,305,9.31,0.0023722797064216
385,175,305,9.3175,0.00236506542727524
385,175,305,9.325,0.00236921487014805
385,175,305,9.3325,0.00142563510853042
385,175,305,9.34,0.00136614968808785
385,175,305,9.3475,0.00167788957282281
385,175,305,9.355,0.00121536896169879
385,175,305,9.3625,0.00138617005779003
385,175,305,9.37,0.00137917908611533
385,175,305,9.3775,0.00147433868537164
385,175,305,9.385,0.00209368712551757
385,175,305,9.3925,0.00191259885130396
385,175,305,9.4,0.00191950609551822
385,175,305,9.4075,0.00253456045159335
385,175,305,9.415,0.00230897806883303
385,175,305,9.4225,0.00245066234169941
385,175,305,9.43,0.00246979635584738
385,175,305,9.4375,0.00241758394167889
385,175,305,9.445,0.00238823710957304
385,175,305,9.4525,0.00272784353391526
385,175,305,9.46,0.00229246636451016
385,175,305,9.4675,0.00204229370229279
385,175,305,9.475,0.00199501891360694
385,175,305,9.4825,0.00218612256120906
385,175,305,9.49,0.00251710066830637
385,175,305,9.4975,0.00244092355322481
385,175,305,9.505,0.00238717941177948
385,175,305,9.5125,0.00233866717099636
385,175,305,9.52,0.00240337960288515
385,175,305,9.5275,0.0028208025682649
385,175,305,9.535,0.00233915190749462
385,175,305,9.5425,0.00216979902221536
385,175,305,9.55,0.00209418784835977
385,175,305,9.5575,0.00192850067437204
385,175,305,9.565,0.00198423876514788
385,175,305,9.5725,0.00156914135218138
385,175,305,9.58,0.00121297397703344
385,175,305,9.5875,0.00126554783215633
385,175,305,9.595,0.000944199422438863
385,175,305,9.6025,0.000805770752833781
385,175,305,9.61,0.00125008522747565
385,175,305,9.6175,0.00131072621839573
385,175,305,9.625,0.00167634031073242
385,175,305,9.6325,0.00184462606582319
385,175,305,9.64,0.0016841667075795
385,175,305,9.6475,0.00195076012788564
385,175,305,9.655,0.00242600725598867
385,175,305,9.6625,0.00213603848882883
385,175,305,9.67,0.00230842950908063
385,175,305,9.6775,0.0025698639237437
385,175,305,9.685,0.00175690741489067
385,175,305,9.6925,0.00174334808499378
385,175,305,9.7,0.00173379107012072
385,175,305,9.7075,0.00160028977080532
385,175,305,9.715,0.00138684922448444
385,175,305,9.7225,0.00155733156952231
385,175,305,9.73,0.0017882882994171
385,175,305,9.7375,0.00186747804046368
385,175,305,9.745,0.00172650970428202
385,175,305,9.7525,0.0023270638689398
385,175,305,9.76,0.00268553120437612
385,175,305,9.7675,0.00310899803011026
385,175,305,9.775,0.00305377081064217
385,175,305,9.7825,0.00313738682412774
385,175,305,9.79,0.00311571226929998
385,175,305,9.7975,0.00266820285479152
385,175,305,9.805,0.00300292361167078
385,175,305,9.8125,0.00269941273352766
385,175,305,9.82,0.00297697211141099
385,175,305,9.8275,0.0026863992602779
385,175,305,9.835,0.00234364616756306
385,175,305,9.8425,0.00239907317748947
385,175,305,9.85,0.00197543727779776
385,175,305,9.8575,0.00208557667018622
385,175,305,9.865,0.00178075645174623
385,175,305,9.8725,0.0020002030356383
385,175,305,9.88,0.00150733864954956
385,175,305,9.8875,0.00187451583618382
385,175,305,9.895,0.00150297946767307
385,175,305,9.9025,0.00143601832906044
385,175,305,9.91,0.00183282502485746
385,175,305,9.9175,0.00181191023762673
385,175,305,9.925,0.00150727345016677
385,175,305,9.9325,0.00137291411294602
385,175,305,9.94,0.00136107855273128
385,175,305,9.9475,0.00117503761858235
385,175,305,9.955,0.000960844889090706
385,175,305,9.9625,0.00155199702073401
385,175,305,9.97,0.0016357610753257
385,175,305,9.9775,0.00163745497750155
385,175,305,9.985,0.00186614989216473
385,175,305,9.9925,0.00223333156804291
385,175,305,10,0.00191791965256814
385,175,305,10.0075,0.00258250644404087
385,175,305,10.015,0.00260188056693928
385,175,305,10.0225,0.00289682533497984
385,175,305,10.03,0.00253038260127022
385,175,305,10.0375,0.00272658512055456
385,175,305,10.045,0.00276372614602034
385,175,305,10.0525,0.00268699270430543
385,175,305,10.06,0.0021682404442744
385,175,305,10.0675,0.00187327295435189
385,175,305,10.075,0.00211416708160724
385,175,305,10.0825,0.00150061650095616
385,175,305,10.09,0.00187375438511438
385,175,305,10.0975,0.00129974993075833
385,175,305,10.105,0.001437700906864
385,175,305,10.1125,0.00137558701383316
385,175,305,10.12,0.00165397220728775
385,175,305,10.1275,0.00212809274409888
385,175,305,10.135,0.00184491959063607
385,175,305,10.1425,0.00229630121697726
385,175,305,10.15,0.0025303034322946
385,175,305,10.1575,0.00237007580479649
385,175,305,10.165,0.00223542942842218
385,175,305,10.1725,0.00202457615356826
385,175,305,10.18,0.00221181114962355
385,175,305,10.1875,0.00196638330590004
385,175,305,10.195,0.00142783032958007
385,175,305,10.2025,0.00116927959564836
385,175,305,10.21,0.00158938826350395
385,175,305,10.2175,0.00149310811405632
385,175,305,10.225,0.00215161756787447
385,175,305,10.2325,0.00184515397198265
385,175,305,10.24,0.00168213896787176
385,175,305,10.2475,0.00195362521378549
385,175,305,10.255,0.00216462743859141
385,175,305,10.2625,0.00225167547079366
385,175,305,10.27,0.0018658030479374
385,175,305,10.2775,0.00209994248567799
385,175,305,10.285,0.00238655934571197
385,175,305,10.2925,0.00232523272038003
385,175,305,10.3,0.00158524022708426
385,175,305,10.3075,0.00139575651779208
385,175,305,10.315,0.00115492214571864
385,175,305,10.3225,0.000974438729417053
385,175,305,10.33,0.00116285370021978
385,175,305,10.3375,0.000846505259380717
385,175,305,10.345,0.000936523359909631
385,175,305,10.3525,0.000987760566290337
385,175,305,10.36,0.000979724884658887
385,175,305,10.3675,0.000882101552793589
385,175,305,10.375,0.00153357944615046
385,175,305,10.3825,0.000651133880227842
385,175,305,10.39,0.000976250519844922
385,175,305,10.3975,0.000977520353017188
385,175,305,10.405,0.00108232901424752
385,175,305,10.4125,0.000601243781033123
385,175,305,10.42,0.0010404763424321
385,175,305,10.4275,0.00112437691561375
385,175,305,10.435,0.000963684604169227
385,175,305,10.4425,0.000947680832521791
385,175,305,10.45,0.00113144604026013
385,175,305,10.4575,0.00135869137182581
385,175,305,10.465,0.0013818673671769
385,175,305,10.4725,0.00111579288946012
385,175,305,10.48,0.00138149043438004
385,175,305,10.4875,0.00180464176754494
385,175,305,10.495,0.00193249093901585
385,175,305,10.5025,0.00170741031049756
385,175,305,10.51,0.00153200170586389
385,175,305,10.5175,0.00204974335227181
385,175,305,10.525,0.00204030186861934
385,175,305,10.5325,0.00189860805963134
385,175,305,10.54,0.00229336733432528
385,175,305,10.5475,0.00217150580201504
385,175,305,10.555,0.00203008022563181
385,175,305,10.5625,0.00235984598600825
385,175,305,10.57,0.00214612130872515
385,175,305,10.5775,0.00159686259056582
385,175,305,10.585,0.0013831402150334
385,175,305,10.5925,0.00108526197486127
385,175,305,10.6,0.00122770634757463
385,175,305,10.6075,0.000996728656557831
385,175,305,10.615,0.0013383585280144
385,175,305,10.6225,0.000712333849157661
385,175,305,10.63,0.000745443732586366
385,175,305,10.6375,0.000808828391712039
385,175,305,10.645,0.000778254305873693
385,175,305,10.6525,0.00074506725443633
385,175,305,10.66,0.000620184952568207
385,175,305,10.6675,0.000586824595675003
385,175,305,10.675,0.000857252538500134
385,175,305,10.6825,0.000216960034443239
385,175,305,10.69,0.000829796282174744
385,175,305,10.6975,0.000876896602314197
385,175,305,10.705,0.000742499100177335
385,175,305,10.7125,0.00124092804229538
385,175,305,10.72,0.00163633023742818
385,175,305,10.7275,0.00131744517993469
385,175,305,10.735,0.00126159671761469
385,175,305,10.7425,0.00148029239898539
385,175,305,10.75,0.00165596396585122
385,175,305,10.7575,0.00164543891790743
385,175,305,10.765,0.00169760459547561
385,175,305,10.7725,0.00189368015252422
385,175,305,10.78,0.00142402327587076
385,175,305,10.7875,0.0019348483297442
385,175,305,10.795,0.00155994402300857
385,175,305,10.8025,0.00158262211306687
385,175,305,10.81,0.0017274537641143
385,175,305,10.8175,0.00166689601544958
385,175,305,10.825,0.00155467025429372
385,175,305,10.8325,0.0012212683350396
385,175,305,10.84,0.000797796986282093
385,175,305,10.8475,0.00110472352691551
385,175,305,10.855,0.000902253457517766
385,175,305,10.8625,0.000827940844994545
385,175,305,10.87,0.000581537649208446
385,175,305,10.8775,0.00100740141352259
385,175,305,10.885,0.00122312778103641
385,175,305,10.8925,0.0010540671904845
385,175,305,10.9,0.000927541450602076
385,175,305,10.9075,0.00104204714664881
385,175,305,10.915,0.00120043646308717
385,175,305,10.9225,0.000795672584800574
385,175,305,10.93,0.000821065779287947
385,175,305,10.9375,0.000914967345210939
385,175,305,10.945,0.00106246187427626
385,175,305,10.9525,0.00159902622271986
385,175,305,10.96,0.00107553095640437
385,175,305,10.9675,0.00170811945704828
385,175,305,10.975,0.00136070037544009
385,175,305,10.9825,0.000829205020732149
385,175,305,10.99,0.00117778337353383
385,175,305,10.9975,0.00118041240623085
385,175,305,11.005,0.000921497594945406
385,175,305,11.0125,0.00166752468399964
385,175,305,11.02,0.0013545189700621
385,175,305,11.0275,0.0016850599882662
385,175,305,11.035,0.00184779905298672
385,175,305,11.0425,0.0014246077911346
385,175,305,11.05,0.0011420769634676
385,175,305,11.0575,0.00126517939774981
385,175,305,11.065,0.00119604925233196
385,175,305,11.0725,0.000750727997180437
385,175,305,11.08,0.000916413891946884
385,175,305,11.0875,0.000678650758007583
385,175,305,11.095,0.000918614559670886
385,175,305,11.1025,0.00055806164582183
385,175,305,11.11,0.000395808038840106
385,175,305,11.1175,0.000597630152396211
385,175,305,11.125,0.000333281154078106
385,175,305,11.1325,0.000232497880683837
385,175,305,11.14,0.000996925001188558
385,175,305,11.1475,0.000216734378418976
385,175,305,11.155,0.000753137775531316
385,175,305,11.1625,0.000903693115017504
385,175,305,11.17,0.000873426684665002
385,175,305,11.1775,0.000954877284615925
385,175,305,11.185,0.000998140788023379
385,175,305,11.1925,0.00121315352335168
385,175,305,11.2,0.000574158490471734
385,175,305,11.2075,0.000857229636867947
385,175,305,11.215,0.000650243901281622
385,175,305,11.2225,0.00106071450795089
385,175,305,11.23,0.00123715724185449
385,175,305,11.2375,0.00159272602681817
385,175,305,11.245,0.00199593288392271
385,175,305,11.2525,0.00165118621962933
385,175,305,11.26,0.00207196916108958
385,175,305,11.2675,0.00200552056136689
385,175,305,11.275,0.00224458756082427
385,175,305,11.2825,0.0019466285899929
385,175,305,11.29,0.00208076422458277
385,175,305,11.2975,0.00231528470528607
385,175,305,11.305,0.00179600108213085
385,175,305,11.3125,0.00180783825675304
385,175,305,11.32,0.00168788541746118
385,175,305,11.3275,0.00183976525911192
385,175,305,11.335,0.00141183223857807
385,175,305,11.3425,0.00108295948140101
385,175,305,11.35,0.00104612026622651
385,175,305,11.3575,0.000941952767787957
385,175,305,11.365,0.000512321017709459
385,175,305,11.3725,0.000810571378311703
385,175,305,11.38,0.00056537980806113
385,175,305,11.3875,0.000693731484513404
385,175,305,11.395,0.000549664059750758
385,175,305,11.4025,0.000723038386375569
385,175,305,11.41,0.000492447700093042
385,175,305,11.4175,0.000255653180013326
385,175,305,11.425,0.00109507579331938
385,175,305,11.4325,0.00124126969495771
385,175,305,11.44,0.00108910595151872
385,175,305,11.4475,0.00139858628863024
385,175,305,11.455,0.00127719284806222
385,175,305,11.4625,0.00132580140770506
385,175,305,11.47,0.0014514489025898
385,175,305,11.4775,0.000979801374484631
385,175,305,11.485,0.00180317566645731
385,175,305,11.4925,0.00135555483214218
385,175,305,11.5,0.00176023868009776
385,175,305,11.5075,0.00178839096473594
385,175,305,11.515,0.00132678180492287
385,175,305,11.5225,0.0014094218333201
385,175,305,11.53,0.00141956469705126
385,175,305,11.5375,0.00142698787950038
385,175,305,11.545,0.0012375879926791
385,175,305,11.5525,0.00156784934683031
385,175,305,11.56,0.00119500923953519
385,175,305,11.5675,0.00122432380926981
385,175,305,11.575,0.00102470590483513
385,175,305,11.5825,0.00109389911238922
385,175,305,11.59,0.00125797975045373
385,175,305,11.5975,0.00135789799428052
385,175,305,11.605,0.00134671293955204
385,175,305,11.6125,0.00108288925956534
385,175,305,11.62,0.0014981929075323
385,175,305,11.6275,0.00103152239730368
385,175,305,11.635,0.00153579382480966
385,175,305,11.6425,0.00146117803867296
385,175,305,11.65,0.0010804827678154
385,175,305,11.6575,0.00138171023185723
385,175,305,11.665,0.0016765358202277
385,175,305,11.6725,0.00127694492894464
385,175,305,11.68,0.00124092541053575
385,175,305,11.6875,0.00164126178953769
385,175,305,11.695,0.00146804882651411
385,175,305,11.7025,0.00100922289661308
385,175,305,11.71,0.00138217126309113
385,175,305,11.7175,0.00100958355526908
385,175,305,11.725,0.0015045832072628
385,175,305,11.7325,0.000981009681833282
385,175,305,11.74,0.00163497713322454
385,175,305,11.7475,0.00131348111452437
385,175,305,11.755,0.00172889665236125
385,175,305,11.7625,0.00178673408275658
385,175,305,11.77,0.00159953040088459
385,175,305,11.7775,0.00112801720065908
385,175,305,11.785,0.000959365320115637
385,175,305,11.7925,0.00139078704488273
385,175,305,11.8,0.0016236231008034
385,175,305,11.8075,0.00147555297244151
385,175,305,11.815,0.00141767256546359
385,175,305,11.8225,0.00120968862861148
385,175,305,11.83,0.00131949245498986
385,175,305,11.8375,0.0013981619508324
385,175,305,11.845,0.000952237734441217
385,175,305,11.8525,0.00111070861241632
385,175,305,11.86,0.000751525178268084
385,175,305,11.8675,0.000782411943245939
385,175,305,11.875,0.000842984636643777
385,175,305,11.8825,0.000531658283978497
385,175,305,11.89,0.000821118612874186
385,175,305,11.8975,0.000908093742141584
385,175,305,11.905,0.000892113256147982
385,175,305,11.9125,0.000832908736599585
385,175,305,11.92,0.00109677160519945
385,175,305,11.9275,0.00158840965813791
385,175,305,11.935,0.00158354357577952
385,175,305,11.9425,0.00150822026900485
385,175,305,11.95,0.00134315262284116
385,175,305,11.9575,0.00163046462961717
385,175,305,11.965,0.00134940021496659
385,175,305,11.9725,0.00118555893378365
385,175,305,11.98,0.0014035433182516
385,175,305,11.9875,0.0015727154161557
385,175,305,11.995,0.00145050261741929
385,175,305,12.0025,0.00199044594764311
385,175,305,12.01,0.00129388375511248
385,175,305,12.0175,0.001523026063053
385,175,305,12.025,0.00133292316553239
385,175,305,12.0325,0.00185817484338498
385,175,305,12.04,0.00141185616858006
385,175,305,12.0475,0.00145903223235297
385,175,305,12.055,0.00132334183018369
385,175,305,12.0625,0.001529217939331
385,175,305,12.07,0.00103886332333336
385,175,305,12.0775,0.00165108506307901
385,175,305,12.085,0.000991807672625887
385,175,305,12.0925,0.000855190291952252
385,175,305,12.1,0.00111177752541908
385,175,305,12.1075,0.0010625341984858
385,175,305,12.115,0.000309505500213992
385,175,305,12.1225,0.000562127463114124
385,175,305,12.13,0.000419463536317743
385,175,305,12.1375,0.000435135714259932
385,175,305,12.145,0.000745382515079074
385,175,305,12.1525,0.000819077174088658
385,175,305,12.16,0.000877475697800649
385,175,305,12.1675,0.000630542491261822
385,175,305,12.175,0.00113681760474597
385,175,305,12.1825,0.000638221499741238
385,175,305,12.19,0.00108855159167463
385,175,305,12.1975,0.00113606989405388
385,175,305,12.205,0.001182422411432
385,175,305,12.2125,0.00102923003289582
385,175,305,12.22,0.00142150088799655
385,175,305,12.2275,0.00116613310952303
385,175,305,12.235,0.00102731962854887
385,175,305,12.2425,0.00142496581281325
385,175,305,12.25,0.00126789723726592
385,175,305,12.2575,0.0010192691045346
385,175,305,12.265,0.00128575959942974
385,175,305,12.2725,0.00136331933288456
385,175,305,12.28,0.00123423672716518
385,175,305,12.2875,0.00144056250575362
385,175,305,12.295,0.0013424678400888
385,175,305,12.3025,0.00134976715570368
385,175,305,12.31,0.00144844483581174
385,175,305,12.3175,0.00153169147364452
385,175,305,12.325,0.00117793498571379
385,175,305,12.3325,0.00115394668472636
385,175,305,12.34,0.00108094190175183
385,175,305,12.3475,0.000948927773563609
385,175,305,12.355,0.000764496415780125
385,175,305,12.3625,0.000603549002913788
385,175,305,12.37,0.000913886775554668
385,175,305,12.3775,0.000302362821900819
385,175,305,12.385,0.000632085175414435
385,175,305,12.3925,0.00105637203910417
385,175,305,12.4,0.00110637050470178
385,175,305,12.4075,0.00130567400250396
385,175,305,12.415,0.00124255237168791
385,175,305,12.4225,0.00156628473957928
385,175,305,12.43,0.0014619523770711
385,175,305,12.4375,0.00150025560440542
385,175,305,12.445,0.00124506048015139
385,175,305,12.4525,0.0014069186522138
385,175,305,12.46,0.0015807763620752
385,175,305,12.4675,0.00129490122511109
385,175,305,12.475,0.00138350011885501
385,175,305,12.4825,0.00131943795160798
385,175,305,12.49,0.00101785947861235
385,175,305,12.4975,0.000898970031933767
385,175,305,12.505,0.00113248792715429
385,175,305,12.5125,0.000539037171616172
385,175,305,12.52,0.000399625154028326
385,175,305,12.5275,0.000577600385230903
385,175,305,12.535,0.000649690314068151
385,175,305,12.5425,0.00056975389339691
385,175,305,12.55,0.000951583653962363
385,175,305,12.5575,0.000354697721229128
385,175,305,12.565,0.0010998976652389
385,175,305,12.5725,0.000551185814747881
385,175,305,12.58,0.000266439100870725
385,175,305,12.5875,0.000489210041273386
385,175,305,12.595,0.000338661310326629
385,175,305,12.6025,0.000577550285855833
385,175,305,12.61,0.000861566987490528
385,175,305,12.6175,0.000360232211622503
385,175,305,12.625,0.000215446730467777
385,175,305,12.6325,0.000389721748533347
385,175,305,12.64,0.000488729261776445
385,175,305,12.6475,0.00134390120015632
385,175,305,12.655,0.00112898873758257
385,175,305,12.6625,0.00126694110062437
385,175,305,12.67,0.00123036400914518
385,175,305,12.6775,0.00129752001416373
385,175,305,12.685,0.00146731129732166
385,175,305,12.6925,0.00132564691291326
385,175,305,12.7,0.00101556476698909
385,175,305,12.7075,0.00117760116996085
385,175,305,12.715,0.00101958127336252
385,175,305,12.7225,0.00142423874855975
385,175,305,12.73,0.00154805007794526
385,175,305,12.7375,0.00124638019889891
385,175,305,12.745,0.00170964863934216
385,175,305,12.7525,0.000973920636220592
385,175,305,12.76,0.00109477851215059
385,175,305,12.7675,0.00101276734556243
385,175,305,12.775,0.000926012733026706
385,175,305,12.7825,0.000880947019048229
385,175,305,12.79,0.000707675462279159
385,175,305,12.7975,0.000943589650686252
385,175,305,12.805,0.001110871421168
385,175,305,12.8125,0.00102016264273056
385,175,305,12.82,0.00110237407565271
385,175,305,12.8275,0.000929517197892003
385,175,305,12.835,0.000476015937257805
385,175,305,12.8425,0.000336039818220478
385,175,305,12.85,0.000642507554672433
385,175,305,12.8575,0.000270044384579121
385,175,305,12.865,0.000167176558726264
385,175,305,12.8725,0.000457593248600233
385,175,305,12.88,0.000280255646784702
385,175,305,12.8875,0.000227669210091487
385,175,305,12.895,0.00068502556034856
385,175,305,12.9025,0.000303787598459936
385,175,305,12.91,0.000481987766560055
385,175,305,12.9175,0.000889632662454002
385,175,305,12.925,0.000999229553109913
385,175,305,12.9325,0.000826518281429547
385,175,305,12.94,0.000927394620424525
385,175,305,12.9475,0.000505067474227521
385,175,305,12.955,0.00114741315147394
385,175,305,12.9625,0.000804676464489199
385,175,305,12.97,0.000671377620716243
385,175,305,12.9775,0.000544783995213307
385,175,305,12.985,0.00104365886518846
385,175,305,12.9925,0.00127648168687949
385,175,305,13,0.00122442946155832
385,175,305,13.0075,0.00118418338561006
385,175,305,13.015,0.000934733136503107
385,175,305,13.0225,0.000827993140770205
385,175,305,13.03,0.00062630166234024
385,175,305,13.0375,0.0010895474122286
385,175,305,13.045,0.000648173469019278
385,175,305,13.0525,0.000425892327360165
385,175,305,13.06,0.00101379251029248
385,175,305,13.0675,0.00120680675012927
385,175,305,13.075,0.000455237079422004
385,175,305,13.0825,0.000977150623750273
385,175,305,13.09,0.000563982796663786
385,175,305,13.0975,0.000665433548132281
385,175,305,13.105,0.000479169009029267
385,175,305,13.1125,0.000164318459194803
385,175,305,13.12,0.000399297166678416
385,175,305,13.1275,0.000981208641109631
385,175,305,13.135,0.00047072343672667
385,175,305,13.1425,0.00116995671603099
385,175,305,13.15,0.000553276761095685
385,175,305,13.1575,0.000773501649102349
385,175,305,13.165,0.00133386551461488
385,175,305,13.1725,0.00114448983083662
385,175,305,13.18,0.000622674983351341
385,175,305,13.1875,0.000990393007126848
385,175,305,13.195,0.0011805782987392
385,175,305,13.2025,0.00123021980966001
385,175,305,13.21,0.00110699518609202
385,175,305,13.2175,0.00108129980946202
385,175,305,13.225,0.000988000344024723
385,175,305,13.2325,0.00094566307572397
385,175,305,13.24,0.000837364564281581
385,175,305,13.2475,0.000460303001586477
385,175,305,13.255,3.61375920883243e-05
385,175,305,13.2625,0.000131773600281723
385,175,305,13.27,0.000109163156696333
385,175,305,13.2775,0.000501591491339929
385,175,305,13.285,0.000188858121937762
385,175,305,13.2925,0.000436005500972341
385,175,305,13.3,0.000703850303545315
385,175,305,13.3075,0.000689895921847085
385,175,305,13.315,0.000811818743970805
385,175,305,13.3225,0.000677719654728403
385,175,305,13.33,0.000588915531418705
385,175,305,13.3375,0.00099252446215987
385,175,305,13.345,0.000273326267895311
385,175,305,13.3525,0.000637606699627875
385,175,305,13.36,0.0012185891892354
385,175,305,13.3675,0.000854279836408036
385,175,305,13.375,0.000858419731295067
385,175,305,13.3825,0.00113337635525191
385,175,305,13.39,0.000877742996401766
385,175,305,13.3975,0.00128172011743526
385,175,305,13.405,0.00184531348724893
385,175,305,13.4125,0.00102564138324479
385,175,305,13.42,0.000922320272888694
385,175,305,13.4275,0.00138436725847944
385,175,305,13.435,0.00101624313733084
385,175,305,13.4425,0.00121048614981768
385,175,305,13.45,0.00111525274991841
385,175,305,13.4575,0.00105371441073794
385,175,305,13.465,0.00158005475540494
385,175,305,13.4725,0.00122227579052551
385,175,305,13.48,0.0015304228175085
385,175,305,13.4875,0.0010583471360786
385,175,305,13.495,0.00115074945123985
385,175,305,13.5025,0.00137357530891777
385,175,305,13.51,0.00070163910013375
385,175,305,13.5175,0.000700411353421119
385,175,305,13.525,0.000783012246414123
385,175,305,13.5325,0.000882688905049432
385,175,305,13.54,0.0010452059267847
385,175,305,13.5475,0.000740532257145408
385,175,305,13.555,0.00110672779925669
385,175,305,13.5625,0.00115065571873001
385,175,305,13.57,0.000955333889430015
385,175,305,13.5775,0.000938276438029649
385,175,305,13.585,0.00100152235388207
385,175,305,13.5925,0.000619549078816753
385,175,305,13.6,0.000249168679125125
385,175,305,13.6075,0.000498208787786412
385,175,305,13.615,0.000462222887189433
385,175,305,13.6225,0.000308409080092704
385,175,305,13.63,0.000426609904526679
385,175,305,13.6375,0.000766661478044022
385,175,305,13.645,0.000770955682716657
385,175,305,13.6525,0.00101665293786634
385,175,305,13.66,0.00128839803744079
385,175,305,13.6675,0.00133227620411766
385,175,305,13.675,0.000991276758281654
385,175,305,13.6825,0.00130873751657132
385,175,305,13.69,0.00174398496664359
385,175,305,13.6975,0.00147616002297209
385,175,305,13.705,0.00192543199276972
385,175,305,13.7125,0.0017183823390592
385,175,305,13.72,0.00131665215467623
385,175,305,13.7275,0.00117638257734281
385,175,305,13.735,0.00132147101480841
385,175,305,13.7425,0.00101842480209942
385,175,305,13.75,0.000711604620207929
385,175,305,13.7575,0.00099441880986205
385,175,305,13.765,0.00079242004542738
385,175,305,13.7725,0.00070250639005359
385,175,305,13.78,0.000342163460486533
385,175,305,13.7875,0.00112342225234833
385,175,305,13.795,0.000880876473481484
385,175,305,13.8025,0.00122168674320341
385,175,305,13.81,0.000830485499409051
385,175,305,13.8175,0.000883688785992088
385,175,305,13.825,0.00126992007184474
385,175,305,13.8325,0.000566660793653742
385,175,305,13.84,0.00072867294306109
385,175,305,13.8475,0.000609987056972488
385,175,305,13.855,0.000401790011052095
385,175,305,13.8625,0.000848354367893435
385,175,305,13.87,0.000658874975442265
385,175,305,13.8775,0.000678980104878659
385,175,305,13.885,0.00107319113794614
385,175,305,13.8925,0.000963208974619421
385,175,305,13.9,0.000525567443919248
385,175,305,13.9075,0.00114802381055417
385,175,305,13.915,0.00137519570179411
385,175,305,13.9225,0.00104801042662092
385,175,305,13.93,0.00137828442457744
385,175,305,13.9375,0.00125625926484785
385,175,305,13.945,0.00117960942219749
385,175,305,13.9525,0.00145846215120413
385,175,305,13.96,0.00103032200967706
385,175,305,13.9675,0.0013440665752211
385,175,305,13.975,0.00111571847087058
385,175,305,13.9825,0.0010273672654451
385,175,305,13.99,0.00112739373172792
385,175,305,13.9975,0.000950031061097699
385,175,305,14.005,0.000637576160398622
385,175,305,14.0125,0.000760776852495667
385,175,305,14.02,0.000460582018536232
385,175,305,14.0275,0.00034869267740807
385,175,305,14.035,6.34186177795133e-05
385,175,305,14.0425,0.000272564418405241
385,175,305,14.05,0.000497833451481545
385,175,305,14.0575,0.000917035386655508
385,175,305,14.065,0.000792374573287222
385,175,305,14.0725,0.00086771914078947
385,175,305,14.08,0.000922006751523586
385,175,305,14.0875,0.000487882513206298
385,175,305,14.095,0.000647378872231126
385,175,305,14.1025,0.000444518060590583
385,175,305,14.11,0.000938253104806233
385,175,305,14.1175,0.000552149791020969
385,175,305,14.125,0.000661383947340712
385,175,305,14.1325,0.000815798904555966
385,175,305,14.14,0.000609501920735277
385,175,305,14.1475,0.000838421715340321
385,175,305,14.155,0.00127644525165705
385,175,305,14.1625,0.00108609371350009
385,175,305,14.17,0.00116162957976992
385,175,305,14.1775,0.0010525615397944
385,175,305,14.185,0.00117107797429244
385,175,305,14.1925,0.00150915221956466
385,175,305,14.2,0.00154246441200889
385,175,305,14.2075,0.00140904737702197
385,175,305,14.215,0.00113917454171596
385,175,305,14.2225,0.00148539187230234
385,175,305,14.23,0.00152339694250217
385,175,305,14.2375,0.00145620639915553
385,175,305,14.245,0.00137237455711682
385,175,305,14.2525,0.000764611602454336
385,175,305,14.26,0.00107723135617068
385,175,305,14.2675,0.000710123018761692
385,175,305,14.275,0.000756619688437435
385,175,305,14.2825,0.00054430535749748
385,175,305,14.29,0.000558923812222716
385,175,305,14.2975,0.000493594181714871
385,175,305,14.305,0.00128238489722887
385,175,305,14.3125,0.000955659205743501
385,175,305,14.32,0.00075615171401069
385,175,305,14.3275,0.000641667724462402
385,175,305,14.335,0.000835715491865198
385,175,305,14.3425,0.000479281233467603
385,175,305,14.35,0.000666687104436983
385,175,305,14.3575,0.000162908037431102
385,175,305,14.365,0.000382530385063207
385,175,305,14.3725,0.000396175826799231
385,175,305,14.38,0.000622802240804719
385,175,305,14.3875,0.000590113490162508
385,175,305,14.395,0.000693893177678779
385,175,305,14.4025,0.000652352230059474
385,175,305,14.41,0.000483653454574762
385,175,305,14.4175,0.0009449999614905
385,175,305,14.425,0.000409474304871202
385,175,305,14.4325,0.000923934289396408
385,175,305,14.44,0.000873228545768619
385,175,305,14.4475,0.000764684441741714
385,175,305,14.455,0.000641535586730028
385,175,305,14.4625,0.000832651265422433
385,175,305,14.47,0.000889084323194474
385,175,305,14.4775,0.000987863699254443
385,175,305,14.485,0.00129407463900348
385,175,305,14.4925,0.000493064877530606
385,175,305,14.5,0.000508962761000259
385,175,305,14.5075,0.00078571774151553
385,175,305,14.515,0.00054667438048838
385,175,305,14.5225,0.000781040735556603
385,175,305,14.53,0.00110654039683904
385,175,305,14.5375,0.00054575125161713
385,175,305,14.545,0.000572821984187885
385,175,305,14.5525,0.000178829310210682
385,175,305,14.56,3.18854224787113e-05
385,175,305,14.5675,0.000694354176328212
385,175,305,14.575,0.000353066235751949
385,175,305,14.5825,0.000644113729480822
385,175,305,14.59,0.000968481751538261
385,175,305,14.5975,0.00045414521342541
385,175,305,14.605,0.000851920037561863
385,175,305,14.6125,0.000361392494621164
385,175,305,14.62,0.000568591118768343
385,175,305,14.6275,0.000456693332063365
385,175,305,14.635,0.000513847252039794
385,175,305,14.6425,7.22846267987484e-05
385,175,305,14.65,0.000794939315543577
385,175,305,14.6575,0.000370059607137757
385,175,305,14.665,0.00070318692349393
385,175,305,14.6725,0.000927176895658857
385,175,305,14.68,0.000934741703595872
385,175,305,14.6875,0.000675384562627819
385,175,305,14.695,0.000930312074589147
385,175,305,14.7025,0.00076782274746531
385,175,305,14.71,0.00115662185092656
385,175,305,14.7175,0.000695742674952714
385,175,305,14.725,0.000737823585636255
385,175,305,14.7325,0.000579831255966436
385,175,305,14.74,0.00088438442125372
385,175,305,14.7475,0.000687706390458299
385,175,305,14.755,0.000565954444672206
385,175,305,14.7625,0.000359133822925051
385,175,305,14.77,0.000436499668698215
385,175,305,14.7775,0.000254518352556314
385,175,305,14.785,0.000624095610591944
385,175,305,14.7925,0.000658402519643776
385,175,305,14.8,0.000373999612705579
385,175,305,14.8075,0.000279147681762295
385,175,305,14.815,0.000397852201277494
385,175,305,14.8225,0.000249546596319895
385,175,305,14.83,0.000430550313982527
385,175,305,14.8375,0.000613795691664334
385,175,305,14.845,0.000432159179552281
385,175,305,14.8525,0.000326946891998006
385,175,305,14.86,0.000617693032001912
385,175,305,14.8675,0.000122885358909442
385,175,305,14.875,0.000283741145318885
385,175,305,14.8825,0.000306795907475812
385,175,305,14.89,0.000188231010354387
385,175,305,14.8975,0.000460307376650756
385,175,305,14.905,0.000351992097812115
385,175,305,14.9125,0.00116472245748473
385,175,305,14.92,0.000510854664835679
385,175,305,14.9275,0.000581857572822059
385,175,305,14.935,0.00101213332015197
385,175,305,14.9425,0.000467139692026953
385,175,305,14.95,0.000755914427915931
385,175,305,14.9575,0.000948900946501448
385,175,305,14.965,0.000690968809536909
385,175,305,14.9725,0.000873607076695066
385,175,305,14.98,0.00056685069020571
385,175,305,14.9875,0.000625253441811737
385,175,305,14.995,0.000800542137749605
385,175,305,15.0025,0.000745311719234226
385,175,305,15.01,0.000565710391668643
385,175,305,15.0175,0.000565387649384896
385,175,305,15.025,0.000608875592993446
385,175,305,15.0325,0.00056958433747867
385,175,305,15.04,0.000316529199006212
385,175,305,15.0475,0.000137157146090708
385,175,305,15.055,0.000453700005022374
385,175,305,15.0625,0.000179216980397532
385,175,305,15.07,0.000196086295650719
385,175,305,15.0775,0.000183451396098487
385,175,305,15.085,0.000110158633375761
385,175,305,15.0925,0.00035119728904289
385,175,305,15.1,0.000248822719509555
385,175,305,15.1075,0.000291072001928692
385,175,305,15.115,0.000645926934580199
385,175,305,15.1225,0.000353179044859097
385,175,305,15.13,0.000684824834878277
385,175,305,15.1375,0.00102389479828948
385,175,305,15.145,0.00101377445656782
385,175,305,15.1525,0.00088763739646843
385,175,305,15.16,0.000517512040820521
385,175,305,15.1675,0.000743456817565689
385,175,305,15.175,0.000744014654392838
385,175,305,15.1825,0.000517001832348
385,175,305,15.19,0.000900186134871181
385,175,305,15.1975,0.000725262476830849
385,175,305,15.205,0.000520837387672121
385,175,305,15.2125,0.00105857464403289
385,175,305,15.22,0.000807250637026836
385,175,305,15.2275,0.000651727390053313
385,175,305,15.235,0.000517637581638712
385,175,305,15.2425,0.000645257937819561
385,175,305,15.25,0.000478705166760695
385,175,305,15.2575,0.000193791085563164
385,175,305,15.265,0.000481056236206203
385,175,305,15.2725,0.000132622833729271
385,175,305,15.28,0.000439431164878257
385,175,305,15.2875,0.00017467164857534
385,175,305,15.295,0.000882558409899649
385,175,305,15.3025,0.000236331254142027
385,175,305,15.31,0.000218514642363274
385,175,305,15.3175,0.000598472118859444
385,175,305,15.325,0.00013224365376493
385,175,305,15.3325,0.000430941750246365
385,175,305,15.34,0.00056913482696241
385,175,305,15.3475,0.000542723097177871
385,175,305,15.355,0.000237055352005105
385,175,305,15.3625,0.000660370236641277
385,175,305,15.37,0.000701181621361784
385,175,305,15.3775,0.000441818127063671
385,175,305,15.385,0.000319399999315104
385,175,305,15.3925,0.00062802389790967
385,175,305,15.4,0.000437920058423379
385,175,305,15.4075,0.000657360268898409
385,175,305,15.415,0.000780164419444798
385,175,305,15.4225,0.000287825734035517
385,175,305,15.43,0.000423826606594797
385,175,305,15.4375,0.000669730104041009
385,175,305,15.445,0.000707874991978933
385,175,305,15.4525,0.000437462491801158
385,175,305,15.46,0.000406726351989562
385,175,305,15.4675,0.000851056399432671
385,175,305,15.475,0.000841736955691339
385,175,305,15.4825,0.00102959125150605
385,175,305,15.49,0.000344751443550434
385,175,305,15.4975,0.000408628022706785
385,175,305,15.505,0.000421599002273277
385,175,305,15.5125,0.000550166941324385
385,175,305,15.52,0.000307854440306909
385,175,305,15.5275,0.000337248873361222
385,175,305,15.535,0.000539715364534094
385,175,305,15.5425,0.000303680339723659
385,175,305,15.55,0.000254030208863795
385,175,305,15.5575,0.000603530831970049
385,175,305,15.565,5.01361609442814e-05
385,175,305,15.5725,0.000312493681026984
385,175,305,15.58,0.00027783303240526
385,175,305,15.5875,0.000542936232450357
385,175,305,15.595,0.000288706365870358
385,175,305,15.6025,0.000228843526826791
385,175,305,15.61,0.000988324401577136
385,175,305,15.6175,0.000518046845130385
385,175,305,15.625,0.000434893638932126
385,175,305,15.6325,0.000313103464204471
385,175,305,15.64,0.000566135349723366
385,175,305,15.6475,0.000529702998672044
385,175,305,15.655,0.000381947123545055
385,175,305,15.6625,0.000260269782074154
385,175,305,15.67,0.000490106364615043
385,175,305,15.6775,0.000496195255623602
385,175,305,15.685,0.000805400202281379
385,175,305,15.6925,0.000441852134581395
385,175,305,15.7,0.00103669139797177
385,175,305,15.7075,0.000374664083237133
385,175,305,15.715,0.000870065522335724
385,175,305,15.7225,0.000927861905982619
385,175,305,15.73,0.00100236382939693
385,175,305,15.7375,0.00111420689846735
385,175,305,15.745,0.000985910600528532
385,175,305,15.7525,0.000584603777002224
385,175,305,15.76,0.000627326005426276
385,175,305,15.7675,0.000625860684455651
385,175,305,15.775,0.000432799588244067
385,175,305,15.7825,0.00064501745744357
385,175,305,15.79,0.000509837597523387
385,175,305,15.7975,0.000433354826166639
385,175,305,15.805,0.000163400387766807
385,175,305,15.8125,0.000475799908608885
385,175,305,15.82,0.00053389022326473
385,175,305,15.8275,0.000631934102307564
385,175,305,15.835,0.000318456010663838
385,175,305,15.8425,0.000479401923620158
385,175,305,15.85,0.000302672765636123
385,175,305,15.8575,0.000480020185737942
385,175,305,15.865,0.000722707988107692
385,175,305,15.8725,8.02629167782248e-05
385,175,305,15.88,0.000292620556649452
385,175,305,15.8875,0.000886791083980982
385,175,305,15.895,0.000477582407385662
385,175,305,15.9025,0.000498703786836495
385,175,305,15.91,0.000309696120085116
385,175,305,15.9175,0.000186043700349507
385,175,305,15.925,0.000438472137767285
385,175,305,15.9325,0.00049734504119393
385,175,305,15.94,1.45644479267379e-05
385,175,305,15.9475,0.000320341101959465
385,175,305,15.955,0.000271521931351133
385,175,305,15.9625,0.000177359188672336
385,175,305,15.97,0.000447329104474875
385,175,305,15.9775,0.000360878724331165
385,175,305,15.985,0.000551107089151133
385,175,305,15.9925,0.00044862861450811
385,175,305,16,9.0600592321269e-05
385,175,304,4,0.00604298396603532
385,175,304,4.0075,0.00572463490817947
385,175,304,4.015,0.00607210311477146
385,175,304,4.0225,0.00471615371188527
385,175,304,4.03,0.00472201743024664
385,175,304,4.0375,0.00417051060912076
385,175,304,4.045,0.00327193480416601
385,175,304,4.0525,0.00406292581022248
385,175,304,4.06,0.00351610131124131
385,175,304,4.0675,0.00355339247777227
385,175,304,4.075,0.00398988760369305
385,175,304,4.0825,0.00450869344165389
385,175,304,4.09,0.00445205676438225
385,175,304,4.0975,0.00547750098298603
385,175,304,4.105,0.00527921132025855
385,175,304,4.1125,0.00551059532883953
385,175,304,4.12,0.00483633567223296
385,175,304,4.1275,0.00451385483503483
385,175,304,4.135,0.00392476260603258
385,175,304,4.1425,0.00394369684299031
385,175,304,4.15,0.00384234634383198
385,175,304,4.1575,0.00401519774008287
385,175,304,4.165,0.00381073895373662
385,175,304,4.1725,0.00335327050782009
385,175,304,4.18,0.00349105147858696
385,175,304,4.1875,0.00318557243180348
385,175,304,4.195,0.00292512906930144
385,175,304,4.2025,0.0029142194494499
385,175,304,4.21,0.00323978324440951
385,175,304,4.2175,0.00327445828402218
385,175,304,4.225,0.00380567241499683
385,175,304,4.2325,0.00336946182981849
385,175,304,4.24,0.00394830247778284
385,175,304,4.2475,0.00406842345203833
385,175,304,4.255,0.00393497212681994
385,175,304,4.2625,0.00435776744816106
385,175,304,4.27,0.00444116281831716
385,175,304,4.2775,0.00400264809239536
385,175,304,4.285,0.00345055548510228
385,175,304,4.2925,0.00370766859540845
385,175,304,4.3,0.00358885168704504
385,175,304,4.3075,0.00406009259831833
385,175,304,4.315,0.00461395842351778
385,175,304,4.3225,0.00495408131442249
385,175,304,4.33,0.00499254913976541
385,175,304,4.3375,0.00481373251196928
385,175,304,4.345,0.00589706053090049
385,175,304,4.3525,0.00510994336918061
385,175,304,4.36,0.00511080945944637
385,175,304,4.3675,0.00445820901728095
385,175,304,4.375,0.00481608032758212
385,175,304,4.3825,0.00392758412232117
385,175,304,4.39,0.00338387756469083
385,175,304,4.3975,0.00293761589474409
385,175,304,4.405,0.00251227538053939
385,175,304,4.4125,0.00205047125453624
385,175,304,4.42,0.00167710469928303
385,175,304,4.4275,0.0004927586360746
385,175,304,4.435,0.000948743322579174
385,175,304,4.4425,0.000737781688559538
385,175,304,4.45,0.000784387371325236
385,175,304,4.4575,0.00184846731879964
385,175,304,4.465,0.00158422956215344
385,175,304,4.4725,0.00207006026618629
385,175,304,4.48,0.00274560553296188
385,175,304,4.4875,0.00256180417888093
385,175,304,4.495,0.00259322145425086
385,175,304,4.5025,0.00281411856114513
385,175,304,4.51,0.00250775484804627
385,175,304,4.5175,0.00287290646335601
385,175,304,4.525,0.00271922360694947
385,175,304,4.5325,0.00239624064411228
385,175,304,4.54,0.00223388205644732
385,175,304,4.5475,0.00206526408098135
385,175,304,4.555,0.00182425364840095
385,175,304,4.5625,0.00235454686038891
385,175,304,4.57,0.00320014788196626
385,175,304,4.5775,0.0027742575428529
385,175,304,4.585,0.00317351641844662
385,175,304,4.5925,0.00265803810940544
385,175,304,4.6,0.00264677585672112
385,175,304,4.6075,0.00248003564913147
385,175,304,4.615,0.00197618631867095
385,175,304,4.6225,0.00208361840874677
385,175,304,4.63,0.00122385526598889
385,175,304,4.6375,0.00125550293785715
385,175,304,4.645,0.00191971556540773
385,175,304,4.6525,0.00173882357242453
385,175,304,4.66,0.00217269758803897
385,175,304,4.6675,0.00214472446425866
385,175,304,4.675,0.00228071918328585
385,175,304,4.6825,0.00281492814929894
385,175,304,4.69,0.00283577439814278
385,175,304,4.6975,0.00244531570472025
385,175,304,4.705,0.00255705611075433
385,175,304,4.7125,0.00203403828775911
385,175,304,4.72,0.00219800512783785
385,175,304,4.7275,0.00223742938883693
385,175,304,4.735,0.00216507428308979
385,175,304,4.7425,0.00152925559777128
385,175,304,4.75,0.000737983889171898
385,175,304,4.7575,0.00124552217640645
385,175,304,4.765,0.00120620659317634
385,175,304,4.7725,0.000894612704116903
385,175,304,4.78,0.00145383334477259
385,175,304,4.7875,0.00132013640513538
385,175,304,4.795,0.00133885090488346
385,175,304,4.8025,0.00220172086295324
385,175,304,4.81,0.00262441583009005
385,175,304,4.8175,0.00288209060875533
385,175,304,4.825,0.00248498403427644
385,175,304,4.8325,0.00263121523217
385,175,304,4.84,0.00264937927287375
385,175,304,4.8475,0.00324437090108942
385,175,304,4.855,0.0027273835339986
385,175,304,4.8625,0.00254785683920886
385,175,304,4.87,0.00230811682367007
385,175,304,4.8775,0.00207182480561419
385,175,304,4.885,0.00173633593889365
385,175,304,4.8925,0.00111270569273938
385,175,304,4.9,0.000799373665582854
385,175,304,4.9075,0.000935246085773059
385,175,304,4.915,0.000528057612857715
385,175,304,4.9225,0.000533344435791629
385,175,304,4.93,0.000383602299648065
385,175,304,4.9375,0.000520938499266854
385,175,304,4.945,0.00112765788040584
385,175,304,4.9525,0.000941289064941109
385,175,304,4.96,0.00116609731993988
385,175,304,4.9675,0.00130474350113265
385,175,304,4.975,0.00100938311413827
385,175,304,4.9825,0.00161267569837195
385,175,304,4.99,0.00166833695336044
385,175,304,4.9975,0.00194787974104857
385,175,304,5.005,0.00213546602887264
385,175,304,5.0125,0.00228038331138597
385,175,304,5.02,0.00234367962675925
385,175,304,5.0275,0.00231742858905358
385,175,304,5.035,0.0029990168108479
385,175,304,5.0425,0.00316857062700457
385,175,304,5.05,0.00352973699812359
385,175,304,5.0575,0.00373375500290382
385,175,304,5.065,0.00290615509912653
385,175,304,5.0725,0.0027049694928019
385,175,304,5.08,0.00315177754820561
385,175,304,5.0875,0.002113868866792
385,175,304,5.095,0.00248452663079426
385,175,304,5.1025,0.00218963680392542
385,175,304,5.11,0.00129211786759414
385,175,304,5.1175,0.000770417919756013
385,175,304,5.125,0.000952775002892499
385,175,304,5.1325,0.000866276568213707
385,175,304,5.14,0.000347755341727911
385,175,304,5.1475,0.000890889014037609
385,175,304,5.155,0.000302619302668704
385,175,304,5.1625,0.000905530269854508
385,175,304,5.17,0.000836236064964393
385,175,304,5.1775,0.000608429929396482
385,175,304,5.185,0.000342095001574579
385,175,304,5.1925,0.000560861179217537
385,175,304,5.2,0.000299848657417476
385,175,304,5.2075,0.000479445157393158
385,175,304,5.215,0.000772469539231351
385,175,304,5.2225,0.000897147450274497
385,175,304,5.23,0.00138794613186073
385,175,304,5.2375,0.00199000991984787
385,175,304,5.245,0.00216671695108392
385,175,304,5.2525,0.00198570156511797
385,175,304,5.26,0.00261068998631212
385,175,304,5.2675,0.00227273099829349
385,175,304,5.275,0.00186751282268388
385,175,304,5.2825,0.00175620475922045
385,175,304,5.29,0.00212580575456095
385,175,304,5.2975,0.00146797907146434
385,175,304,5.305,0.00168865856961688
385,175,304,5.3125,0.00130380695145375
385,175,304,5.32,0.00167395269251068
385,175,304,5.3275,0.00126700755182538
385,175,304,5.335,0.000997148635901864
385,175,304,5.3425,0.00072201126175559
385,175,304,5.35,0.00047782722809184
385,175,304,5.3575,0.000127979478939193
385,175,304,5.365,0.000659378586114138
385,175,304,5.3725,0.00108558598644658
385,175,304,5.38,0.000972331219819793
385,175,304,5.3875,0.0014960888527262
385,175,304,5.395,0.00169036888505332
385,175,304,5.4025,0.00162137833801001
385,175,304,5.41,0.00112624212150658
385,175,304,5.4175,0.00178628328990991
385,175,304,5.425,0.00056314994746199
385,175,304,5.4325,0.00131618785708869
385,175,304,5.44,0.000981700078149131
385,175,304,5.4475,0.000767666831984343
385,175,304,5.455,0.000851443786389174
385,175,304,5.4625,0.000368815888587713
385,175,304,5.47,0.000862696295315413
385,175,304,5.4775,0.000795371513348602
385,175,304,5.485,0.00146790631563708
385,175,304,5.4925,0.00130378100546937
385,175,304,5.5,0.00178213025975086
385,175,304,5.5075,0.00172291697252992
385,175,304,5.515,0.00199421331628591
385,175,304,5.5225,0.00184303607761117
385,175,304,5.53,0.00136832787381846
385,175,304,5.5375,0.00194152746378714
385,175,304,5.545,0.00172120625443877
385,175,304,5.5525,0.00135106950199933
385,175,304,5.56,0.00146109033230518
385,175,304,5.5675,0.000821065637484417
385,175,304,5.575,0.000748046478108002
385,175,304,5.5825,0.000783906135216638
385,175,304,5.59,0.00085485926760032
385,175,304,5.5975,0.00096242048164426
385,175,304,5.605,0.00113278951457423
385,175,304,5.6125,0.000775472799671176
385,175,304,5.62,0.000878451755536663
385,175,304,5.6275,0.000622434002958536
385,175,304,5.635,0.000563134562978038
385,175,304,5.6425,0.000683376595448874
385,175,304,5.65,0.000894358148753591
385,175,304,5.6575,0.000418598272867322
385,175,304,5.665,0.00114746523835032
385,175,304,5.6725,0.000898576250724962
385,175,304,5.68,0.000878314851295199
385,175,304,5.6875,0.00107923392673595
385,175,304,5.695,0.000899913002730575
385,175,304,5.7025,0.00162613161789785
385,175,304,5.71,0.00185616346464077
385,175,304,5.7175,0.00254534785168247
385,175,304,5.725,0.00261195101576358
385,175,304,5.7325,0.00284386621004991
385,175,304,5.74,0.00310207343396632
385,175,304,5.7475,0.00297981069199369
385,175,304,5.755,0.0031368324145456
385,175,304,5.7625,0.00284022064860158
385,175,304,5.77,0.00304311445585146
385,175,304,5.7775,0.00272511563516947
385,175,304,5.785,0.00264577896730571
385,175,304,5.7925,0.00254652967271792
385,175,304,5.8,0.00273458550786585
385,175,304,5.8075,0.00236996381137796
385,175,304,5.815,0.00254583413159738
385,175,304,5.8225,0.00116902874981846
385,175,304,5.83,0.00155859986024263
385,175,304,5.8375,0.00107852627103988
385,175,304,5.845,0.000973068180716685
385,175,304,5.8525,0.000647245510808455
385,175,304,5.86,0.000996493837848553
385,175,304,5.8675,0.000513516430582033
385,175,304,5.875,0.000468158147654362
385,175,304,5.8825,0.000616222640359597
385,175,304,5.89,0.000620033255079641
385,175,304,5.8975,0.000418356845938525
385,175,304,5.905,0.000514558277261014
385,175,304,5.9125,0.000870108642046753
385,175,304,5.92,0.000810723951370658
385,175,304,5.9275,0.000723965372549751
385,175,304,5.935,0.000645987709251069
385,175,304,5.9425,0.000861591994224198
385,175,304,5.95,0.00100259311392217
385,175,304,5.9575,0.0011942602478132
385,175,304,5.965,0.00227091045062777
385,175,304,5.9725,0.00160302913540445
385,175,304,5.98,0.00202872015147923
385,175,304,5.9875,0.00170259850714174
385,175,304,5.995,0.00197940363779167
385,175,304,6.0025,0.00195820896576678
385,175,304,6.01,0.0020695374389673
385,175,304,6.0175,0.00177348838235939
385,175,304,6.025,0.00173697631574294
385,175,304,6.0325,0.00172623454708276
385,175,304,6.04,0.00173992514140225
385,175,304,6.0475,0.00147405057113476
385,175,304,6.055,0.0011676298763116
385,175,304,6.0625,0.00120244055503833
385,175,304,6.07,0.00126674494475479
385,175,304,6.0775,0.00139184582936169
385,175,304,6.085,0.00116119108634512
385,175,304,6.0925,0.00142238697106691
385,175,304,6.1,0.00161376137174658
385,175,304,6.1075,0.00137209970487018
385,175,304,6.115,0.00132078244562017
385,175,304,6.1225,0.00141562256152771
385,175,304,6.13,0.00135608249326023
385,175,304,6.1375,0.0015299337527704
385,175,304,6.145,0.00123922253441616
385,175,304,6.1525,0.00170035247169808
385,175,304,6.16,0.00121274303239787
385,175,304,6.1675,0.000995644896454356
385,175,304,6.175,0.00120136620570682
385,175,304,6.1825,0.000941986570103594
385,175,304,6.19,0.000497989610097448
385,175,304,6.1975,0.000819735155000586
385,175,304,6.205,0.000990274851954743
385,175,304,6.2125,0.000793694679675645
385,175,304,6.22,0.00083987115675325
385,175,304,6.2275,0.00162819849398057
385,175,304,6.235,0.00100688156865877
385,175,304,6.2425,0.00137339922812452
385,175,304,6.25,0.00126974383192926
385,175,304,6.2575,0.00178297310474187
385,175,304,6.265,0.00161746493993489
385,175,304,6.2725,0.00104297289434799
385,175,304,6.28,0.00165048209753951
385,175,304,6.2875,0.00113900796328072
385,175,304,6.295,0.00166496767941256
385,175,304,6.3025,0.00143401019506723
385,175,304,6.31,0.00114891110112052
385,175,304,6.3175,0.00136904445007418
385,175,304,6.325,0.000783001904211666
385,175,304,6.3325,0.00142015768065558
385,175,304,6.34,0.00128386572069669
385,175,304,6.3475,0.00132374847172048
385,175,304,6.355,0.00162822866951451
385,175,304,6.3625,0.00140520292927935
385,175,304,6.37,0.00178504521022983
385,175,304,6.3775,0.00162707942140386
385,175,304,6.385,0.00167214688495815
385,175,304,6.3925,0.00180494868076965
385,175,304,6.4,0.00184892329516984
385,175,304,6.4075,0.00160187885706998
385,175,304,6.415,0.00121533548812177
385,175,304,6.4225,0.00123089028934363
385,175,304,6.43,0.00135728120810603
385,175,304,6.4375,0.00135457841921591
385,175,304,6.445,0.00149380356378692
385,175,304,6.4525,0.00135643607895952
385,175,304,6.46,0.00126908940452338
385,175,304,6.4675,0.0014816253194414
385,175,304,6.475,0.00170490277272686
385,175,304,6.4825,0.00166171531006031
385,175,304,6.49,0.00153356745876816
385,175,304,6.4975,0.00183667640044025
385,175,304,6.505,0.00189056928909747
385,175,304,6.5125,0.00209155390101585
385,175,304,6.52,0.00223372471631041
385,175,304,6.5275,0.00160891633204406
385,175,304,6.535,0.0012247524971519
385,175,304,6.5425,0.00139756218646686
385,175,304,6.55,0.00161317543297858
385,175,304,6.5575,0.00131024504331794
385,175,304,6.565,0.00166804057273751
385,175,304,6.5725,0.00102354759510977
385,175,304,6.58,0.0017192392962601
385,175,304,6.5875,0.00142607852536609
385,175,304,6.595,0.000956694932439557
385,175,304,6.6025,0.000429728933045289
385,175,304,6.61,0.000540465704170121
385,175,304,6.6175,0.0017384219351322
385,175,304,6.625,0.00117182045178736
385,175,304,6.6325,0.00149719325261443
385,175,304,6.64,0.00147925877276759
385,175,304,6.6475,0.0017367826388573
385,175,304,6.655,0.00110549486682525
385,175,304,6.6625,0.00189701200776933
385,175,304,6.67,0.00122279104092841
385,175,304,6.6775,0.00142716430943226
385,175,304,6.685,0.001568189017888
385,175,304,6.6925,0.00150559436996669
385,175,304,6.7,0.00130724915068516
385,175,304,6.7075,0.00197819459500543
385,175,304,6.715,0.00180889830337966
385,175,304,6.7225,0.00226453006763278
385,175,304,6.73,0.00269549459288424
385,175,304,6.7375,0.00237485436182956
385,175,304,6.745,0.00278703460397677
385,175,304,6.7525,0.00258039803279219
385,175,304,6.76,0.00222256723802384
385,175,304,6.7675,0.00251738465126433
385,175,304,6.775,0.00212949342854781
385,175,304,6.7825,0.00166878405215574
385,175,304,6.79,0.00181455754069749
385,175,304,6.7975,0.00209724804719452
385,175,304,6.805,0.00125432866534779
385,175,304,6.8125,0.00158276579863528
385,175,304,6.82,0.0017874858898605
385,175,304,6.8275,0.00144217405377101
385,175,304,6.835,0.00211695011217591
385,175,304,6.8425,0.00250226444641238
385,175,304,6.85,0.00222079170161902
385,175,304,6.8575,0.00248603398288181
385,175,304,6.865,0.00246280228034431
385,175,304,6.8725,0.00282080918697162
385,175,304,6.88,0.00313034358000361
385,175,304,6.8875,0.00300219167156812
385,175,304,6.895,0.0033857699104483
385,175,304,6.9025,0.00292915168448965
385,175,304,6.91,0.00242093245116216
385,175,304,6.9175,0.00274179194900335
385,175,304,6.925,0.0022611357927409
385,175,304,6.9325,0.00165455070129875
385,175,304,6.94,0.00129114771391863
385,175,304,6.9475,0.00170395245773468
385,175,304,6.955,0.00132013803905665
385,175,304,6.9625,0.00214171227631397
385,175,304,6.97,0.00163746390446838
385,175,304,6.9775,0.00198814178862256
385,175,304,6.985,0.00223272457727011
385,175,304,6.9925,0.00169258912995103
385,175,304,7,0.00200354563778044
385,175,304,7.0075,0.00279054047201682
385,175,304,7.015,0.00213527069256889
385,175,304,7.0225,0.00202291760315667
385,175,304,7.03,0.00228408036103279
385,175,304,7.0375,0.00201995902335639
385,175,304,7.045,0.00239291041441939
385,175,304,7.0525,0.00171443392276795
385,175,304,7.06,0.00140336706947483
385,175,304,7.0675,0.00215544482493951
385,175,304,7.075,0.00183956321066197
385,175,304,7.0825,0.00193476591445066
385,175,304,7.09,0.00198731355690371
385,175,304,7.0975,0.00210669224723136
385,175,304,7.105,0.00235461453831263
385,175,304,7.1125,0.00223035125277888
385,175,304,7.12,0.00206999597378797
385,175,304,7.1275,0.002199533209049
385,175,304,7.135,0.00264477962261997
385,175,304,7.1425,0.00261092521332869
385,175,304,7.15,0.00295848699789848
385,175,304,7.1575,0.00250065310289983
385,175,304,7.165,0.0023351195056571
385,175,304,7.1725,0.00256772281159847
385,175,304,7.18,0.00249614392614619
385,175,304,7.1875,0.00164343180459353
385,175,304,7.195,0.00193622644611319
385,175,304,7.2025,0.00187460855235313
385,175,304,7.21,0.00219180777557113
385,175,304,7.2175,0.00216424784324457
385,175,304,7.225,0.00212114520499697
385,175,304,7.2325,0.00296517841645714
385,175,304,7.24,0.00287021166095346
385,175,304,7.2475,0.00248434567956088
385,175,304,7.255,0.00311611306958801
385,175,304,7.2625,0.00231412860007152
385,175,304,7.27,0.00295054341922926
385,175,304,7.2775,0.00304683864823649
385,175,304,7.285,0.00296032718077581
385,175,304,7.2925,0.00300010552550233
385,175,304,7.3,0.00245749838045683
385,175,304,7.3075,0.00235306985589674
385,175,304,7.315,0.0022235683540373
385,175,304,7.3225,0.00215141195779776
385,175,304,7.33,0.00182863590939819
385,175,304,7.3375,0.00173414870916653
385,175,304,7.345,0.00200300118210668
385,175,304,7.3525,0.00218137579986923
385,175,304,7.36,0.00223306318584727
385,175,304,7.3675,0.00207261794013528
385,175,304,7.375,0.00204573853568407
385,175,304,7.3825,0.0022036132030376
385,175,304,7.39,0.00272822554314311
385,175,304,7.3975,0.00264642831896499
385,175,304,7.405,0.00268195526094507
385,175,304,7.4125,0.00256200422229614
385,175,304,7.42,0.00243112612563047
385,175,304,7.4275,0.00250919411207182
385,175,304,7.435,0.00183867399692367
385,175,304,7.4425,0.001864345145226
385,175,304,7.45,0.00141912390587911
385,175,304,7.4575,0.0017110027331071
385,175,304,7.465,0.00143129904362942
385,175,304,7.4725,0.00211155403360837
385,175,304,7.48,0.00175754372762812
385,175,304,7.4875,0.00205970832251747
385,175,304,7.495,0.00237824910883123
385,175,304,7.5025,0.00229797998552069
385,175,304,7.51,0.00275681982917958
385,175,304,7.5175,0.00247118864219461
385,175,304,7.525,0.00239549792309068
385,175,304,7.5325,0.00238534952451056
385,175,304,7.54,0.00217475986974107
385,175,304,7.5475,0.00247033760366034
385,175,304,7.555,0.00192473002812234
385,175,304,7.5625,0.00153180224464518
385,175,304,7.57,0.00220793403245158
385,175,304,7.5775,0.00214329933074123
385,175,304,7.585,0.00184106200607245
385,175,304,7.5925,0.00268889598331579
385,175,304,7.6,0.00238529986865398
385,175,304,7.6075,0.00238496667845032
385,175,304,7.615,0.00315745626876178
385,175,304,7.6225,0.00326770372889929
385,175,304,7.63,0.00336649579601382
385,175,304,7.6375,0.00336617363246016
385,175,304,7.645,0.00286459587424944
385,175,304,7.6525,0.00308937186925447
385,175,304,7.66,0.00271941360509208
385,175,304,7.6675,0.00222932028754264
385,175,304,7.675,0.00252259867867731
385,175,304,7.6825,0.00201233671681408
385,175,304,7.69,0.00168128763487741
385,175,304,7.6975,0.00177893458940159
385,175,304,7.705,0.00176970256869549
385,175,304,7.7125,0.00151815266016156
385,175,304,7.72,0.00167631693159497
385,175,304,7.7275,0.00194795389736457
385,175,304,7.735,0.00213347932460422
385,175,304,7.7425,0.00225952507803324
385,175,304,7.75,0.00233456619486364
385,175,304,7.7575,0.00223942792368425
385,175,304,7.765,0.00261516083644143
385,175,304,7.7725,0.0024102788140033
385,175,304,7.78,0.00247887574512678
385,175,304,7.7875,0.00258904444838474
385,175,304,7.795,0.00233682921019539
385,175,304,7.8025,0.00189162235176737
385,175,304,7.81,0.00210031543629456
385,175,304,7.8175,0.00182226409179783
385,175,304,7.825,0.00124863679670712
385,175,304,7.8325,0.00106610797436675
385,175,304,7.84,0.0017676770367996
385,175,304,7.8475,0.00184700617432955
385,175,304,7.855,0.0021545993197259
385,175,304,7.8625,0.00236042063570706
385,175,304,7.87,0.00192586117024238
385,175,304,7.8775,0.0026068320489508
385,175,304,7.885,0.00296189191975776
385,175,304,7.8925,0.00320828117497404
385,175,304,7.9,0.0028625969974147
385,175,304,7.9075,0.0026822258362631
385,175,304,7.915,0.00211084738290344
385,175,304,7.9225,0.00174940770605009
385,175,304,7.93,0.00227627327521233
385,175,304,7.9375,0.00265062054873534
385,175,304,7.945,0.00231145060998888
385,175,304,7.9525,0.00263592654500731
385,175,304,7.96,0.00237113966653164
385,175,304,7.9675,0.00302823691527667
385,175,304,7.975,0.0028696426888846
385,175,304,7.9825,0.00298834771782281
385,175,304,7.99,0.00296833596044623
385,175,304,7.9975,0.00326923708298648
385,175,304,8.005,0.00357206396725368
385,175,304,8.0125,0.00305098274851029
385,175,304,8.02,0.0031087802629273
385,175,304,8.0275,0.00297371769198447
385,175,304,8.035,0.00270652933907686
385,175,304,8.0425,0.00273919901747743
385,175,304,8.05,0.00279322559706119
385,175,304,8.0575,0.0025801954273666
385,175,304,8.065,0.00238815453053844
385,175,304,8.0725,0.00179981054118378
385,175,304,8.08,0.00124743993966173
385,175,304,8.0875,0.00176184736653861
385,175,304,8.095,0.00178931799478473
385,175,304,8.1025,0.00154305987742259
385,175,304,8.11,0.00192887874937018
385,175,304,8.1175,0.00189294067960855
385,175,304,8.125,0.00257718821659436
385,175,304,8.1325,0.00206861530260971
385,175,304,8.14,0.00212606389655196
385,175,304,8.1475,0.00228219144026935
385,175,304,8.155,0.00246379401656096
385,175,304,8.1625,0.00263375369169278
385,175,304,8.17,0.00262109163274567
385,175,304,8.1775,0.00219913875022943
385,175,304,8.185,0.00268117536162731
385,175,304,8.1925,0.0027716990841099
385,175,304,8.2,0.00205469410896657
385,175,304,8.2075,0.00184710731875846
385,175,304,8.215,0.00212599734392813
385,175,304,8.2225,0.00276337677678065
385,175,304,8.23,0.00266640171410525
385,175,304,8.2375,0.00297833814278436
385,175,304,8.245,0.00263559247266789
385,175,304,8.2525,0.00298945848628691
385,175,304,8.26,0.00227834863270226
385,175,304,8.2675,0.00257221774693392
385,175,304,8.275,0.00282468713379557
385,175,304,8.2825,0.00265415196382886
385,175,304,8.29,0.00243371838775554
385,175,304,8.2975,0.0027034010030461
385,175,304,8.305,0.00195668427148886
385,175,304,8.3125,0.00248250464258132
385,175,304,8.32,0.00186118028729451
385,175,304,8.3275,0.00244071295349354
385,175,304,8.335,0.00242622767627168
385,175,304,8.3425,0.00263723835234337
385,175,304,8.35,0.00226740817839666
385,175,304,8.3575,0.0029312513039594
385,175,304,8.365,0.00296155390271895
385,175,304,8.3725,0.00287327095292217
385,175,304,8.38,0.00291722821742155
385,175,304,8.3875,0.0032344071542635
385,175,304,8.395,0.00323200064384963
385,175,304,8.4025,0.00298890646719595
385,175,304,8.41,0.00328823701344689
385,175,304,8.4175,0.00297516676370168
385,175,304,8.425,0.00313496109259831
385,175,304,8.4325,0.00272266832067139
385,175,304,8.44,0.00238381042853537
385,175,304,8.4475,0.00237535679209887
385,175,304,8.455,0.00174551455002664
385,175,304,8.4625,0.0021017515496552
385,175,304,8.47,0.00223926724516201
385,175,304,8.4775,0.00197894213901417
385,175,304,8.485,0.00220741069529781
385,175,304,8.4925,0.00183702932743224
385,175,304,8.5,0.00245914420171207
385,175,304,8.5075,0.00296716114899166
385,175,304,8.515,0.00273457293402517
385,175,304,8.5225,0.00260801774819318
385,175,304,8.53,0.00279854882550185
385,175,304,8.5375,0.00302802209792694
385,175,304,8.545,0.00313482197121304
385,175,304,8.5525,0.00298656281171894
385,175,304,8.56,0.00242514720747531
385,175,304,8.5675,0.00218241219781801
385,175,304,8.575,0.00196436798942429
385,175,304,8.5825,0.00138471954551818
385,175,304,8.59,0.000851921120544529
385,175,304,8.5975,0.00126109584279572
385,175,304,8.605,0.000904326501676999
385,175,304,8.6125,0.00112818062268964
385,175,304,8.62,0.00166162889125739
385,175,304,8.6275,0.0015377896526842
385,175,304,8.635,0.00266467610078203
385,175,304,8.6425,0.00305070845776643
385,175,304,8.65,0.00255254782345854
385,175,304,8.6575,0.00276276329783527
385,175,304,8.665,0.00229360335696792
385,175,304,8.6725,0.00253126096588267
385,175,304,8.68,0.00271991174797537
385,175,304,8.6875,0.00247373161039118
385,175,304,8.695,0.00255910196734576
385,175,304,8.7025,0.0023685649609874
385,175,304,8.71,0.00290548856905892
385,175,304,8.7175,0.00205284016908126
385,175,304,8.725,0.00295354401546499
385,175,304,8.7325,0.00296498458159358
385,175,304,8.74,0.00270871915321578
385,175,304,8.7475,0.00330225105533518
385,175,304,8.755,0.0032534668322569
385,175,304,8.7625,0.00312784520502056
385,175,304,8.77,0.00323186307689645
385,175,304,8.7775,0.0033145826417302
385,175,304,8.785,0.00294462004571356
385,175,304,8.7925,0.00255335008536624
385,175,304,8.8,0.00309277722662143
385,175,304,8.8075,0.00285937411120265
385,175,304,8.815,0.00188978024691981
385,175,304,8.8225,0.00163265132417071
385,175,304,8.83,0.00135408327447608
385,175,304,8.8375,0.00125301819345071
385,175,304,8.845,0.000731401783924917
385,175,304,8.8525,0.00129582548015986
385,175,304,8.86,0.00128186303539717
385,175,304,8.8675,0.00146450550429828
385,175,304,8.875,0.0017569521359937
385,175,304,8.8825,0.00211758827291681
385,175,304,8.89,0.00202932547495228
385,175,304,8.8975,0.00280660447131424
385,175,304,8.905,0.0025647697333948
385,175,304,8.9125,0.00282966598136738
385,175,304,8.92,0.00240605900160112
385,175,304,8.9275,0.00228424718366623
385,175,304,8.935,0.00196912616180643
385,175,304,8.9425,0.00229508695087786
385,175,304,8.95,0.00205319621404869
385,175,304,8.9575,0.00207403959909768
385,175,304,8.965,0.00211011260452348
385,175,304,8.9725,0.00205727095203235
385,175,304,8.98,0.00255034271290851
385,175,304,8.9875,0.00287238401100462
385,175,304,8.995,0.00246813254212145
385,175,304,9.0025,0.00240065540562071
385,175,304,9.01,0.00224087168756272
385,175,304,9.0175,0.00253239318693417
385,175,304,9.025,0.00265168500949625
385,175,304,9.0325,0.00220290017721908
385,175,304,9.04,0.00246147309943898
385,175,304,9.0475,0.0022387197398866
385,175,304,9.055,0.00214460059663664
385,175,304,9.0625,0.00232433537795441
385,175,304,9.07,0.0024756269992213
385,175,304,9.0775,0.00206717998876207
385,175,304,9.085,0.00270718076101108
385,175,304,9.0925,0.00176276651924908
385,175,304,9.1,0.00181293597738859
385,175,304,9.1075,0.00204843453188158
385,175,304,9.115,0.00223881394701832
385,175,304,9.1225,0.00218639696189784
385,175,304,9.13,0.00264184644333493
385,175,304,9.1375,0.00267072856564221
385,175,304,9.145,0.0031132936528252
385,175,304,9.1525,0.00266030532331939
385,175,304,9.16,0.00279438436332563
385,175,304,9.1675,0.0025993958894119
385,175,304,9.175,0.00279393457737023
385,175,304,9.1825,0.00228087786283865
385,175,304,9.19,0.00269042281941878
385,175,304,9.1975,0.00241735365907621
385,175,304,9.205,0.00173960500006196
385,175,304,9.2125,0.00135611569247982
385,175,304,9.22,0.000992459384031176
385,175,304,9.2275,0.00135714810968135
385,175,304,9.235,0.00191878083771344
385,175,304,9.2425,0.00230592438083983
385,175,304,9.25,0.00225690621887837
385,175,304,9.2575,0.00254973156506873
385,175,304,9.265,0.00244723510072754
385,175,304,9.2725,0.00230530817935562
385,175,304,9.28,0.00197807738351951
385,175,304,9.2875,0.00264809987354077
385,175,304,9.295,0.00232469911439051
385,175,304,9.3025,0.00231499425699859
385,175,304,9.31,0.00185884784801373
385,175,304,9.3175,0.00147309019402486
385,175,304,9.325,0.00174826110119157
385,175,304,9.3325,0.00151780025528858
385,175,304,9.34,0.000929480277296869
385,175,304,9.3475,0.000432104587143432
385,175,304,9.355,0.00105680294562806
385,175,304,9.3625,0.00135820697786481
385,175,304,9.37,0.000752276278941058
385,175,304,9.3775,0.00120552105635983
385,175,304,9.385,0.00208587518761059
385,175,304,9.3925,0.00208080066391337
385,175,304,9.4,0.00211946380023382
385,175,304,9.4075,0.00260409047182015
385,175,304,9.415,0.00273277691285098
385,175,304,9.4225,0.00181188495445959
385,175,304,9.43,0.00220403380155752
385,175,304,9.4375,0.00241274169021253
385,175,304,9.445,0.00236846232217527
385,175,304,9.4525,0.00274600301791377
385,175,304,9.46,0.00251945727498723
385,175,304,9.4675,0.00239472507976098
385,175,304,9.475,0.00235869290503691
385,175,304,9.4825,0.00192243954827668
385,175,304,9.49,0.00255667985992899
385,175,304,9.4975,0.00271656751668649
385,175,304,9.505,0.00271246459023322
385,175,304,9.5125,0.00293038154026902
385,175,304,9.52,0.00236678435008561
385,175,304,9.5275,0.00285119512293734
385,175,304,9.535,0.00282006999085999
385,175,304,9.5425,0.00207573148613368
385,175,304,9.55,0.00199061945710829
385,175,304,9.5575,0.00214819209898993
385,175,304,9.565,0.00160133192344081
385,175,304,9.5725,0.00156414366260877
385,175,304,9.58,0.00166299906500464
385,175,304,9.5875,0.00152056305154872
385,175,304,9.595,0.00126276286294151
385,175,304,9.6025,0.00105510764745199
385,175,304,9.61,0.00130105014016401
385,175,304,9.6175,0.0015483570709603
385,175,304,9.625,0.00105502640363582
385,175,304,9.6325,0.00199296340598634
385,175,304,9.64,0.00211893755095675
385,175,304,9.6475,0.00214833317619817
385,175,304,9.655,0.00180085089389644
385,175,304,9.6625,0.00173038478259593
385,175,304,9.67,0.00164179040895295
385,175,304,9.6775,0.00173114792270228
385,175,304,9.685,0.00142129233590917
385,175,304,9.6925,0.00194051345562913
385,175,304,9.7,0.00129732371626311
385,175,304,9.7075,0.001651058890254
385,175,304,9.715,0.00179818937997719
385,175,304,9.7225,0.00163694174776416
385,175,304,9.73,0.00163707198240717
385,175,304,9.7375,0.00171028065952919
385,175,304,9.745,0.00198373393037488
385,175,304,9.7525,0.00171362501951738
385,175,304,9.76,0.0024283215600348
385,175,304,9.7675,0.00245407360744252
385,175,304,9.775,0.00275431765946855
385,175,304,9.7825,0.0028996352930036
385,175,304,9.79,0.00329709835459319
385,175,304,9.7975,0.0027561121891517
385,175,304,9.805,0.00262744760163426
385,175,304,9.8125,0.00281486235206901
385,175,304,9.82,0.00237035067634011
385,175,304,9.8275,0.00190556019772875
385,175,304,9.835,0.00170744303847561
385,175,304,9.8425,0.00202916604998904
385,175,304,9.85,0.00179199060106409
385,175,304,9.8575,0.0017318831241114
385,175,304,9.865,0.00173130564507087
385,175,304,9.8725,0.001788343090923
385,175,304,9.88,0.00139278150819245
385,175,304,9.8875,0.00200338442863684
385,175,304,9.895,0.00192772329913177
385,175,304,9.9025,0.00242438283324004
385,175,304,9.91,0.00208324942437459
385,175,304,9.9175,0.00173444459726554
385,175,304,9.925,0.00207375155239013
385,175,304,9.9325,0.00208441103634561
385,175,304,9.94,0.00163684514672373
385,175,304,9.9475,0.00161275890016241
385,175,304,9.955,0.0016212677022013
385,175,304,9.9625,0.00232143668409607
385,175,304,9.97,0.00168604631720191
385,175,304,9.9775,0.00223699954440953
385,175,304,9.985,0.00237511265249054
385,175,304,9.9925,0.00208379221062659
385,175,304,10,0.00184247157030893
385,175,304,10.0075,0.00192650082389023
385,175,304,10.015,0.00213130250324934
385,175,304,10.0225,0.00242906830242947
385,175,304,10.03,0.00237644419611217
385,175,304,10.0375,0.00238598911487198
385,175,304,10.045,0.00239302040416478
385,175,304,10.0525,0.00189909577826656
385,175,304,10.06,0.00222518356224891
385,175,304,10.0675,0.00178587850476806
385,175,304,10.075,0.00109239169902264
385,175,304,10.0825,0.00125668937287638
385,175,304,10.09,0.000738303705416023
385,175,304,10.0975,0.000615613550833886
385,175,304,10.105,0.000607834141264232
385,175,304,10.1125,0.000833471488120912
385,175,304,10.12,0.0012357792022635
385,175,304,10.1275,0.00139966273545201
385,175,304,10.135,0.00178505747122687
385,175,304,10.1425,0.00209582993627844
385,175,304,10.15,0.0018501911537444
385,175,304,10.1575,0.00199914610221097
385,175,304,10.165,0.00227902011847379
385,175,304,10.1725,0.00206076896294132
385,175,304,10.18,0.00220835327306158
385,175,304,10.1875,0.00278025343271834
385,175,304,10.195,0.00213010509230063
385,175,304,10.2025,0.0019294125285002
385,175,304,10.21,0.002013042786675
385,175,304,10.2175,0.0019377931621906
385,175,304,10.225,0.00285547986968069
385,175,304,10.2325,0.00218887283013123
385,175,304,10.24,0.00244024065833654
385,175,304,10.2475,0.00303086597470458
385,175,304,10.255,0.00289879220469948
385,175,304,10.2625,0.00293671159394802
385,175,304,10.27,0.00232279244630321
385,175,304,10.2775,0.00216903184494182
385,175,304,10.285,0.00225921897832192
385,175,304,10.2925,0.00155402303400018
385,175,304,10.3,0.00219582762038426
385,175,304,10.3075,0.00172162515533138
385,175,304,10.315,0.00184424471061309
385,175,304,10.3225,0.0015542405838827
385,175,304,10.33,0.00135607396393825
385,175,304,10.3375,0.00102978929316695
385,175,304,10.345,0.000548806345895639
385,175,304,10.3525,0.000686600564249388
385,175,304,10.36,0.00053358427099312
385,175,304,10.3675,0.000733290476411092
385,175,304,10.375,0.000982764427416609
385,175,304,10.3825,0.00114057400298723
385,175,304,10.39,0.00119297732046401
385,175,304,10.3975,0.000948362863312274
385,175,304,10.405,0.00141370488324597
385,175,304,10.4125,0.00105419781302915
385,175,304,10.42,0.00110983688542995
385,175,304,10.4275,0.00151143300194967
385,175,304,10.435,0.00147199175684797
385,175,304,10.4425,0.00133140099848352
385,175,304,10.45,0.0011215233977775
385,175,304,10.4575,0.00120494711711881
385,175,304,10.465,0.00154535585895426
385,175,304,10.4725,0.00130997033000262
385,175,304,10.48,0.00158389911901987
385,175,304,10.4875,0.00140048319138188
385,175,304,10.495,0.00102610049395667
385,175,304,10.5025,0.00170332392823652
385,175,304,10.51,0.00133777750563978
385,175,304,10.5175,0.00143172736192275
385,175,304,10.525,0.00134471403579931
385,175,304,10.5325,0.00174698558357141
385,175,304,10.54,0.00179868834345849
385,175,304,10.5475,0.00165745168704593
385,175,304,10.555,0.00185517985822653
385,175,304,10.5625,0.00147447655814742
385,175,304,10.57,0.00198577779560375
385,175,304,10.5775,0.00181292594208173
385,175,304,10.585,0.00133050648627991
385,175,304,10.5925,0.00123034222414628
385,175,304,10.6,0.000396963800839291
385,175,304,10.6075,0.000753338896932321
385,175,304,10.615,0.000775422233509815
385,175,304,10.6225,0.000651459711447388
385,175,304,10.63,0.000889830659194394
385,175,304,10.6375,0.000215138643023361
385,175,304,10.645,0.00105481442899647
385,175,304,10.6525,0.000737561883616754
385,175,304,10.66,0.00104710300642796
385,175,304,10.6675,0.000897903260459691
385,175,304,10.675,0.00109062106562683
385,175,304,10.6825,0.00126508509607683
385,175,304,10.69,0.000696037940211093
385,175,304,10.6975,0.00147980898858758
385,175,304,10.705,0.00143264386509368
385,175,304,10.7125,0.00143544422516191
385,175,304,10.72,0.00109631600011401
385,175,304,10.7275,0.000957441865648616
385,175,304,10.735,0.000809514718161208
385,175,304,10.7425,0.00120577350994439
385,175,304,10.75,0.00119572584110069
385,175,304,10.7575,0.00152085288638696
385,175,304,10.765,0.00110788949602125
385,175,304,10.7725,0.00145033881814679
385,175,304,10.78,0.00183080441600039
385,175,304,10.7875,0.00117856942046543
385,175,304,10.795,0.001443116685346
385,175,304,10.8025,0.00141129216864704
385,175,304,10.81,0.000781224863884988
385,175,304,10.8175,0.000851503440679359
385,175,304,10.825,0.000777960265687641
385,175,304,10.8325,0.000547621116835281
385,175,304,10.84,0.000507883188814749
385,175,304,10.8475,0.000406109203664851
385,175,304,10.855,0.000440470066772092
385,175,304,10.8625,0.000360430600011816
385,175,304,10.87,0.000713445592012916
385,175,304,10.8775,0.000922681982392806
385,175,304,10.885,0.00121053805256481
385,175,304,10.8925,0.00153525802499743
385,175,304,10.9,0.00161602918032836
385,175,304,10.9075,0.00209710114226311
385,175,304,10.915,0.00212532618452544
385,175,304,10.9225,0.002527807335954
385,175,304,10.93,0.00159384523580608
385,175,304,10.9375,0.00141297792440838
385,175,304,10.945,0.00171456914806644
385,175,304,10.9525,0.00183260420454988
385,175,304,10.96,0.00129403191104003
385,175,304,10.9675,0.00140446786521677
385,175,304,10.975,0.00144657213932333
385,175,304,10.9825,0.00156468149731863
385,175,304,10.99,0.000942278930997713
385,175,304,10.9975,0.0010568247819995
385,175,304,11.005,0.00141423077571043
385,175,304,11.0125,0.00128339132246778
385,175,304,11.02,0.00171588350527652
385,175,304,11.0275,0.00144075309429811
385,175,304,11.035,0.0018485736801531
385,175,304,11.0425,0.00189740607054382
385,175,304,11.05,0.00135546857805416
385,175,304,11.0575,0.00129189064292754
385,175,304,11.065,0.00116653308704867
385,175,304,11.0725,0.000791330786923298
385,175,304,11.08,0.00106597754020457
385,175,304,11.0875,0.000751617722445378
385,175,304,11.095,0.000721811668205403
385,175,304,11.1025,0.000732090881159158
385,175,304,11.11,0.000841514193273767
385,175,304,11.1175,0.00122008955260101
385,175,304,11.125,0.000701396176020096
385,175,304,11.1325,0.000983333329104124
385,175,304,11.14,0.000813199641810379
385,175,304,11.1475,0.000728650586600048
385,175,304,11.155,0.000503759844793605
385,175,304,11.1625,0.000804801608267124
385,175,304,11.17,0.00116801566016974
385,175,304,11.1775,0.000565561302303892
385,175,304,11.185,0.000598678239859816
385,175,304,11.1925,0.000759400019793141
385,175,304,11.2,0.000781906799378245
385,175,304,11.2075,0.00100913815340933
385,175,304,11.215,0.00130106462548811
385,175,304,11.2225,0.00103649552096234
385,175,304,11.23,0.00146474269792002
385,175,304,11.2375,0.00101489443187763
385,175,304,11.245,0.00116635333791571
385,175,304,11.2525,0.00162632809404742
385,175,304,11.26,0.000967580920507586
385,175,304,11.2675,0.00188646729569349
385,175,304,11.275,0.00178086283715317
385,175,304,11.2825,0.00126328801747436
385,175,304,11.29,0.00140187680790101
385,175,304,11.2975,0.00168246286316283
385,175,304,11.305,0.00189139386096431
385,175,304,11.3125,0.00183307885124666
385,175,304,11.32,0.00121401952833953
385,175,304,11.3275,0.00120848935882503
385,175,304,11.335,0.000911726867244336
385,175,304,11.3425,0.000915913440284402
385,175,304,11.35,0.000741772560050035
385,175,304,11.3575,0.00114995079120035
385,175,304,11.365,0.00117387583996595
385,175,304,11.3725,0.00181833329156095
385,175,304,11.38,0.0016625843500859
385,175,304,11.3875,0.00148560690864264
385,175,304,11.395,0.00142239335581286
385,175,304,11.4025,0.00129947960082457
385,175,304,11.41,0.00134917230494919
385,175,304,11.4175,0.00112957538528059
385,175,304,11.425,0.00132721841686767
385,175,304,11.4325,0.00155796657470669
385,175,304,11.44,0.00131522116801636
385,175,304,11.4475,0.0017875829035891
385,175,304,11.455,0.0015916694127664
385,175,304,11.4625,0.00108531637567918
385,175,304,11.47,0.000914196896962844
385,175,304,11.4775,0.00100210279468294
385,175,304,11.485,0.00132396401151451
385,175,304,11.4925,0.00128071079797979
385,175,304,11.5,0.00110894024030041
385,175,304,11.5075,0.00110618566423223
385,175,304,11.515,0.000613381837386016
385,175,304,11.5225,0.000763549994188685
385,175,304,11.53,0.000871525866814851
385,175,304,11.5375,0.000595441446481801
385,175,304,11.545,0.000879267067901626
385,175,304,11.5525,0.000772581068086941
385,175,304,11.56,0.00102031516378001
385,175,304,11.5675,0.00113091191014665
385,175,304,11.575,0.00122776108211206
385,175,304,11.5825,0.000827111488698918
385,175,304,11.59,0.00108983179973923
385,175,304,11.5975,0.00107369867920788
385,175,304,11.605,0.00129275140224028
385,175,304,11.6125,0.00125499930784448
385,175,304,11.62,0.00156824498693238
385,175,304,11.6275,0.00163866258417287
385,175,304,11.635,0.00143696485411289
385,175,304,11.6425,0.00154407718264854
385,175,304,11.65,0.00153487767724255
385,175,304,11.6575,0.00141061209114882
385,175,304,11.665,0.00195208021363538
385,175,304,11.6725,0.0018004299799577
385,175,304,11.68,0.00186596697574174
385,175,304,11.6875,0.00200997840171248
385,175,304,11.695,0.00181458266787429
385,175,304,11.7025,0.0017927201856229
385,175,304,11.71,0.00211524082061594
385,175,304,11.7175,0.00141508201605814
385,175,304,11.725,0.00139175203374922
385,175,304,11.7325,0.00131678796895312
385,175,304,11.74,0.00105069161904128
385,175,304,11.7475,0.00108589075481349
385,175,304,11.755,0.00106237339189251
385,175,304,11.7625,0.00112825134318277
385,175,304,11.77,0.00116591222408475
385,175,304,11.7775,0.001064865238439
385,175,304,11.785,0.00144217604925839
385,175,304,11.7925,0.000934280474553631
385,175,304,11.8,0.00125459252608444
385,175,304,11.8075,0.00164821251740522
385,175,304,11.815,0.00104694597577116
385,175,304,11.8225,0.000831743472226993
385,175,304,11.83,0.00113940383450478
385,175,304,11.8375,0.0011979990710166
385,175,304,11.845,0.00105585403255639
385,175,304,11.8525,0.00077295973196524
385,175,304,11.86,0.00049276633672624
385,175,304,11.8675,0.00118198655628157
385,175,304,11.875,0.00065703317897474
385,175,304,11.8825,0.000922783867378976
385,175,304,11.89,0.00119344642470292
385,175,304,11.8975,0.00144926920437449
385,175,304,11.905,0.00152784476940651
385,175,304,11.9125,0.00137666614675988
385,175,304,11.92,0.00155589581399049
385,175,304,11.9275,0.000883180120696511
385,175,304,11.935,0.00124131204030602
385,175,304,11.9425,0.00190844345887913
385,175,304,11.95,0.00160823969807756
385,175,304,11.9575,0.00145057956355574
385,175,304,11.965,0.00112748860236566
385,175,304,11.9725,0.00164286312248687
385,175,304,11.98,0.000653500541535013
385,175,304,11.9875,0.00088114286712588
385,175,304,11.995,0.00100496583922089
385,175,304,12.0025,0.000983551978921655
385,175,304,12.01,0.00118752689360148
385,175,304,12.0175,0.000901394444569106
385,175,304,12.025,0.00121668817972375
385,175,304,12.0325,0.00104845512907142
385,175,304,12.04,0.0016369211784258
385,175,304,12.0475,0.00139389763867657
385,175,304,12.055,0.000645506453693434
385,175,304,12.0625,0.000794711537576195
385,175,304,12.07,0.00138424338856742
385,175,304,12.0775,0.000944411610140978
385,175,304,12.085,0.000962288081925797
385,175,304,12.0925,0.00139300352198954
385,175,304,12.1,0.00144818953285965
385,175,304,12.1075,0.00112974829260471
385,175,304,12.115,0.00123167630719285
385,175,304,12.1225,0.000768110750397302
385,175,304,12.13,0.0012224779956025
385,175,304,12.1375,0.00122041484675105
385,175,304,12.145,0.00135960015001827
385,175,304,12.1525,0.000949383466056431
385,175,304,12.16,0.00100302927894715
385,175,304,12.1675,0.00113994661948003
385,175,304,12.175,0.00147650183700564
385,175,304,12.1825,0.00130616761695184
385,175,304,12.19,0.00131024052233982
385,175,304,12.1975,0.00134832184467816
385,175,304,12.205,0.00158930378292449
385,175,304,12.2125,0.00122350776706908
385,175,304,12.22,0.000961826055253373
385,175,304,12.2275,0.000976348393814294
385,175,304,12.235,0.000965943902446166
385,175,304,12.2425,0.000175653622979266
385,175,304,12.25,0.000651276405698301
385,175,304,12.2575,0.000296875529497164
385,175,304,12.265,0.00022927389742731
385,175,304,12.2725,0.00070345926324927
385,175,304,12.28,0.00103534951213716
385,175,304,12.2875,0.000576474199971373
385,175,304,12.295,0.00126609839800718
385,175,304,12.3025,0.000769001917721649
385,175,304,12.31,0.00118297584550072
385,175,304,12.3175,0.000917471036452004
385,175,304,12.325,0.000856222419838612
385,175,304,12.3325,0.000987767676560561
385,175,304,12.34,0.00134663465034463
385,175,304,12.3475,0.00113281221596929
385,175,304,12.355,0.00125614299520798
385,175,304,12.3625,0.00107021670605879
385,175,304,12.37,0.00111932522431109
385,175,304,12.3775,0.00128010923716237
385,175,304,12.385,0.00130790382507096
385,175,304,12.3925,0.00148423044508591
385,175,304,12.4,0.00176111130113444
385,175,304,12.4075,0.00224536922639662
385,175,304,12.415,0.00187379786408604
385,175,304,12.4225,0.00176208219247343
385,175,304,12.43,0.00166093176760191
385,175,304,12.4375,0.00189671689541464
385,175,304,12.445,0.00160461531615916
385,175,304,12.4525,0.00126842451433715
385,175,304,12.46,0.00175935195014288
385,175,304,12.4675,0.00101165680700056
385,175,304,12.475,0.00114391254944493
385,175,304,12.4825,0.00114908972748912
385,175,304,12.49,0.000959638985505579
385,175,304,12.4975,0.00132423144323291
385,175,304,12.505,0.00077681680793229
385,175,304,12.5125,0.000704187340124144
385,175,304,12.52,0.000402513795057008
385,175,304,12.5275,0.000537248894769218
385,175,304,12.535,0.000722049790923402
385,175,304,12.5425,0.001075266756075
385,175,304,12.55,0.000438995319536273
385,175,304,12.5575,0.000942532169026645
385,175,304,12.565,0.000863354604493695
385,175,304,12.5725,0.000941817112089567
385,175,304,12.58,0.000923639327987649
385,175,304,12.5875,0.000981727887157544
385,175,304,12.595,0.000546033023480117
385,175,304,12.6025,0.00061097292994247
385,175,304,12.61,0.000864335943780946
385,175,304,12.6175,0.000391196722755292
385,175,304,12.625,0.000822320030817425
385,175,304,12.6325,0.000589870496267915
385,175,304,12.64,0.000515427686223669
385,175,304,12.6475,0.00064743049400763
385,175,304,12.655,0.00140123929299844
385,175,304,12.6625,0.00074960197877405
385,175,304,12.67,0.000714061275097535
385,175,304,12.6775,0.00129977536577248
385,175,304,12.685,0.00121054662752285
385,175,304,12.6925,0.00140513275545853
385,175,304,12.7,0.00152356586384023
385,175,304,12.7075,0.0011396524915478
385,175,304,12.715,0.00128925257465033
385,175,304,12.7225,0.00125834131660279
385,175,304,12.73,0.00113029292474856
385,175,304,12.7375,0.000442204787705691
385,175,304,12.745,0.000480571514641677
385,175,304,12.7525,0.000816917572580897
385,175,304,12.76,0.000487874912987826
385,175,304,12.7675,0.000497571772041296
385,175,304,12.775,0.000606982686525642
385,175,304,12.7825,0.000290124977429923
385,175,304,12.79,0.00023680026635136
385,175,304,12.7975,0.000674095896872384
385,175,304,12.805,0.000525530637990687
385,175,304,12.8125,0.000908410818958328
385,175,304,12.82,0.000921031653641259
385,175,304,12.8275,0.00137725640730421
385,175,304,12.835,0.00109713869742976
385,175,304,12.8425,0.00115432137449176
385,175,304,12.85,0.000444538621373347
385,175,304,12.8575,0.000347416078708538
385,175,304,12.865,0.000665230718281315
385,175,304,12.8725,0.00111301284036423
385,175,304,12.88,0.00121963394297488
385,175,304,12.8875,0.00129192154828158
385,175,304,12.895,0.00101251040195273
385,175,304,12.9025,0.00105848411830014
385,175,304,12.91,0.000882676144816102
385,175,304,12.9175,0.000839306111166653
385,175,304,12.925,0.000774838583266653
385,175,304,12.9325,0.00115549789039335
385,175,304,12.94,0.000779317092966294
385,175,304,12.9475,0.00134280054423233
385,175,304,12.955,0.00108701802866836
385,175,304,12.9625,0.000997968448292528
385,175,304,12.97,0.000600474372617706
385,175,304,12.9775,0.000806142413835378
385,175,304,12.985,0.000546332902530614
385,175,304,12.9925,0.000362341224096998
385,175,304,13,0.000708056575196836
385,175,304,13.0075,0.000111066577349258
385,175,304,13.015,0.000285681291356213
385,175,304,13.0225,0.000446482450519386
385,175,304,13.03,0.000183588855416533
385,175,304,13.0375,0.000200616025818869
385,175,304,13.045,0.0001699772325409
385,175,304,13.0525,0.000692469859278672
385,175,304,13.06,0.000646202177760095
385,175,304,13.0675,0.000498999242606085
385,175,304,13.075,0.000500052881164988
385,175,304,13.0825,0.00109474211019259
385,175,304,13.09,0.000982470117159496
385,175,304,13.0975,0.00121816852153508
385,175,304,13.105,0.00154751113050713
385,175,304,13.1125,0.00156852012254058
385,175,304,13.12,0.00110037832629725
385,175,304,13.1275,0.000930442414592274
385,175,304,13.135,0.00118115415604341
385,175,304,13.1425,0.000942942812137846
385,175,304,13.15,0.0014234402375237
385,175,304,13.1575,0.00163798330743674
385,175,304,13.165,0.00155359874045088
385,175,304,13.1725,0.00135697371114448
385,175,304,13.18,0.00130962000347939
385,175,304,13.1875,0.00150097849073715
385,175,304,13.195,0.00152998112805185
385,175,304,13.2025,0.00148408926968777
385,175,304,13.21,0.00136695999708273
385,175,304,13.2175,0.00120339430958192
385,175,304,13.225,0.00100407089539878
385,175,304,13.2325,0.000911726571550397
385,175,304,13.24,0.00105497066296723
385,175,304,13.2475,0.000764303025349995
385,175,304,13.255,0.000492867546181445
385,175,304,13.2625,0.000433727807600268
385,175,304,13.27,0.000402905156437291
385,175,304,13.2775,0.000536299234867945
385,175,304,13.285,0.000651101173454321
385,175,304,13.2925,0.000547201836417317
385,175,304,13.3,0.000665780641530889
385,175,304,13.3075,0.000954511526073139
385,175,304,13.315,0.000661623370680143
385,175,304,13.3225,0.000417374240092632
385,175,304,13.33,0.000738844978257724
385,175,304,13.3375,0.000639521291710089
385,175,304,13.345,0.000818909993740979
385,175,304,13.3525,0.00120643857197726
385,175,304,13.36,0.00116740025893452
385,175,304,13.3675,0.000885472644001505
385,175,304,13.375,0.000685160113646539
385,175,304,13.3825,0.00141686483624252
385,175,304,13.39,0.000616112012413595
385,175,304,13.3975,0.00118568811708415
385,175,304,13.405,0.00152945299595535
385,175,304,13.4125,0.000794612783768923
385,175,304,13.42,0.00161963799682656
385,175,304,13.4275,0.00161500611680111
385,175,304,13.435,0.00165452169143234
385,175,304,13.4425,0.00152228919323743
385,175,304,13.45,0.00131167066081672
385,175,304,13.4575,0.00101166327019212
385,175,304,13.465,0.000871451021314061
385,175,304,13.4725,0.000956423145595614
385,175,304,13.48,0.000999303287535762
385,175,304,13.4875,0.0010227763363166
385,175,304,13.495,0.00106289552006397
385,175,304,13.5025,0.000630540094586512
385,175,304,13.51,0.00106071727468198
385,175,304,13.5175,0.000759209556318162
385,175,304,13.525,0.000958814219764194
385,175,304,13.5325,0.000733931962842911
385,175,304,13.54,0.000987299729695286
385,175,304,13.5475,0.00100044080096413
385,175,304,13.555,0.00104780245027645
385,175,304,13.5625,0.00133457393523296
385,175,304,13.57,0.000672479892981388
385,175,304,13.5775,0.000760303937341905
385,175,304,13.585,0.000752773300637817
385,175,304,13.5925,0.000948937009820862
385,175,304,13.6,0.0009219771342522
385,175,304,13.6075,0.00072165282851782
385,175,304,13.615,0.000695596421941087
385,175,304,13.6225,0.000949471610502587
385,175,304,13.63,0.00121710383901902
385,175,304,13.6375,0.000965078729300291
385,175,304,13.645,0.00095504255271774
385,175,304,13.6525,0.000977090604806002
385,175,304,13.66,0.00132431414268724
385,175,304,13.6675,0.00110572786714172
385,175,304,13.675,0.00129734728037761
385,175,304,13.6825,0.00137415593768757
385,175,304,13.69,0.00146062767722821
385,175,304,13.6975,0.00132093266479508
385,175,304,13.705,0.00141627105626023
385,175,304,13.7125,0.00108777601158083
385,175,304,13.72,0.00121115870902308
385,175,304,13.7275,0.00124403628636422
385,175,304,13.735,0.000889747000431572
385,175,304,13.7425,0.000854175166313554
385,175,304,13.75,0.000825996115101254
385,175,304,13.7575,0.000196376569480226
385,175,304,13.765,0.000472203265017481
385,175,304,13.7725,0.000400986409612699
385,175,304,13.78,0.000485892724556176
385,175,304,13.7875,0.000978682956700739
385,175,304,13.795,0.000988363208120337
385,175,304,13.8025,0.000668906300923181
385,175,304,13.81,0.000692792366427136
385,175,304,13.8175,0.000563571245973729
385,175,304,13.825,0.000807381074155305
385,175,304,13.8325,0.000858647286027665
385,175,304,13.84,0.000858418380132905
385,175,304,13.8475,0.000571541703225477
385,175,304,13.855,0.00075572085114564
385,175,304,13.8625,0.00114239497955065
385,175,304,13.87,0.000949646507676673
385,175,304,13.8775,0.00154299727276287
385,175,304,13.885,0.00132227340455122
385,175,304,13.8925,0.00102412587059057
385,175,304,13.9,0.00134504756301109
385,175,304,13.9075,0.00125887126949544
385,175,304,13.915,0.000891364164075342
385,175,304,13.9225,0.00103241675006271
385,175,304,13.93,0.00114915129307045
385,175,304,13.9375,0.000883194490695509
385,175,304,13.945,0.00142091130927289
385,175,304,13.9525,0.00147346280704369
385,175,304,13.96,0.00134718145953819
385,175,304,13.9675,0.00114074513905619
385,175,304,13.975,0.00122628120996696
385,175,304,13.9825,0.00108911657197795
385,175,304,13.99,0.000938461469075353
385,175,304,13.9975,0.00067940173008601
385,175,304,14.005,0.000657681363236543
385,175,304,14.0125,0.000536806430043201
385,175,304,14.02,0.000173777388413771
385,175,304,14.0275,0.000619858092373954
385,175,304,14.035,0.000705847122839808
385,175,304,14.0425,0.000937008463595092
385,175,304,14.05,0.00107065603233294
385,175,304,14.0575,0.00100694125406705
385,175,304,14.065,0.00089881413737014
385,175,304,14.0725,0.000703379889199516
385,175,304,14.08,0.00102177225863291
385,175,304,14.0875,0.000718456938512311
385,175,304,14.095,0.000712932643370137
385,175,304,14.1025,0.00095821692995259
385,175,304,14.11,0.00131040747645638
385,175,304,14.1175,0.000751257627569786
385,175,304,14.125,0.00080313838771482
385,175,304,14.1325,0.000799891288008195
385,175,304,14.14,0.000539121456878342
385,175,304,14.1475,0.000584215469058254
385,175,304,14.155,0.000735448180259946
385,175,304,14.1625,0.00069961726594972
385,175,304,14.17,0.00081539642277241
385,175,304,14.1775,0.00110174131850732
385,175,304,14.185,0.000999246603753712
385,175,304,14.1925,0.00150905706440652
385,175,304,14.2,0.000821372071370383
385,175,304,14.2075,0.00103840170957306
385,175,304,14.215,0.000747944975868281
385,175,304,14.2225,0.00104359051038199
385,175,304,14.23,0.00100772160870107
385,175,304,14.2375,0.00060923586056159
385,175,304,14.245,0.000733119040508049
385,175,304,14.2525,0.000496276464172631
385,175,304,14.26,0.000662234465396746
385,175,304,14.2675,0.000435128970251235
385,175,304,14.275,0.000462984427952205
385,175,304,14.2825,0.000921998849290885
385,175,304,14.29,0.000804801432149816
385,175,304,14.2975,0.000539651066659804
385,175,304,14.305,0.000512938491641077
385,175,304,14.3125,0.000951162910916217
385,175,304,14.32,0.00114603134633976
385,175,304,14.3275,0.00102497509898289
385,175,304,14.335,0.00122706953841217
385,175,304,14.3425,0.000791202526473607
385,175,304,14.35,0.000688923145786648
385,175,304,14.3575,0.000996377447119837
385,175,304,14.365,0.000258561682045967
385,175,304,14.3725,0.000348582022130929
385,175,304,14.38,0.00034931025565133
385,175,304,14.3875,0.000514487309242344
385,175,304,14.395,0.000964728605764199
385,175,304,14.4025,0.000942934977723493
385,175,304,14.41,0.000861641921702897
385,175,304,14.4175,0.000645837951874302
385,175,304,14.425,0.000410035149917771
385,175,304,14.4325,0.000989670270224292
385,175,304,14.44,0.000866364560916575
385,175,304,14.4475,0.000593605942882095
385,175,304,14.455,0.00117950267823586
385,175,304,14.4625,0.000968469074809592
385,175,304,14.47,0.000801971899394082
385,175,304,14.4775,0.000385701713938847
385,175,304,14.485,0.000644076671231736
385,175,304,14.4925,0.000539997723457521
385,175,304,14.5,0.000108614520019021
385,175,304,14.5075,0.000558479433056257
385,175,304,14.515,0.000279007488675967
385,175,304,14.5225,0.000295721466023037
385,175,304,14.53,0.000133677981922364
385,175,304,14.5375,0.000352471337225954
385,175,304,14.545,0.000347581208229002
385,175,304,14.5525,0.000619077915001809
385,175,304,14.56,0.000682142940861673
385,175,304,14.5675,0.000848139000978595
385,175,304,14.575,0.000520083485598432
385,175,304,14.5825,0.00115847218772504
385,175,304,14.59,0.000768812251156187
385,175,304,14.5975,0.000570612881853004
385,175,304,14.605,0.000826974429090462
385,175,304,14.6125,0.00109481324394208
385,175,304,14.62,0.000492188851115898
385,175,304,14.6275,0.000746542208679918
385,175,304,14.635,0.000806480736339158
385,175,304,14.6425,0.00103288084596674
385,175,304,14.65,0.000587835837057994
385,175,304,14.6575,0.000861174093681405
385,175,304,14.665,0.000778150047916365
385,175,304,14.6725,0.000908490671399339
385,175,304,14.68,0.000568575250415931
385,175,304,14.6875,0.0010129153765533
385,175,304,14.695,0.000822844821708098
385,175,304,14.7025,0.000801505882783764
385,175,304,14.71,0.000579415793243752
385,175,304,14.7175,0.000746391194363155
385,175,304,14.725,0.000325417792658173
385,175,304,14.7325,0.000490203585666748
385,175,304,14.74,0.00062311829740126
385,175,304,14.7475,0.000702767293966568
385,175,304,14.755,0.000386498973557399
385,175,304,14.7625,0.000694048731709797
385,175,304,14.77,0.000659541593991467
385,175,304,14.7775,0.000483602219460888
385,175,304,14.785,0.000633172635884242
385,175,304,14.7925,0.000514153803480121
385,175,304,14.8,0.000557187718959301
385,175,304,14.8075,0.000632466658653455
385,175,304,14.815,0.000604561227152294
385,175,304,14.8225,0.000622716656273812
385,175,304,14.83,0.000739094616374685
385,175,304,14.8375,0.000740106438781804
385,175,304,14.845,0.000711033791665866
385,175,304,14.8525,0.000317221688406263
385,175,304,14.86,0.000543841650665273
385,175,304,14.8675,0.000632591825569807
385,175,304,14.875,0.000922983977339013
385,175,304,14.8825,0.00052505022965529
385,175,304,14.89,0.000790329694084016
385,175,304,14.8975,0.000309577739879706
385,175,304,14.905,0.000697496010358365
385,175,304,14.9125,0.000995780397903346
385,175,304,14.92,0.000581717730819401
385,175,304,14.9275,0.000589912455125836
385,175,304,14.935,0.000714744203657418
385,175,304,14.9425,0.000575063654164814
385,175,304,14.95,0.000765756702628719
385,175,304,14.9575,0.000502995930954098
385,175,304,14.965,0.000628010733764977
385,175,304,14.9725,0.000576765452547737
385,175,304,14.98,0.000301233925513595
385,175,304,14.9875,0.000892511090531455
385,175,304,14.995,0.000733430775361928
385,175,304,15.0025,0.00020624875705494
385,175,304,15.01,0.000399996532782151
385,175,304,15.0175,0.000936376519423964
385,175,304,15.025,0.000512102561688498
385,175,304,15.0325,0.000972161595820685
385,175,304,15.04,0.000895075650454494
385,175,304,15.0475,0.00058404174098068
385,175,304,15.055,0.000648891871111459
385,175,304,15.0625,0.00044757129669751
385,175,304,15.07,0.000603426314994213
385,175,304,15.0775,0.000231081346062012
385,175,304,15.085,0.000687465032491703
385,175,304,15.0925,0.000391864386080226
385,175,304,15.1,0.000716649558207241
385,175,304,15.1075,0.000736507361015582
385,175,304,15.115,0.000705565524708184
385,175,304,15.1225,0.000646563720680445
385,175,304,15.13,0.000595230118874861
385,175,304,15.1375,0.00085131125829285
385,175,304,15.145,0.000554032232129196
385,175,304,15.1525,0.000526855940124622
385,175,304,15.16,0.00032442288161719
385,175,304,15.1675,0.000187432718817924
385,175,304,15.175,0.000318528966243992
385,175,304,15.1825,0.00057063945103662
385,175,304,15.19,0.000771669837921663
385,175,304,15.1975,0.000347409110964401
385,175,304,15.205,0.00036919567432924
385,175,304,15.2125,0.000525338706027698
385,175,304,15.22,0.000513277145336236
385,175,304,15.2275,0.000556208225632954
385,175,304,15.235,0.000483517160849165
385,175,304,15.2425,0.000305181249045544
385,175,304,15.25,0.000494852645223357
385,175,304,15.2575,0.000191899856472438
385,175,304,15.265,7.4890599022997e-05
385,175,304,15.2725,0.000424358688530588
385,175,304,15.28,0.000380020563518729
385,175,304,15.2875,9.39389674760775e-05
385,175,304,15.295,0.000540089587449096
385,175,304,15.3025,0.000378628649979291
385,175,304,15.31,0.000627538383867816
385,175,304,15.3175,0.000858972615138712
385,175,304,15.325,0.000672366485155154
385,175,304,15.3325,0.000463181627574951
385,175,304,15.34,0.000346060816562615
385,175,304,15.3475,0.000668015953269409
385,175,304,15.355,0.000497120486148916
385,175,304,15.3625,0.000824452588124418
385,175,304,15.37,0.000195311652409725
385,175,304,15.3775,0.000841392719388826
385,175,304,15.385,0.000590901364593895
385,175,304,15.3925,0.000434937344541136
385,175,304,15.4,0.00056753954762987
385,175,304,15.4075,0.000713868819408126
385,175,304,15.415,0.000634443512848371
385,175,304,15.4225,0.000575393405398115
385,175,304,15.43,0.000574707163203755
385,175,304,15.4375,0.000359748796411763
385,175,304,15.445,0.000115496599939075
385,175,304,15.4525,0.000147839113416963
385,175,304,15.46,0.000471719883593066
385,175,304,15.4675,0.000536178142913091
385,175,304,15.475,0.000294098726018366
385,175,304,15.4825,0.000569011321106593
385,175,304,15.49,0.000967500758725232
385,175,304,15.4975,0.00025099826833087
385,175,304,15.505,0.000553688560853843
385,175,304,15.5125,0.000952546852313796
385,175,304,15.52,0.000546923095682657
385,175,304,15.5275,0.00084402641761413
385,175,304,15.535,0.000181724722253885
385,175,304,15.5425,0.000385462973614459
385,175,304,15.55,0.000567344129770076
385,175,304,15.5575,0.000575066324591992
385,175,304,15.565,0.000745550539344288
385,175,304,15.5725,0.000173695209974972
385,175,304,15.58,0.000954771368367364
385,175,304,15.5875,0.000533496899385166
385,175,304,15.595,0.00040172229401799
385,175,304,15.6025,0.000900890874659832
385,175,304,15.61,0.000841335757763613
385,175,304,15.6175,0.000710928598305112
385,175,304,15.625,0.000228358651233448
385,175,304,15.6325,0.000731402593844556
385,175,304,15.64,0.000214944349590793
385,175,304,15.6475,0.000504892968173542
385,175,304,15.655,0.000545078925744487
385,175,304,15.6625,0.000238863359041843
385,175,304,15.67,0.000381076190759716
385,175,304,15.6775,0.000352127472952878
385,175,304,15.685,0.000359128373030548
385,175,304,15.6925,0.000336994027122125
385,175,304,15.7,0.000712899331802158
385,175,304,15.7075,0.000721721244431066
385,175,304,15.715,0.000771614869502653
385,175,304,15.7225,0.000581597260089758
385,175,304,15.73,0.000728784889677584
385,175,304,15.7375,0.000592376290027098
385,175,304,15.745,0.000841129413409107
385,175,304,15.7525,0.000461966626358552
385,175,304,15.76,0.000392243490135067
385,175,304,15.7675,0.00052505890383828
385,175,304,15.775,0.000274441027570562
385,175,304,15.7825,0.000525158211978925
385,175,304,15.79,0.000398428563066662
385,175,304,15.7975,0.000587559303796581
385,175,304,15.805,0.000448337707060273
385,175,304,15.8125,0.000484552068020005
385,175,304,15.82,0.000507394740757964
385,175,304,15.8275,0.0007958259940158
385,175,304,15.835,0.000379372415137445
385,175,304,15.8425,0.000780590271976875
385,175,304,15.85,0.0010195861925888
385,175,304,15.8575,0.000665735789964333
385,175,304,15.865,0.000906106226202953
385,175,304,15.8725,0.000756576293926268
385,175,304,15.88,0.00112022393692832
385,175,304,15.8875,0.000302169796837874
385,175,304,15.895,0.000572611245557838
385,175,304,15.9025,0.000300694024044174
385,175,304,15.91,0.000271371139728919
385,175,304,15.9175,0.000596601714296805
385,175,304,15.925,0.000455491353819267
385,175,304,15.9325,0.000138389098759823
385,175,304,15.94,0.000470201395301013
385,175,304,15.9475,0.000726508881612297
385,175,304,15.955,0.000394942086644763
385,175,304,15.9625,0.000293870617921159
385,175,304,15.97,0.000392264238382243
385,175,304,15.9775,0.000573884408629216
385,175,304,15.985,0.000985816931194169
385,175,304,15.9925,0.000328893660489998
385,175,304,16,0.000152490925850718
385,175,303,4,0.00723464317377138
385,175,303,4.0075,0.00689205003057423
385,175,303,4.015,0.00655923770787419
385,175,303,4.0225,0.00542219802690381
385,175,303,4.03,0.00481450428372321
385,175,303,4.0375,0.00490719390759055
385,175,303,4.045,0.00392730278589822
385,175,303,4.0525,0.00405443046597214
385,175,303,4.06,0.00373583053001596
385,175,303,4.0675,0.00353851795388146
385,175,303,4.075,0.00431774319091499
385,175,303,4.0825,0.00413997079708552
385,175,303,4.09,0.0035387680327497
385,175,303,4.0975,0.00471482354477922
385,175,303,4.105,0.00442904783159723
385,175,303,4.1125,0.00509306000481637
385,175,303,4.12,0.00516919146984441
385,175,303,4.1275,0.00404032240828156
385,175,303,4.135,0.00425946655452972
385,175,303,4.1425,0.00338969645084479
385,175,303,4.15,0.00312220927924183
385,175,303,4.1575,0.00362001331140077
385,175,303,4.165,0.00299013477361973
385,175,303,4.1725,0.00272781234940125
385,175,303,4.18,0.00281742853817757
385,175,303,4.1875,0.0023832355884322
385,175,303,4.195,0.00229204903038409
385,175,303,4.2025,0.00237969271616855
385,175,303,4.21,0.00323594894136353
385,175,303,4.2175,0.0033865577851983
385,175,303,4.225,0.00373005227070457
385,175,303,4.2325,0.00373809915733414
385,175,303,4.24,0.0039660648174448
385,175,303,4.2475,0.00407379523563945
385,175,303,4.255,0.00422077956895039
385,175,303,4.2625,0.00410399612353183
385,175,303,4.27,0.00418269745524254
385,175,303,4.2775,0.00391406642749166
385,175,303,4.285,0.00347788044059805
385,175,303,4.2925,0.00342432983068899
385,175,303,4.3,0.00347259710281724
385,175,303,4.3075,0.00382765862098731
385,175,303,4.315,0.00485330889937369
385,175,303,4.3225,0.00523539854717381
385,175,303,4.33,0.00517331420437023
385,175,303,4.3375,0.00496103738770649
385,175,303,4.345,0.00499234847344428
385,175,303,4.3525,0.00482696188310784
385,175,303,4.36,0.00431096034177601
385,175,303,4.3675,0.00431144879148753
385,175,303,4.375,0.00431843772672745
385,175,303,4.3825,0.00392578926801929
385,175,303,4.39,0.00357815510606253
385,175,303,4.3975,0.00315387354233818
385,175,303,4.405,0.00236914542537089
385,175,303,4.4125,0.00227275037867497
385,175,303,4.42,0.00119146637009241
385,175,303,4.4275,0.00118846539324127
385,175,303,4.435,0.000544121075109987
385,175,303,4.4425,0.000611251182781111
385,175,303,4.45,0.000994476447716836
385,175,303,4.4575,0.00178661116805435
385,175,303,4.465,0.00211133714716743
385,175,303,4.4725,0.00257304481432839
385,175,303,4.48,0.00298928207760627
385,175,303,4.4875,0.00267485654962102
385,175,303,4.495,0.00310017757057683
385,175,303,4.5025,0.00345377574564349
385,175,303,4.51,0.00280377504976787
385,175,303,4.5175,0.00246884684005292
385,175,303,4.525,0.00259250322158276
385,175,303,4.5325,0.00243624002643092
385,175,303,4.54,0.00260564211421534
385,175,303,4.5475,0.00206070093942336
385,175,303,4.555,0.00171390650822425
385,175,303,4.5625,0.00203480989296058
385,175,303,4.57,0.00233718927364032
385,175,303,4.5775,0.00254297306527142
385,175,303,4.585,0.0024446690676516
385,175,303,4.5925,0.00223375075082186
385,175,303,4.6,0.00220685119551933
385,175,303,4.6075,0.00183695026402207
385,175,303,4.615,0.00170381075543773
385,175,303,4.6225,0.00153306676528724
385,175,303,4.63,0.00146612354588385
385,175,303,4.6375,0.00144010099092721
385,175,303,4.645,0.00187441491657829
385,175,303,4.6525,0.00143551611755741
385,175,303,4.66,0.00183191878029283
385,175,303,4.6675,0.00133621362378821
385,175,303,4.675,0.00176352949983186
385,175,303,4.6825,0.00240678806225856
385,175,303,4.69,0.0026315299300172
385,175,303,4.6975,0.00270226393220189
385,175,303,4.705,0.00264924467088696
385,175,303,4.7125,0.0023461998501333
385,175,303,4.72,0.00252397206079028
385,175,303,4.7275,0.00255282485440701
385,175,303,4.735,0.00226465305391653
385,175,303,4.7425,0.00195876433461637
385,175,303,4.75,0.00217755123322011
385,175,303,4.7575,0.00222025542644107
385,175,303,4.765,0.0013637677717962
385,175,303,4.7725,0.00169065838511038
385,175,303,4.78,0.00185712168858369
385,175,303,4.7875,0.00138172564698623
385,175,303,4.795,0.00137860901547458
385,175,303,4.8025,0.00207960175306078
385,175,303,4.81,0.0022994540012653
385,175,303,4.8175,0.00237317080979373
385,175,303,4.825,0.00233846532970813
385,175,303,4.8325,0.00222172558784556
385,175,303,4.84,0.00205370604243606
385,175,303,4.8475,0.00236612590367612
385,175,303,4.855,0.00235423826401639
385,175,303,4.8625,0.00211675767835976
385,175,303,4.87,0.00215318753176627
385,175,303,4.8775,0.00174928787563554
385,175,303,4.885,0.00108495990494013
385,175,303,4.8925,0.00122290261976662
385,175,303,4.9,0.00124074350170417
385,175,303,4.9075,0.000328925728656485
385,175,303,4.915,0.000309194379841275
385,175,303,4.9225,0.000353509795494848
385,175,303,4.93,0.000348851609521337
385,175,303,4.9375,0.000791556859127303
385,175,303,4.945,0.000997562205469393
385,175,303,4.9525,0.000994855358338983
385,175,303,4.96,0.00135576950542127
385,175,303,4.9675,0.00154501678328253
385,175,303,4.975,0.0015325001138989
385,175,303,4.9825,0.00192233163533306
385,175,303,4.99,0.00205336428020683
385,175,303,4.9975,0.00227844168170874
385,175,303,5.005,0.00244411545834316
385,175,303,5.0125,0.00238898149030294
385,175,303,5.02,0.00223055760886371
385,175,303,5.0275,0.0027871734535041
385,175,303,5.035,0.00263544880664512
385,175,303,5.0425,0.00348297001301954
385,175,303,5.05,0.00292703878645405
385,175,303,5.0575,0.00267080548161578
385,175,303,5.065,0.00263760619364232
385,175,303,5.0725,0.00282773039826675
385,175,303,5.08,0.00279787086071834
385,175,303,5.0875,0.00182920268211453
385,175,303,5.095,0.00134390942102684
385,175,303,5.1025,0.00126364490887484
385,175,303,5.11,0.000593218358454191
385,175,303,5.1175,0.000518304106364725
385,175,303,5.125,0.000984497078671661
385,175,303,5.1325,0.000790678214893782
385,175,303,5.14,0.000933344457280031
385,175,303,5.1475,0.000744580576877128
385,175,303,5.155,0.000401300301138794
385,175,303,5.1625,0.000714004671296209
385,175,303,5.17,0.0006750272207207
385,175,303,5.1775,0.000746303997700417
385,175,303,5.185,0.000446328246549562
385,175,303,5.1925,0.000528261825727029
385,175,303,5.2,0.000417981813475303
385,175,303,5.2075,0.0012725202772592
385,175,303,5.215,0.000849576191588799
385,175,303,5.2225,0.00113111231841773
385,175,303,5.23,0.00182214243761217
385,175,303,5.2375,0.00148681293201458
385,175,303,5.245,0.0019615937349157
385,175,303,5.2525,0.0023811689059564
385,175,303,5.26,0.00170416259769962
385,175,303,5.2675,0.00231842525637715
385,175,303,5.275,0.00271999124382953
385,175,303,5.2825,0.00183724440785948
385,175,303,5.29,0.00145609253417357
385,175,303,5.2975,0.00105083615613666
385,175,303,5.305,0.000990923986904984
385,175,303,5.3125,0.000739204466017385
385,175,303,5.32,0.000669518102084828
385,175,303,5.3275,0.00064438420459338
385,175,303,5.335,0.000216253563922595
385,175,303,5.3425,0.000459993463337196
385,175,303,5.35,0.000290210161703488
385,175,303,5.3575,0.000494118229728084
385,175,303,5.365,0.000579719070413181
385,175,303,5.3725,0.00148571183970933
385,175,303,5.38,0.00163650023877177
385,175,303,5.3875,0.00117613358923492
385,175,303,5.395,0.00134464885898847
385,175,303,5.4025,0.00160093082716383
385,175,303,5.41,0.00194809310321213
385,175,303,5.4175,0.00198426407719807
385,175,303,5.425,0.00147859159931512
385,175,303,5.4325,0.00163595838665624
385,175,303,5.44,0.00153308317913813
385,175,303,5.4475,0.00144705739822954
385,175,303,5.455,0.00174731681510629
385,175,303,5.4625,0.00205589716397593
385,175,303,5.47,0.0013907627799529
385,175,303,5.4775,0.00156711483635147
385,175,303,5.485,0.00195402534061198
385,175,303,5.4925,0.00179772726909985
385,175,303,5.5,0.00184565585767893
385,175,303,5.5075,0.00144319614465662
385,175,303,5.515,0.00131682897258189
385,175,303,5.5225,0.00153396965214272
385,175,303,5.53,0.00186230228082549
385,175,303,5.5375,0.00150205083989491
385,175,303,5.545,0.00141925912498599
385,175,303,5.5525,0.00130438016351267
385,175,303,5.56,0.00145941207849891
385,175,303,5.5675,0.000718051667178816
385,175,303,5.575,0.00124585646808532
385,175,303,5.5825,0.000942964769469439
385,175,303,5.59,0.00100741594906169
385,175,303,5.5975,0.000625465175850334
385,175,303,5.605,0.00151301545894002
385,175,303,5.6125,0.00111032057574714
385,175,303,5.62,0.000115735185683811
385,175,303,5.6275,0.000432828363019966
385,175,303,5.635,0.000223700737365362
385,175,303,5.6425,0.000312130707067676
385,175,303,5.65,0.000702624123271342
385,175,303,5.6575,0.00112832752131883
385,175,303,5.665,0.00100117387786413
385,175,303,5.6725,0.000949730933874528
385,175,303,5.68,0.00146795821015325
385,175,303,5.6875,0.00137681278222251
385,175,303,5.695,0.00187631360306504
385,175,303,5.7025,0.00145032477188474
385,175,303,5.71,0.00233752480297849
385,175,303,5.7175,0.00182774654000391
385,175,303,5.725,0.00213706059043222
385,175,303,5.7325,0.0026086321676122
385,175,303,5.74,0.00276520628768816
385,175,303,5.7475,0.00273413304646881
385,175,303,5.755,0.00309961519336077
385,175,303,5.7625,0.00319684704682046
385,175,303,5.77,0.00259354691679761
385,175,303,5.7775,0.00278783608290205
385,175,303,5.785,0.00270377513257764
385,175,303,5.7925,0.00252578562148441
385,175,303,5.8,0.00258572168720509
385,175,303,5.8075,0.00217414876955436
385,175,303,5.815,0.00238680314286182
385,175,303,5.8225,0.00162456401344751
385,175,303,5.83,0.00113375065090517
385,175,303,5.8375,0.000946463535578172
385,175,303,5.845,0.000768489016849687
385,175,303,5.8525,0.000963338799728775
385,175,303,5.86,0.00119740155720689
385,175,303,5.8675,0.000617687856634473
385,175,303,5.875,0.000505390261835813
385,175,303,5.8825,0.000317757788943918
385,175,303,5.89,0.000164694554532981
385,175,303,5.8975,0.000443705607300112
385,175,303,5.905,0.00121461641591811
385,175,303,5.9125,0.00130638925159912
385,175,303,5.92,0.000915260829238683
385,175,303,5.9275,0.0010982647639187
385,175,303,5.935,0.00103491103529948
385,175,303,5.9425,0.00166786072908315
385,175,303,5.95,0.00122678660205957
385,175,303,5.9575,0.00100420444522595
385,175,303,5.965,0.00148763756766594
385,175,303,5.9725,0.00120643007062107
385,175,303,5.98,0.00111303413492672
385,175,303,5.9875,0.00123557234887076
385,175,303,5.995,0.00141792687448792
385,175,303,6.0025,0.000725477595490752
385,175,303,6.01,0.00120008590187759
385,175,303,6.0175,0.000868291542825936
385,175,303,6.025,0.000877732478748456
385,175,303,6.0325,0.000819782577669342
385,175,303,6.04,0.00112338744246019
385,175,303,6.0475,0.000320997789447482
385,175,303,6.055,0.000712606938434498
385,175,303,6.0625,0.000974705973211275
385,175,303,6.07,0.000550355749455989
385,175,303,6.0775,0.000982049272297701
385,175,303,6.085,0.00104663200115551
385,175,303,6.0925,0.0016576431056637
385,175,303,6.1,0.00191046894652499
385,175,303,6.1075,0.00178579590862457
385,175,303,6.115,0.00135700278977807
385,175,303,6.1225,0.00143079256811924
385,175,303,6.13,0.00185466306151272
385,175,303,6.1375,0.00198586900388644
385,175,303,6.145,0.00223685881130224
385,175,303,6.1525,0.00181529973508291
385,175,303,6.16,0.00187154413016905
385,175,303,6.1675,0.00170430826840293
385,175,303,6.175,0.00119790300900881
385,175,303,6.1825,0.00157182123449733
385,175,303,6.19,0.0011085984923886
385,175,303,6.1975,0.00144579705033715
385,175,303,6.205,0.000805017682503795
385,175,303,6.2125,0.000662426409094159
385,175,303,6.22,0.000899618027174475
385,175,303,6.2275,5.59617623683156e-05
385,175,303,6.235,0.000514879225119679
385,175,303,6.2425,0.000893977360846768
385,175,303,6.25,0.00102101001141501
385,175,303,6.2575,0.00125391914258617
385,175,303,6.265,0.00110119594712285
385,175,303,6.2725,0.00140517255636591
385,175,303,6.28,0.00109875343385769
385,175,303,6.2875,0.00123338783245382
385,175,303,6.295,0.00120176134534102
385,175,303,6.3025,0.00123138284714751
385,175,303,6.31,0.000966625710673028
385,175,303,6.3175,0.000962764253164296
385,175,303,6.325,0.00113571517554877
385,175,303,6.3325,0.00045394491387621
385,175,303,6.34,0.00101660321642008
385,175,303,6.3475,0.000915214046754809
385,175,303,6.355,0.0014440211429939
385,175,303,6.3625,0.00173826820678805
385,175,303,6.37,0.00156041177055919
385,175,303,6.3775,0.00212379025367121
385,175,303,6.385,0.00177695705580696
385,175,303,6.3925,0.00208223321532242
385,175,303,6.4,0.00178699978997739
385,175,303,6.4075,0.00179964278346503
385,175,303,6.415,0.00191395587652389
385,175,303,6.4225,0.00187141435773686
385,175,303,6.43,0.00173461360882435
385,175,303,6.4375,0.00182757821804293
385,175,303,6.445,0.00153434084358012
385,175,303,6.4525,0.00180059217342451
385,175,303,6.46,0.00158468846764786
385,175,303,6.4675,0.00130007919049897
385,175,303,6.475,0.00171617857300358
385,175,303,6.4825,0.0016485981161813
385,175,303,6.49,0.00140890231078611
385,175,303,6.4975,0.00228137430583413
385,175,303,6.505,0.00223766434221565
385,175,303,6.5125,0.00201666797669588
385,175,303,6.52,0.00231389521824383
385,175,303,6.5275,0.0018349963201395
385,175,303,6.535,0.00189452676024163
385,175,303,6.5425,0.00163788566853673
385,175,303,6.55,0.00109087974148598
385,175,303,6.5575,0.00100719281761945
385,175,303,6.565,0.00159000269626766
385,175,303,6.5725,0.000888809441138126
385,175,303,6.58,0.00131915083407071
385,175,303,6.5875,0.00113260670046609
385,175,303,6.595,0.0010320440342308
385,175,303,6.6025,0.00141300386658866
385,175,303,6.61,0.00141216273720109
385,175,303,6.6175,0.00207313119818618
385,175,303,6.625,0.00223384619354875
385,175,303,6.6325,0.00149631738385452
385,175,303,6.64,0.00185408649235543
385,175,303,6.6475,0.00168540030800348
385,175,303,6.655,0.00202737726801264
385,175,303,6.6625,0.00202259056342682
385,175,303,6.67,0.00180509977415333
385,175,303,6.6775,0.00150048635879868
385,175,303,6.685,0.00130983571180408
385,175,303,6.6925,0.00137956038106644
385,175,303,6.7,0.00181498643904538
385,175,303,6.7075,0.0015104504821169
385,175,303,6.715,0.00158899773527748
385,175,303,6.7225,0.00135462461747336
385,175,303,6.73,0.00197260854713301
385,175,303,6.7375,0.00181638239251442
385,175,303,6.745,0.00222303047548317
385,175,303,6.7525,0.00155787122055616
385,175,303,6.76,0.00171432944106203
385,175,303,6.7675,0.00167009370403431
385,175,303,6.775,0.00188796428220202
385,175,303,6.7825,0.0021853345605321
385,175,303,6.79,0.0016504068400517
385,175,303,6.7975,0.00157922233301541
385,175,303,6.805,0.00140230122210882
385,175,303,6.8125,0.00157038815123578
385,175,303,6.82,0.00212397729252183
385,175,303,6.8275,0.00160963359752518
385,175,303,6.835,0.00221623714042624
385,175,303,6.8425,0.00255868508537245
385,175,303,6.85,0.00216707606247012
385,175,303,6.8575,0.00274771146226092
385,175,303,6.865,0.00280065652415251
385,175,303,6.8725,0.00298562584447532
385,175,303,6.88,0.00322687436812198
385,175,303,6.8875,0.00326664893472898
385,175,303,6.895,0.00317123341475672
385,175,303,6.9025,0.00310156728847392
385,175,303,6.91,0.00287463703530786
385,175,303,6.9175,0.00284269729951557
385,175,303,6.925,0.00202502159516573
385,175,303,6.9325,0.00240334295884459
385,175,303,6.94,0.00185922627509967
385,175,303,6.9475,0.00118360725441357
385,175,303,6.955,0.00150761054341417
385,175,303,6.9625,0.00165268104734484
385,175,303,6.97,0.00173587696820744
385,175,303,6.9775,0.00189433726740216
385,175,303,6.985,0.00193599996347494
385,175,303,6.9925,0.00247290989353978
385,175,303,7,0.0022148081024459
385,175,303,7.0075,0.00273354064909238
385,175,303,7.015,0.00236970342909461
385,175,303,7.0225,0.0023392077844289
385,175,303,7.03,0.00283646673227939
385,175,303,7.0375,0.0023253436775858
385,175,303,7.045,0.00189581308094363
385,175,303,7.0525,0.00206946921460026
385,175,303,7.06,0.00185090138603929
385,175,303,7.0675,0.00150092905144153
385,175,303,7.075,0.00208927814542839
385,175,303,7.0825,0.0018932751922099
385,175,303,7.09,0.00204335797493964
385,175,303,7.0975,0.00218323768380546
385,175,303,7.105,0.00268463532099241
385,175,303,7.1125,0.00260182781924202
385,175,303,7.12,0.00253293557759873
385,175,303,7.1275,0.00231831551569241
385,175,303,7.135,0.00235796988870333
385,175,303,7.1425,0.00271212285443605
385,175,303,7.15,0.00256667845382082
385,175,303,7.1575,0.00251822666403488
385,175,303,7.165,0.0019619305347137
385,175,303,7.1725,0.00262627647015398
385,175,303,7.18,0.00150267610529687
385,175,303,7.1875,0.00150076903113796
385,175,303,7.195,0.00206092751358254
385,175,303,7.2025,0.00156530952492954
385,175,303,7.21,0.00182338065765406
385,175,303,7.2175,0.00166508883862391
385,175,303,7.225,0.0020303610116217
385,175,303,7.2325,0.00271286266653684
385,175,303,7.24,0.00249939504955164
385,175,303,7.2475,0.00280077706856172
385,175,303,7.255,0.00336723812507226
385,175,303,7.2625,0.00287824947597136
385,175,303,7.27,0.00282556373851269
385,175,303,7.2775,0.00306349137461609
385,175,303,7.285,0.00266503985267402
385,175,303,7.2925,0.00314572216519909
385,175,303,7.3,0.00243154321152851
385,175,303,7.3075,0.00199964128315196
385,175,303,7.315,0.00208786076293713
385,175,303,7.3225,0.00170436436213589
385,175,303,7.33,0.00203764884997884
385,175,303,7.3375,0.00207816420624245
385,175,303,7.345,0.0016400988052634
385,175,303,7.3525,0.00226192319510172
385,175,303,7.36,0.00246507936593984
385,175,303,7.3675,0.00267527406581247
385,175,303,7.375,0.0026130103556207
385,175,303,7.3825,0.00304912499326463
385,175,303,7.39,0.00300743457747597
385,175,303,7.3975,0.00305044744381323
385,175,303,7.405,0.00297175175091201
385,175,303,7.4125,0.00253763032041705
385,175,303,7.42,0.00272569250109773
385,175,303,7.4275,0.00264649734770382
385,175,303,7.435,0.00237120109724674
385,175,303,7.4425,0.00159493138007179
385,175,303,7.45,0.0023990522145676
385,175,303,7.4575,0.00189053740951993
385,175,303,7.465,0.00168317486069102
385,175,303,7.4725,0.00170799372109853
385,175,303,7.48,0.00190301884383081
385,175,303,7.4875,0.00162828449299761
385,175,303,7.495,0.00194103490956798
385,175,303,7.5025,0.00192459591045228
385,175,303,7.51,0.00258187269540956
385,175,303,7.5175,0.00211130037368676
385,175,303,7.525,0.00202364703937668
385,175,303,7.5325,0.00158778328570601
385,175,303,7.54,0.00225134841169795
385,175,303,7.5475,0.00216428584079764
385,175,303,7.555,0.00202787262066476
385,175,303,7.5625,0.00168201103888386
385,175,303,7.57,0.00176274739980369
385,175,303,7.5775,0.00192736416210471
385,175,303,7.585,0.00236419483652538
385,175,303,7.5925,0.00258266757652731
385,175,303,7.6,0.00281582520783734
385,175,303,7.6075,0.00336883807699632
385,175,303,7.615,0.00298460474182605
385,175,303,7.6225,0.00321510355893771
385,175,303,7.63,0.00283367727689206
385,175,303,7.6375,0.00311534442708293
385,175,303,7.645,0.00335416512222909
385,175,303,7.6525,0.00324473026908313
385,175,303,7.66,0.00329896075032344
385,175,303,7.6675,0.0028313983608787
385,175,303,7.675,0.00272115972460646
385,175,303,7.6825,0.00234530006109567
385,175,303,7.69,0.00216719806446374
385,175,303,7.6975,0.00200697361368048
385,175,303,7.705,0.00210696492160715
385,175,303,7.7125,0.0017170128548235
385,175,303,7.72,0.00202061248913918
385,175,303,7.7275,0.00180089731509493
385,175,303,7.735,0.00202943688809293
385,175,303,7.7425,0.00279743883342168
385,175,303,7.75,0.0028360926235435
385,175,303,7.7575,0.00266152772972156
385,175,303,7.765,0.00287393022482664
385,175,303,7.7725,0.00272140979833441
385,175,303,7.78,0.00285524115671843
385,175,303,7.7875,0.0026106373103253
385,175,303,7.795,0.0023304954277557
385,175,303,7.8025,0.00227789326385465
385,175,303,7.81,0.00160629179284378
385,175,303,7.8175,0.00179708907809477
385,175,303,7.825,0.00115889826206662
385,175,303,7.8325,0.00132100596817342
385,175,303,7.84,0.00125293673731457
385,175,303,7.8475,0.00130998037818989
385,175,303,7.855,0.00197875937261831
385,175,303,7.8625,0.00192574377802965
385,175,303,7.87,0.00271279604930799
385,175,303,7.8775,0.00222869340650179
385,175,303,7.885,0.00257370353237685
385,175,303,7.8925,0.00315550256041078
385,175,303,7.9,0.00301987803036758
385,175,303,7.9075,0.00254854511155745
385,175,303,7.915,0.00261651219243753
385,175,303,7.9225,0.0026924426487159
385,175,303,7.93,0.00250872602177681
385,175,303,7.9375,0.00216796953862655
385,175,303,7.945,0.00262903801126602
385,175,303,7.9525,0.00208664420645918
385,175,303,7.96,0.00254118822878637
385,175,303,7.9675,0.0021976081415503
385,175,303,7.975,0.0029045420327627
385,175,303,7.9825,0.00273362139740249
385,175,303,7.99,0.00275258125261203
385,175,303,7.9975,0.00311096722962053
385,175,303,8.005,0.00328006548995591
385,175,303,8.0125,0.00317491868408008
385,175,303,8.02,0.00273045772465793
385,175,303,8.0275,0.00299103035026462
385,175,303,8.035,0.00280401240471289
385,175,303,8.0425,0.00295200443715804
385,175,303,8.05,0.00280757054692897
385,175,303,8.0575,0.00270359903899398
385,175,303,8.065,0.00252965686151183
385,175,303,8.0725,0.00148089676087455
385,175,303,8.08,0.00189309591263802
385,175,303,8.0875,0.00202156620283559
385,175,303,8.095,0.00167321410995231
385,175,303,8.1025,0.00247901368139677
385,175,303,8.11,0.00252168757816181
385,175,303,8.1175,0.00276554168727374
385,175,303,8.125,0.00283114400141461
385,175,303,8.1325,0.00274809653388602
385,175,303,8.14,0.0031660145052739
385,175,303,8.1475,0.00307643676700955
385,175,303,8.155,0.00309332454050918
385,175,303,8.1625,0.00299077869327293
385,175,303,8.17,0.0029450220534813
385,175,303,8.1775,0.00228329610641169
385,175,303,8.185,0.00239865370013318
385,175,303,8.1925,0.00202180905166497
385,175,303,8.2,0.00216977473594655
385,175,303,8.2075,0.00241362563809802
385,175,303,8.215,0.00204162698427693
385,175,303,8.2225,0.00161517490325412
385,175,303,8.23,0.00208693996819525
385,175,303,8.2375,0.00242002976836953
385,175,303,8.245,0.00218777028452848
385,175,303,8.2525,0.00290218030332281
385,175,303,8.26,0.00272237224293411
385,175,303,8.2675,0.00278170276907826
385,175,303,8.275,0.00257175033060885
385,175,303,8.2825,0.00239295692753936
385,175,303,8.29,0.00236526816875926
385,175,303,8.2975,0.00241071316149463
385,175,303,8.305,0.00194539414415546
385,175,303,8.3125,0.0021957281709609
385,175,303,8.32,0.00176320401182806
385,175,303,8.3275,0.00139392826075821
385,175,303,8.335,0.00188921558509687
385,175,303,8.3425,0.00245323116287618
385,175,303,8.35,0.00238770307499066
385,175,303,8.3575,0.00286447259718292
385,175,303,8.365,0.00294737094500882
385,175,303,8.3725,0.00305046080079199
385,175,303,8.38,0.00322513671742716
385,175,303,8.3875,0.00311347187629567
385,175,303,8.395,0.00334290779156782
385,175,303,8.4025,0.00326405133865238
385,175,303,8.41,0.00403868914414305
385,175,303,8.4175,0.00299014852307372
385,175,303,8.425,0.00311516666769962
385,175,303,8.4325,0.00277496939116686
385,175,303,8.44,0.00249585428220326
385,175,303,8.4475,0.0028373328703912
385,175,303,8.455,0.00211464932383064
385,175,303,8.4625,0.0024336153236571
385,175,303,8.47,0.00231099580173469
385,175,303,8.4775,0.00223639303932298
385,175,303,8.485,0.00268033085771003
385,175,303,8.4925,0.00222179531211225
385,175,303,8.5,0.00275123847469338
385,175,303,8.5075,0.00295295775374925
385,175,303,8.515,0.00326437791695609
385,175,303,8.5225,0.00343837062694081
385,175,303,8.53,0.00300116603243031
385,175,303,8.5375,0.00292449609819445
385,175,303,8.545,0.00324703926764824
385,175,303,8.5525,0.00271751863361084
385,175,303,8.56,0.00218758543244059
385,175,303,8.5675,0.00217469391127777
385,175,303,8.575,0.00125150333872926
385,175,303,8.5825,0.00107500755607622
385,175,303,8.59,0.000965891880003062
385,175,303,8.5975,0.000975496280587443
385,175,303,8.605,0.001291608681864
385,175,303,8.6125,0.00193528467149892
385,175,303,8.62,0.00166174031161026
385,175,303,8.6275,0.00207298355660378
385,175,303,8.635,0.00237204195027152
385,175,303,8.6425,0.00283410487629954
385,175,303,8.65,0.00290361500692077
385,175,303,8.6575,0.00294734733863663
385,175,303,8.665,0.0027233616945759
385,175,303,8.6725,0.00266226406702239
385,175,303,8.68,0.00245722286061276
385,175,303,8.6875,0.00231458702555257
385,175,303,8.695,0.00216722325794762
385,175,303,8.7025,0.00279154317752916
385,175,303,8.71,0.00208626621920247
385,175,303,8.7175,0.00212836718189163
385,175,303,8.725,0.00278612390108182
385,175,303,8.7325,0.00195313387115425
385,175,303,8.74,0.00261566879606958
385,175,303,8.7475,0.00250073288135752
385,175,303,8.755,0.00253239428887671
385,175,303,8.7625,0.00297353643346431
385,175,303,8.77,0.00286923869024668
385,175,303,8.7775,0.00278398052577657
385,175,303,8.785,0.00282149437986124
385,175,303,8.7925,0.00290657888831906
385,175,303,8.8,0.00241922514181655
385,175,303,8.8075,0.00211006464424918
385,175,303,8.815,0.00218499804342677
385,175,303,8.8225,0.00144512981319077
385,175,303,8.83,0.00169857222524181
385,175,303,8.8375,0.00165645452952882
385,175,303,8.845,0.00136820520760954
385,175,303,8.8525,0.0018228907881552
385,175,303,8.86,0.00194533748449343
385,175,303,8.8675,0.00255150138565901
385,175,303,8.875,0.00261835850145183
385,175,303,8.8825,0.0029116720740768
385,175,303,8.89,0.0026596614106741
385,175,303,8.8975,0.00266270774146881
385,175,303,8.905,0.00255741018107618
385,175,303,8.9125,0.00297747276657511
385,175,303,8.92,0.0021358354832629
385,175,303,8.9275,0.00243392550102067
385,175,303,8.935,0.00191673931141455
385,175,303,8.9425,0.0020851708685473
385,175,303,8.95,0.00198035798454974
385,175,303,8.9575,0.00174371656725403
385,175,303,8.965,0.00182291830769759
385,175,303,8.9725,0.00152880966112031
385,175,303,8.98,0.00180467623562799
385,175,303,8.9875,0.00187544340378633
385,175,303,8.995,0.00159962207553518
385,175,303,9.0025,0.0022500142403109
385,175,303,9.01,0.00196914334940521
385,175,303,9.0175,0.00225961742094613
385,175,303,9.025,0.00158472648685412
385,175,303,9.0325,0.00187573046590467
385,175,303,9.04,0.00210906082570493
385,175,303,9.0475,0.00207517569530971
385,175,303,9.055,0.00232221680769125
385,175,303,9.0625,0.00194054883428781
385,175,303,9.07,0.00109748742374678
385,175,303,9.0775,0.00170801104237105
385,175,303,9.085,0.00174167094513115
385,175,303,9.0925,0.00238375510870811
385,175,303,9.1,0.00242410467145187
385,175,303,9.1075,0.00262547963650036
385,175,303,9.115,0.00212881420290735
385,175,303,9.1225,0.00221539720748061
385,175,303,9.13,0.00262911080965498
385,175,303,9.1375,0.00289240844851118
385,175,303,9.145,0.00317824671279074
385,175,303,9.1525,0.00313233290157297
385,175,303,9.16,0.00253801883360624
385,175,303,9.1675,0.00252196213822226
385,175,303,9.175,0.00241908602082467
385,175,303,9.1825,0.00252960773931797
385,175,303,9.19,0.00238882035348391
385,175,303,9.1975,0.00221012893717391
385,175,303,9.205,0.00224808415608092
385,175,303,9.2125,0.00225101332646229
385,175,303,9.22,0.00134511172354612
385,175,303,9.2275,0.00173919292676382
385,175,303,9.235,0.00234162229499512
385,175,303,9.2425,0.00178603194959573
385,175,303,9.25,0.00206118202117913
385,175,303,9.2575,0.00245534419282858
385,175,303,9.265,0.0023147665651648
385,175,303,9.2725,0.00254383578846623
385,175,303,9.28,0.00245240179157407
385,175,303,9.2875,0.00245961945962991
385,175,303,9.295,0.00245303095594125
385,175,303,9.3025,0.00207241506340366
385,175,303,9.31,0.00172564556462991
385,175,303,9.3175,0.0018186127706596
385,175,303,9.325,0.00104310458238909
385,175,303,9.3325,0.00111818565598288
385,175,303,9.34,0.00125807634196364
385,175,303,9.3475,0.000488879551447723
385,175,303,9.355,0.000608193428377641
385,175,303,9.3625,0.000869190459688721
385,175,303,9.37,0.00077044791755207
385,175,303,9.3775,0.00150608187793077
385,175,303,9.385,0.0017174586984229
385,175,303,9.3925,0.00184454922475296
385,175,303,9.4,0.00223447186338201
385,175,303,9.4075,0.00209803486637343
385,175,303,9.415,0.00231032120191998
385,175,303,9.4225,0.00223379216700456
385,175,303,9.43,0.0022221718653811
385,175,303,9.4375,0.0021469770986525
385,175,303,9.445,0.0023756287302124
385,175,303,9.4525,0.00231379818459452
385,175,303,9.46,0.00203003775041245
385,175,303,9.4675,0.00191710097525375
385,175,303,9.475,0.00232134988068858
385,175,303,9.4825,0.00194129991695116
385,175,303,9.49,0.0026450041238494
385,175,303,9.4975,0.00236778797612859
385,175,303,9.505,0.00280443124881044
385,175,303,9.5125,0.00264682736012793
385,175,303,9.52,0.00296243240746815
385,175,303,9.5275,0.00221015034172964
385,175,303,9.535,0.0024799468343758
385,175,303,9.5425,0.00252805471831296
385,175,303,9.55,0.00232575972634849
385,175,303,9.5575,0.00169028366757186
385,175,303,9.565,0.00164582199330176
385,175,303,9.5725,0.00122429609049991
385,175,303,9.58,0.00145246883842909
385,175,303,9.5875,0.00153925621873492
385,175,303,9.595,0.00158638448286338
385,175,303,9.6025,0.00120073683039741
385,175,303,9.61,0.000980376272699461
385,175,303,9.6175,0.00169412658724994
385,175,303,9.625,0.00202095757259985
385,175,303,9.6325,0.00176241196907375
385,175,303,9.64,0.0025455955750048
385,175,303,9.6475,0.00262443278931739
385,175,303,9.655,0.00253989233515712
385,175,303,9.6625,0.00258681449893453
385,175,303,9.67,0.00221748105383181
385,175,303,9.6775,0.00236858654045934
385,175,303,9.685,0.00199961412602253
385,175,303,9.6925,0.0020873844583398
385,175,303,9.7,0.00226139980285138
385,175,303,9.7075,0.0013073869704339
385,175,303,9.715,0.0010783851708914
385,175,303,9.7225,0.0016708830946591
385,175,303,9.73,0.00134770688963704
385,175,303,9.7375,0.0015771842213508
385,175,303,9.745,0.00185320925084684
385,175,303,9.7525,0.00219670545296669
385,175,303,9.76,0.00213883890053887
385,175,303,9.7675,0.00197168972331187
385,175,303,9.775,0.00233519636399072
385,175,303,9.7825,0.00243628449584725
385,175,303,9.79,0.00240104682292014
385,175,303,9.7975,0.00248692984348528
385,175,303,9.805,0.00249650900733567
385,175,303,9.8125,0.00195062620382782
385,175,303,9.82,0.00233640614636955
385,175,303,9.8275,0.00151815134250316
385,175,303,9.835,0.001563056207568
385,175,303,9.8425,0.00153873697865408
385,175,303,9.85,0.00107712070187116
385,175,303,9.8575,0.00149367487178574
385,175,303,9.865,0.001580208069916
385,175,303,9.8725,0.0017872617060382
385,175,303,9.88,0.00271422533445366
385,175,303,9.8875,0.0026485084607834
385,175,303,9.895,0.0026086895097757
385,175,303,9.9025,0.00274041526799882
385,175,303,9.91,0.00308512833855381
385,175,303,9.9175,0.00285225584372295
385,175,303,9.925,0.00278115258092041
385,175,303,9.9325,0.00275183060023426
385,175,303,9.94,0.00252709570830553
385,175,303,9.9475,0.00204901704082649
385,175,303,9.955,0.00255390182609077
385,175,303,9.9625,0.00219596561611941
385,175,303,9.97,0.00195776470782566
385,175,303,9.9775,0.00238905821702184
385,175,303,9.985,0.00277449644327318
385,175,303,9.9925,0.00255579943180315
385,175,303,10,0.00262538870754248
385,175,303,10.0075,0.00263215773646712
385,175,303,10.015,0.00275596320266063
385,175,303,10.0225,0.00242554289312332
385,175,303,10.03,0.00237394358703192
385,175,303,10.0375,0.00244202865698252
385,175,303,10.045,0.00209067694354372
385,175,303,10.0525,0.00189080267389395
385,175,303,10.06,0.00204199552509743
385,175,303,10.0675,0.00139831193025141
385,175,303,10.075,0.00136385117832908
385,175,303,10.0825,0.00139033560041002
385,175,303,10.09,0.000613313772367439
385,175,303,10.0975,0.000586798732602766
385,175,303,10.105,0.00101673274684932
385,175,303,10.1125,0.00115597211256658
385,175,303,10.12,0.00164257767818412
385,175,303,10.1275,0.00144896121016722
385,175,303,10.135,0.00158790169107208
385,175,303,10.1425,0.00152062993074719
385,175,303,10.15,0.00180422822142334
385,175,303,10.1575,0.00168132447444064
385,175,303,10.165,0.00186375347714419
385,175,303,10.1725,0.00169244649318346
385,175,303,10.18,0.00203627552619455
385,175,303,10.1875,0.00215170689867112
385,175,303,10.195,0.00220345133640292
385,175,303,10.2025,0.00153671682117145
385,175,303,10.21,0.00167139742030722
385,175,303,10.2175,0.00200337111843289
385,175,303,10.225,0.00193593643864401
385,175,303,10.2325,0.00182487614109632
385,175,303,10.24,0.00218661235334688
385,175,303,10.2475,0.00223148706503564
385,175,303,10.255,0.00203740058777915
385,175,303,10.2625,0.00211577125670412
385,175,303,10.27,0.00195481426975116
385,175,303,10.2775,0.00168567933489126
385,175,303,10.285,0.00191048290559128
385,175,303,10.2925,0.00175390645809833
385,175,303,10.3,0.00168172158878518
385,175,303,10.3075,0.00161614424936286
385,175,303,10.315,0.00183767621856005
385,175,303,10.3225,0.00154576028852631
385,175,303,10.33,0.00182751408666388
385,175,303,10.3375,0.00108043258748719
385,175,303,10.345,0.00117712658926414
385,175,303,10.3525,0.000625825873174661
385,175,303,10.36,0.000787291601322884
385,175,303,10.3675,0.000870144642201896
385,175,303,10.375,0.00160941288504017
385,175,303,10.3825,0.00181178705270492
385,175,303,10.39,0.00176293780506329
385,175,303,10.3975,0.001579530693007
385,175,303,10.405,0.00155708709506426
385,175,303,10.4125,0.00146463721640838
385,175,303,10.42,0.00175660878406158
385,175,303,10.4275,0.00129262621221922
385,175,303,10.435,0.00147903117648963
385,175,303,10.4425,0.00123241074512483
385,175,303,10.45,0.000482748564922347
385,175,303,10.4575,0.000583377927147375
385,175,303,10.465,0.000720116126701913
385,175,303,10.4725,0.000763552182138184
385,175,303,10.48,0.000557788515629134
385,175,303,10.4875,0.000792782242478323
385,175,303,10.495,0.000956695383092391
385,175,303,10.5025,0.000569007752369851
385,175,303,10.51,0.00109042814482108
385,175,303,10.5175,0.00184711759693013
385,175,303,10.525,0.00133935812922992
385,175,303,10.5325,0.00166109055714301
385,175,303,10.54,0.00186187731185133
385,175,303,10.5475,0.00139461515065832
385,175,303,10.555,0.00180353070321283
385,175,303,10.5625,0.00159503825079856
385,175,303,10.57,0.00173487020578783
385,175,303,10.5775,0.0014426561889866
385,175,303,10.585,0.00145023980583318
385,175,303,10.5925,0.00125814870244468
385,175,303,10.6,0.000925083729530998
385,175,303,10.6075,0.00091548819253442
385,175,303,10.615,0.000824892617123082
385,175,303,10.6225,0.000818118177598436
385,175,303,10.63,0.00114830447171328
385,175,303,10.6375,0.00126385535058019
385,175,303,10.645,0.00136856967361683
385,175,303,10.6525,0.00179837948404055
385,175,303,10.66,0.00149226798456025
385,175,303,10.6675,0.00158267061436075
385,175,303,10.675,0.00130867218653167
385,175,303,10.6825,0.00155762399831494
385,175,303,10.69,0.00141629631787757
385,175,303,10.6975,0.00107534497069228
385,175,303,10.705,0.00110083927568551
385,175,303,10.7125,0.00127684600785635
385,175,303,10.72,0.00108874507834506
385,175,303,10.7275,0.00137270797486558
385,175,303,10.735,0.000959268442689737
385,175,303,10.7425,0.00123883153403134
385,175,303,10.75,0.000996145045468462
385,175,303,10.7575,0.000776985832591102
385,175,303,10.765,0.00116572869167889
385,175,303,10.7725,0.000888388261214344
385,175,303,10.78,0.00159985340455033
385,175,303,10.7875,0.00120069413128812
385,175,303,10.795,0.00100311183264565
385,175,303,10.8025,0.000780898826309867
385,175,303,10.81,0.000485614251466358
385,175,303,10.8175,0.000503018318441438
385,175,303,10.825,0.000898407916214172
385,175,303,10.8325,0.000730877962517852
385,175,303,10.84,0.000548555195396466
385,175,303,10.8475,0.000707965225907681
385,175,303,10.855,0.000971836106872102
385,175,303,10.8625,0.00140362153133652
385,175,303,10.87,0.00111045766304444
385,175,303,10.8775,0.00133531105690257
385,175,303,10.885,0.00113049972167036
385,175,303,10.8925,0.00163884467718928
385,175,303,10.9,0.00142972952791092
385,175,303,10.9075,0.0016779739708318
385,175,303,10.915,0.00184963883231861
385,175,303,10.9225,0.00162911587591829
385,175,303,10.93,0.0016813324248328
385,175,303,10.9375,0.00180414799788097
385,175,303,10.945,0.00109871550078951
385,175,303,10.9525,0.00135310663718195
385,175,303,10.96,0.000620692312027874
385,175,303,10.9675,0.000504201170915913
385,175,303,10.975,0.00117461735798477
385,175,303,10.9825,0.000494748209114297
385,175,303,10.99,0.00100721892739077
385,175,303,10.9975,0.000938722671155686
385,175,303,11.005,0.00087870921816982
385,175,303,11.0125,0.00142616203480522
385,175,303,11.02,0.00134477534859418
385,175,303,11.0275,0.00124828262895593
385,175,303,11.035,0.00155477702978039
385,175,303,11.0425,0.00164507085814076
385,175,303,11.05,0.00138402373471087
385,175,303,11.0575,0.00178004918629331
385,175,303,11.065,0.00141939199119462
385,175,303,11.0725,0.00134526876972555
385,175,303,11.08,0.00160305686917585
385,175,303,11.0875,0.00128296830961174
385,175,303,11.095,0.00100084793405013
385,175,303,11.1025,0.00164820526052756
385,175,303,11.11,0.0012793039820776
385,175,303,11.1175,0.0013561132759956
385,175,303,11.125,0.00120941152623092
385,175,303,11.1325,0.00191381767793362
385,175,303,11.14,0.000965770074034277
385,175,303,11.1475,0.0013921121003725
385,175,303,11.155,0.00101203710725153
385,175,303,11.1625,0.00112932202766191
385,175,303,11.17,0.00112467440271417
385,175,303,11.1775,0.00119063508286413
385,175,303,11.185,0.000971402834282459
385,175,303,11.1925,0.00099423086989185
385,175,303,11.2,0.000874972275229233
385,175,303,11.2075,0.000778492622490959
385,175,303,11.215,0.000686600454007347
385,175,303,11.2225,0.000514704636812062
385,175,303,11.23,0.000614794155257322
385,175,303,11.2375,0.000582171060061578
385,175,303,11.245,0.000528550986909516
385,175,303,11.2525,0.000817485143496633
385,175,303,11.26,0.000497452661725777
385,175,303,11.2675,0.000769787133105069
385,175,303,11.275,0.000416676557006998
385,175,303,11.2825,0.00160025961581363
385,175,303,11.29,0.00140679034321822
385,175,303,11.2975,0.00154628869322247
385,175,303,11.305,0.00150186355312198
385,175,303,11.3125,0.00206790886399966
385,175,303,11.32,0.00108906117478992
385,175,303,11.3275,0.00167659115085054
385,175,303,11.335,0.00176878475115861
385,175,303,11.3425,0.00145761624524118
385,175,303,11.35,0.00156754941395309
385,175,303,11.3575,0.00139746885803531
385,175,303,11.365,0.00171979640759564
385,175,303,11.3725,0.00152624001292022
385,175,303,11.38,0.00203032369516883
385,175,303,11.3875,0.00199234121994423
385,175,303,11.395,0.00158535501008806
385,175,303,11.4025,0.00134650985039777
385,175,303,11.41,0.00148833576695147
385,175,303,11.4175,0.00165066007777556
385,175,303,11.425,0.00197753077661678
385,175,303,11.4325,0.00161735100589277
385,175,303,11.44,0.00181609979386212
385,175,303,11.4475,0.00138627075831141
385,175,303,11.455,0.00152569389066512
385,175,303,11.4625,0.00143632422280634
385,175,303,11.47,0.00125769533291109
385,175,303,11.4775,0.0010828384154672
385,175,303,11.485,0.00104387505177657
385,175,303,11.4925,0.000890180635294832
385,175,303,11.5,0.000659454620560961
385,175,303,11.5075,0.000651699602408774
385,175,303,11.515,0.000433992934904244
385,175,303,11.5225,0.000539926066909072
385,175,303,11.53,0.00138807348612152
385,175,303,11.5375,0.000963318811686358
385,175,303,11.545,0.00114791969160719
385,175,303,11.5525,0.00127548045356792
385,175,303,11.56,0.000862795351876709
385,175,303,11.5675,0.00123020912680136
385,175,303,11.575,0.0013112383255656
385,175,303,11.5825,0.000941978836464366
385,175,303,11.59,0.00133432302529314
385,175,303,11.5975,0.00153898165596546
385,175,303,11.605,0.00102548085477851
385,175,303,11.6125,0.00141398556067832
385,175,303,11.62,0.00132047920044898
385,175,303,11.6275,0.00146442749125482
385,175,303,11.635,0.00158561407228287
385,175,303,11.6425,0.00175315762577171
385,175,303,11.65,0.00166766913236991
385,175,303,11.6575,0.00180817135843379
385,175,303,11.665,0.00188266972703571
385,175,303,11.6725,0.00174974750964295
385,175,303,11.68,0.00121119515474923
385,175,303,11.6875,0.00177278798808845
385,175,303,11.695,0.0019514577504867
385,175,303,11.7025,0.00149362921903134
385,175,303,11.71,0.00130610981743251
385,175,303,11.7175,0.00129088709727694
385,175,303,11.725,0.00126090506737889
385,175,303,11.7325,0.000948197446981848
385,175,303,11.74,0.000740262336109835
385,175,303,11.7475,0.000474335095843614
385,175,303,11.755,0.000472120352355339
385,175,303,11.7625,0.000903332986765642
385,175,303,11.77,0.00133686178615022
385,175,303,11.7775,0.000990594705754173
385,175,303,11.785,0.00162531407746921
385,175,303,11.7925,0.00141528648163679
385,175,303,11.8,0.00160682432828123
385,175,303,11.8075,0.00115501409269801
385,175,303,11.815,0.00182180070327869
385,175,303,11.8225,0.0014272502352963
385,175,303,11.83,0.00138604850731927
385,175,303,11.8375,0.00150335509303352
385,175,303,11.845,0.00126090481032087
385,175,303,11.8525,0.00164900442572616
385,175,303,11.86,0.0010891302407364
385,175,303,11.8675,0.00109110645219082
385,175,303,11.875,0.000910313459124097
385,175,303,11.8825,0.0015200497838926
385,175,303,11.89,0.00142963169724519
385,175,303,11.8975,0.00121705058138091
385,175,303,11.905,0.0012417219092762
385,175,303,11.9125,0.00137551631599866
385,175,303,11.92,0.00096700279499358
385,175,303,11.9275,0.00113875708867064
385,175,303,11.935,0.00141508887722816
385,175,303,11.9425,0.00123761792473737
385,175,303,11.95,0.000960717560508884
385,175,303,11.9575,0.000708992583485021
385,175,303,11.965,0.000376011123281434
385,175,303,11.9725,0.000563218031738705
385,175,303,11.98,3.85313081391397e-05
385,175,303,11.9875,0.000336567542101087
385,175,303,11.995,0.000353865222485191
385,175,303,12.0025,0.000932568391660735
385,175,303,12.01,0.000744629136152542
385,175,303,12.0175,0.00111807681631965
385,175,303,12.025,0.00135942376408105
385,175,303,12.0325,0.00143927333672137
385,175,303,12.04,0.00112866843170562
385,175,303,12.0475,0.00135935690669936
385,175,303,12.055,0.00108902027012163
385,175,303,12.0625,0.00162524258070112
385,175,303,12.07,0.00124089094491626
385,175,303,12.0775,0.00167115463610138
385,175,303,12.085,0.00126129088753898
385,175,303,12.0925,0.00146696586031401
385,175,303,12.1,0.00168698293337544
385,175,303,12.1075,0.00152222470618488
385,175,303,12.115,0.00167234230542983
385,175,303,12.1225,0.00170779216176735
385,175,303,12.13,0.00103010453722123
385,175,303,12.1375,0.00126734620472143
385,175,303,12.145,0.00104964292067723
385,175,303,12.1525,0.00139348875630563
385,175,303,12.16,0.00145204690750062
385,175,303,12.1675,0.00102430744402122
385,175,303,12.175,0.00152078200303198
385,175,303,12.1825,0.00132778063008916
385,175,303,12.19,0.00122154046698027
385,175,303,12.1975,0.00129092070305178
385,175,303,12.205,0.00129558690849867
385,175,303,12.2125,0.00114128954353691
385,175,303,12.22,0.000788348116987072
385,175,303,12.2275,0.00092139560199522
385,175,303,12.235,0.000350702761966449
385,175,303,12.2425,0.000573695776117423
385,175,303,12.25,0.000542328687623861
385,175,303,12.2575,0.000187490458886092
385,175,303,12.265,0.000927219957310807
385,175,303,12.2725,0.00055529178605317
385,175,303,12.28,0.000512046024028196
385,175,303,12.2875,0.00137409281011357
385,175,303,12.295,0.000794331549848077
385,175,303,12.3025,0.00114081248802066
385,175,303,12.31,0.00151579381860579
385,175,303,12.3175,0.000887954564728315
385,175,303,12.325,0.0015099231767573
385,175,303,12.3325,0.00135700890278954
385,175,303,12.34,0.00109105929743935
385,175,303,12.3475,0.00117877975995926
385,175,303,12.355,0.00087915101636102
385,175,303,12.3625,0.00108651026075973
385,175,303,12.37,0.00129386268525874
385,175,303,12.3775,0.00109114029742944
385,175,303,12.385,0.000832943274235721
385,175,303,12.3925,0.00115495464001936
385,175,303,12.4,0.000694285634918991
385,175,303,12.4075,0.0011678698838885
385,175,303,12.415,0.00120141391769349
385,175,303,12.4225,0.00143511026949934
385,175,303,12.43,0.00107432589610583
385,175,303,12.4375,0.00111182513723523
385,175,303,12.445,0.0011122234326402
385,175,303,12.4525,0.000966251146754349
385,175,303,12.46,0.000974820862249104
385,175,303,12.4675,0.000992445862912011
385,175,303,12.475,0.00104819987680677
385,175,303,12.4825,0.000624388768162291
385,175,303,12.49,0.000963230959978087
385,175,303,12.4975,0.000719140593307569
385,175,303,12.505,0.000837089129027882
385,175,303,12.5125,0.00106860864917798
385,175,303,12.52,0.00104359373810569
385,175,303,12.5275,0.00120049945310269
385,175,303,12.535,0.000818968059480697
385,175,303,12.5425,0.001358120024313
385,175,303,12.55,0.00111018492536017
385,175,303,12.5575,0.00107774113814501
385,175,303,12.565,0.0017114004410878
385,175,303,12.5725,0.00154132584429697
385,175,303,12.58,0.00146117862465141
385,175,303,12.5875,0.00188336328450172
385,175,303,12.595,0.0012986682918857
385,175,303,12.6025,0.000937210576814959
385,175,303,12.61,0.00144183322189083
385,175,303,12.6175,0.00116942097204336
385,175,303,12.625,0.00111456605239269
385,175,303,12.6325,0.00114091171267182
385,175,303,12.64,0.00110380377740903
385,175,303,12.6475,0.000907760232299861
385,175,303,12.655,0.00101797045470243
385,175,303,12.6625,0.00074827420013647
385,175,303,12.67,0.000685762833056443
385,175,303,12.6775,0.000958688970763338
385,175,303,12.685,0.00120185581439774
385,175,303,12.6925,0.000717173210892833
385,175,303,12.7,0.000939473102342041
385,175,303,12.7075,0.000948774666963741
385,175,303,12.715,0.000391920612352482
385,175,303,12.7225,0.000409491362175626
385,175,303,12.73,0.00021594202137895
385,175,303,12.7375,0.000148958308486169
385,175,303,12.745,0.000405241164186935
385,175,303,12.7525,0.00028157426828968
385,175,303,12.76,0.000869830333666347
385,175,303,12.7675,0.000757567682227402
385,175,303,12.775,0.000443367330008778
385,175,303,12.7825,0.00110007351224778
385,175,303,12.79,0.00137068739273565
385,175,303,12.7975,0.000648270839288978
385,175,303,12.805,0.000880813790039826
385,175,303,12.8125,0.00123424636940382
385,175,303,12.82,0.00122034343487343
385,175,303,12.8275,0.000947510632101003
385,175,303,12.835,0.00117490041546497
385,175,303,12.8425,0.00176905988951353
385,175,303,12.85,0.00129430592967069
385,175,303,12.8575,0.00129822981673692
385,175,303,12.865,0.00161344888620032
385,175,303,12.8725,0.00115733474154479
385,175,303,12.88,0.000965688414558349
385,175,303,12.8875,0.00105900438998979
385,175,303,12.895,0.000827340824254248
385,175,303,12.9025,0.00152771863902439
385,175,303,12.91,0.00121363177465059
385,175,303,12.9175,0.00113244591676219
385,175,303,12.925,0.00121631743448166
385,175,303,12.9325,0.00156136154413421
385,175,303,12.94,0.00141823386519439
385,175,303,12.9475,0.000774120064617541
385,175,303,12.955,0.000798164880719386
385,175,303,12.9625,0.000658555325731667
385,175,303,12.97,0.000622414266745946
385,175,303,12.9775,0.000195378345306261
385,175,303,12.985,0.000407321464110505
385,175,303,12.9925,0.000539574345754981
385,175,303,13,0.000137049744654312
385,175,303,13.0075,0.000371990084632822
385,175,303,13.015,0.000292136053958723
385,175,303,13.0225,0.000714098892683494
385,175,303,13.03,0.000377757739945532
385,175,303,13.0375,0.00061086731694231
385,175,303,13.045,0.000766408815138458
385,175,303,13.0525,0.000422190453485592
385,175,303,13.06,0.000807424735868266
385,175,303,13.0675,0.000705978774958713
385,175,303,13.075,0.000428671680917432
385,175,303,13.0825,0.000903634144834323
385,175,303,13.09,0.000601563172975569
385,175,303,13.0975,0.000864429757214735
385,175,303,13.105,0.000998549596809532
385,175,303,13.1125,0.000901911267159113
385,175,303,13.12,0.000482876822346406
385,175,303,13.1275,0.000668063904262863
385,175,303,13.135,0.000940758751194643
385,175,303,13.1425,0.00107535764566079
385,175,303,13.15,0.000920872525309081
385,175,303,13.1575,0.000807568442122263
385,175,303,13.165,0.0013778412230934
385,175,303,13.1725,0.000859216536120716
385,175,303,13.18,0.000713448260604279
385,175,303,13.1875,0.000885331758478459
385,175,303,13.195,0.00110687858226123
385,175,303,13.2025,0.000777504042082488
385,175,303,13.21,0.000854658020212282
385,175,303,13.2175,0.00141010115157507
385,175,303,13.225,0.000901015419321285
385,175,303,13.2325,0.00117245790626094
385,175,303,13.24,0.000784559468667587
385,175,303,13.2475,0.000785902290623955
385,175,303,13.255,0.00103955823359838
385,175,303,13.2625,0.0010511619898838
385,175,303,13.27,0.000795378065803119
385,175,303,13.2775,0.00100708466887387
385,175,303,13.285,0.000771721866181971
385,175,303,13.2925,0.00121259401967489
385,175,303,13.3,0.000899140587048198
385,175,303,13.3075,0.00141360195898521
385,175,303,13.315,0.000915932663166259
385,175,303,13.3225,0.00130340226364194
385,175,303,13.33,0.00132514754502296
385,175,303,13.3375,0.00101267433747421
385,175,303,13.345,0.000869762601844559
385,175,303,13.3525,0.00103615904892
385,175,303,13.36,0.000891195004632546
385,175,303,13.3675,0.000708120818375653
385,175,303,13.375,0.000424168136384749
385,175,303,13.3825,0.000521411305409813
385,175,303,13.39,0.000569514680818348
385,175,303,13.3975,0.000517234059502553
385,175,303,13.405,0.000359066250841595
385,175,303,13.4125,0.000595168103716756
385,175,303,13.42,0.000570156622801871
385,175,303,13.4275,0.00086141538322737
385,175,303,13.435,0.000645216849796591
385,175,303,13.4425,0.000516199353955121
385,175,303,13.45,0.00100142152864774
385,175,303,13.4575,0.0010194620777176
385,175,303,13.465,0.00130702255973328
385,175,303,13.4725,0.00105942632144538
385,175,303,13.48,0.000886034159539959
385,175,303,13.4875,0.000864175938091057
385,175,303,13.495,0.000816002292957571
385,175,303,13.5025,0.000731665085258652
385,175,303,13.51,0.0010521538717639
385,175,303,13.5175,0.000591222602374209
385,175,303,13.525,0.00104043222166918
385,175,303,13.5325,0.00149499248480389
385,175,303,13.54,0.00114978034538762
385,175,303,13.5475,0.00118386396678882
385,175,303,13.555,0.00119784613670908
385,175,303,13.5625,0.00128184514964121
385,175,303,13.57,0.00142310859243127
385,175,303,13.5775,0.00178741245898679
385,175,303,13.585,0.00117981214719403
385,175,303,13.5925,0.000829023792248219
385,175,303,13.6,0.00122915274742293
385,175,303,13.6075,0.00126282888761701
385,175,303,13.615,0.00092091919704471
385,175,303,13.6225,0.000844186286388496
385,175,303,13.63,0.000388072473423635
385,175,303,13.6375,0.000847972465279929
385,175,303,13.645,0.00129092045098023
385,175,303,13.6525,0.00129978082869728
385,175,303,13.66,0.00136968621614112
385,175,303,13.6675,0.000901854712411918
385,175,303,13.675,0.000676175417533894
385,175,303,13.6825,0.00139784361967705
385,175,303,13.69,0.00095640655356923
385,175,303,13.6975,0.000770347470773939
385,175,303,13.705,0.00110176545697161
385,175,303,13.7125,0.000685578688474633
385,175,303,13.72,0.00059911251729865
385,175,303,13.7275,0.000774615401547905
385,175,303,13.735,0.000127042368169992
385,175,303,13.7425,0.00054389477849696
385,175,303,13.75,0.000693836338889118
385,175,303,13.7575,0.000799869631512606
385,175,303,13.765,0.000675140865766268
385,175,303,13.7725,0.000610825706386428
385,175,303,13.78,0.000889047031138838
385,175,303,13.7875,0.000781698055115879
385,175,303,13.795,0.00111243441563054
385,175,303,13.8025,0.000894056326163963
385,175,303,13.81,0.00128116701847116
385,175,303,13.8175,0.00105856788650994
385,175,303,13.825,0.000865343624378235
385,175,303,13.8325,0.00125251081802219
385,175,303,13.84,0.00153721723014059
385,175,303,13.8475,0.00141411076781244
385,175,303,13.855,0.00101976885181837
385,175,303,13.8625,0.000708653841467237
385,175,303,13.87,0.000748778210589919
385,175,303,13.8775,0.000983634800434346
385,175,303,13.885,0.000741197085815697
385,175,303,13.8925,0.000940053531384981
385,175,303,13.9,0.000868822516929282
385,175,303,13.9075,0.000911132551217888
385,175,303,13.915,0.000766326334328245
385,175,303,13.9225,0.000711796826787496
385,175,303,13.93,0.000961250128689884
385,175,303,13.9375,0.00103257039613637
385,175,303,13.945,0.000892210210181375
385,175,303,13.9525,0.00114572622438899
385,175,303,13.96,0.00045718233826285
385,175,303,13.9675,0.000804566197283571
385,175,303,13.975,0.000959936743314622
385,175,303,13.9825,0.000536992343430464
385,175,303,13.99,0.000777938242380406
385,175,303,13.9975,0.000693414050442907
385,175,303,14.005,0.000351819005848637
385,175,303,14.0125,0.000707609361529482
385,175,303,14.02,0.000972083715774583
385,175,303,14.0275,0.000748275167177
385,175,303,14.035,0.00116181020567664
385,175,303,14.0425,0.00121014151234985
385,175,303,14.05,0.00109010071006159
385,175,303,14.0575,0.00170283886903804
385,175,303,14.065,0.000659633674813912
385,175,303,14.0725,0.00126518671784303
385,175,303,14.08,0.0012838890012309
385,175,303,14.0875,0.00137206620498305
385,175,303,14.095,0.000887768252737551
385,175,303,14.1025,0.00103416138952444
385,175,303,14.11,0.000867216340816909
385,175,303,14.1175,0.000400766196567573
385,175,303,14.125,0.000642796135043511
385,175,303,14.1325,0.000782165058447308
385,175,303,14.14,0.000840562142077367
385,175,303,14.1475,0.000325012623756488
385,175,303,14.155,0.000574535713901784
385,175,303,14.1625,0.000608269823106313
385,175,303,14.17,0.000786016799315766
385,175,303,14.1775,0.00100599901224165
385,175,303,14.185,0.000923551782303574
385,175,303,14.1925,0.00086705898042277
385,175,303,14.2,0.000662076268795702
385,175,303,14.2075,0.000693782166696757
385,175,303,14.215,0.000140338148098303
385,175,303,14.2225,0.000692242561259385
385,175,303,14.23,0.000577836975191712
385,175,303,14.2375,0.00079989137881293
385,175,303,14.245,0.000626771221130556
385,175,303,14.2525,0.000137870464433316
385,175,303,14.26,0.000658644931757644
385,175,303,14.2675,0.000741679408522153
385,175,303,14.275,0.000764856971180863
385,175,303,14.2825,0.000511988926503757
385,175,303,14.29,0.000902839797664132
385,175,303,14.2975,0.00065160689530735
385,175,303,14.305,0.000881658372012556
385,175,303,14.3125,0.00132561725368348
385,175,303,14.32,0.00131666612573747
385,175,303,14.3275,0.00100044794497747
385,175,303,14.335,0.000711830302418652
385,175,303,14.3425,0.00098066505548817
385,175,303,14.35,0.00100513921702383
385,175,303,14.3575,0.000745314691051855
385,175,303,14.365,0.000906030759687731
385,175,303,14.3725,0.000611340686411075
385,175,303,14.38,0.00106328124028936
385,175,303,14.3875,0.000824022321409229
385,175,303,14.395,0.000751561624619184
385,175,303,14.4025,0.000878577414738037
385,175,303,14.41,0.000244974486241849
385,175,303,14.4175,0.00108627506323189
385,175,303,14.425,0.00115332365118699
385,175,303,14.4325,0.00101410433796778
385,175,303,14.44,0.0007357064102523
385,175,303,14.4475,0.0010949221271626
385,175,303,14.455,0.00107145062245629
385,175,303,14.4625,0.00118430099520175
385,175,303,14.47,0.0010847667232953
385,175,303,14.4775,0.000740702843253335
385,175,303,14.485,0.000553676755556734
385,175,303,14.4925,0.000364625764076131
385,175,303,14.5,0.000654980960029831
385,175,303,14.5075,0.000802193769761687
385,175,303,14.515,0.000638289652364865
385,175,303,14.5225,0.000342280872298627
385,175,303,14.53,0.000293482521208986
385,175,303,14.5375,0.000567168168822175
385,175,303,14.545,0.000747392049239469
385,175,303,14.5525,0.000515245825210985
385,175,303,14.56,0.000752417271202817
385,175,303,14.5675,0.000421940768641457
385,175,303,14.575,0.000527205600043385
385,175,303,14.5825,0.000446516168864931
385,175,303,14.59,0.000658116267404704
385,175,303,14.5975,0.000658303923055214
385,175,303,14.605,0.000526168291692359
385,175,303,14.6125,0.000594004712088377
385,175,303,14.62,0.000445811655049668
385,175,303,14.6275,0.000107546745869237
385,175,303,14.635,0.00036673431815234
385,175,303,14.6425,0.000688602928878331
385,175,303,14.65,6.79148390530895e-05
385,175,303,14.6575,0.000378511873939403
385,175,303,14.665,0.00054251046169498
385,175,303,14.6725,0.000330195786789448
385,175,303,14.68,0.000552202872446146
385,175,303,14.6875,0.000603142350943339
385,175,303,14.695,0.000832508475244108
385,175,303,14.7025,0.000797972773485149
385,175,303,14.71,0.000609283510579509
385,175,303,14.7175,0.000674100910372477
385,175,303,14.725,0.000708989131829801
385,175,303,14.7325,0.000131441458237192
385,175,303,14.74,0.000981288022103736
385,175,303,14.7475,0.000787864811180445
385,175,303,14.755,0.00066191678708635
385,175,303,14.7625,0.000987297930066179
385,175,303,14.77,0.000829495051389706
385,175,303,14.7775,0.000695992033007181
385,175,303,14.785,0.000532393232173223
385,175,303,14.7925,0.000711512457512713
385,175,303,14.8,0.000705228161444323
385,175,303,14.8075,0.000626543204851338
385,175,303,14.815,0.000704486959989203
385,175,303,14.8225,0.000318585870948075
385,175,303,14.83,0.000650525929673082
385,175,303,14.8375,0.000390463715000083
385,175,303,14.845,0.00100817437597375
385,175,303,14.8525,0.000851753847161372
385,175,303,14.86,0.000687662007731593
385,175,303,14.8675,0.000639138862445239
385,175,303,14.875,0.000140667379714057
385,175,303,14.8825,0.000174681063116654
385,175,303,14.89,0.000101284382133112
385,175,303,14.8975,0.000580786981436678
385,175,303,14.905,0.000281935649278252
385,175,303,14.9125,0.000447738918168775
385,175,303,14.92,0.000199567753656276
385,175,303,14.9275,0.000401672789383726
385,175,303,14.935,0.000418823284454328
385,175,303,14.9425,0.000350103883742133
385,175,303,14.95,0.000352785706700856
385,175,303,14.9575,0.000789919509680959
385,175,303,14.965,0.000406494625508563
385,175,303,14.9725,0.000801732534851554
385,175,303,14.98,0.000764794894233922
385,175,303,14.9875,0.00100362184353502
385,175,303,14.995,0.000880464013380263
385,175,303,15.0025,0.000452381599402954
385,175,303,15.01,0.000644846072492896
385,175,303,15.0175,0.00062794437922933
385,175,303,15.025,0.000795725866789207
385,175,303,15.0325,0.000465409610424033
385,175,303,15.04,0.000411224731897573
385,175,303,15.0475,0.000831025598302129
385,175,303,15.055,0.000417245808758628
385,175,303,15.0625,0.00111823885053728
385,175,303,15.07,0.000563923875385206
385,175,303,15.0775,0.00064262181620234
385,175,303,15.085,0.000566360559054125
385,175,303,15.0925,0.00105662012571928
385,175,303,15.1,0.000752351985154295
385,175,303,15.1075,0.000472569629648395
385,175,303,15.115,0.000398252464951699
385,175,303,15.1225,0.000606703280680595
385,175,303,15.13,0.000367877432856424
385,175,303,15.1375,0.000352683142761641
385,175,303,15.145,0.000322069740835764
385,175,303,15.1525,0.000289004552087796
385,175,303,15.16,0.000397480126096701
385,175,303,15.1675,0.000378909863394544
385,175,303,15.175,0.000331496320417204
385,175,303,15.1825,0.000425628773144385
385,175,303,15.19,0.000733020531063551
385,175,303,15.1975,0.00096177863046498
385,175,303,15.205,0.000335154351897086
385,175,303,15.2125,0.00112900980841434
385,175,303,15.22,0.000660249812996398
385,175,303,15.2275,0.000327405903391476
385,175,303,15.235,0.00020590114655397
385,175,303,15.2425,0.000775119345459918
385,175,303,15.25,0.000690001694092839
385,175,303,15.2575,0.000964541257704516
385,175,303,15.265,0.000826434611577709
385,175,303,15.2725,0.000549576533315767
385,175,303,15.28,0.00040347110857886
385,175,303,15.2875,0.000510371215774516
385,175,303,15.295,0.000710079018175906
385,175,303,15.3025,0.000866678782103209
385,175,303,15.31,0.000365242992944351
385,175,303,15.3175,0.000507666596956025
385,175,303,15.325,0.000501476011823145
385,175,303,15.3325,0.000449305599267386
385,175,303,15.34,0.000487192554525626
385,175,303,15.3475,9.78150667853108e-05
385,175,303,15.355,0.000533358228182892
385,175,303,15.3625,9.86298659438313e-05
385,175,303,15.37,0.000566179462181865
385,175,303,15.3775,0.000582813295807446
385,175,303,15.385,0.000486617306769231
385,175,303,15.3925,0.000390912773612165
385,175,303,15.4,0.000567555385200752
385,175,303,15.4075,0.000340679844604406
385,175,303,15.415,0.000696445706990219
385,175,303,15.4225,0.000349218377390929
385,175,303,15.43,0.00032435200765924
385,175,303,15.4375,0.000432618103010286
385,175,303,15.445,0.000356409862797015
385,175,303,15.4525,0.000516787839206956
385,175,303,15.46,0.000474062207612456
385,175,303,15.4675,0.000272570037247916
385,175,303,15.475,0.000572012178030152
385,175,303,15.4825,0.000728342995004349
385,175,303,15.49,0.000675248463898597
385,175,303,15.4975,0.000452194373153936
385,175,303,15.505,0.000813700027294166
385,175,303,15.5125,0.000483015252435611
385,175,303,15.52,0.00113719507021761
385,175,303,15.5275,0.000536850793492545
385,175,303,15.535,0.000449481620168618
385,175,303,15.5425,0.000614860646564885
385,175,303,15.55,0.000369449692633878
385,175,303,15.5575,0.000532445430895915
385,175,303,15.565,0.000999356166446158
385,175,303,15.5725,0.00046628610436925
385,175,303,15.58,0.000716741382341296
385,175,303,15.5875,0.000581260226108497
385,175,303,15.595,0.000546259759733646
385,175,303,15.6025,0.000708926686204159
385,175,303,15.61,0.000584192807926347
385,175,303,15.6175,0.00026020403964684
385,175,303,15.625,0.00035768339552235
385,175,303,15.6325,0.000164771505992049
385,175,303,15.64,0.000259840011704394
385,175,303,15.6475,0.000295583490393215
385,175,303,15.655,0.000542014413361208
385,175,303,15.6625,0.000171844016307697
385,175,303,15.67,0.000294742686278694
385,175,303,15.6775,0.000635832857643437
385,175,303,15.685,0.000167903087546183
385,175,303,15.6925,0.000496145304786351
385,175,303,15.7,0.000302648508350836
385,175,303,15.7075,0.000409927287285375
385,175,303,15.715,0.00061224609343055
385,175,303,15.7225,0.000245659478667292
385,175,303,15.73,0.000532880975381738
385,175,303,15.7375,0.000517199769901213
385,175,303,15.745,0.00101193234219037
385,175,303,15.7525,0.000684839185201227
385,175,303,15.76,0.000760428464306259
385,175,303,15.7675,0.000302996633738169
385,175,303,15.775,0.000160802185341113
385,175,303,15.7825,9.93923481528119e-05
385,175,303,15.79,0.000462048657307269
385,175,303,15.7975,0.000587593996666401
385,175,303,15.805,0.000739219872226483
385,175,303,15.8125,0.000245948582990086
385,175,303,15.82,0.000499102108200449
385,175,303,15.8275,0.000321518596890232
385,175,303,15.835,0.000967961186538323
385,175,303,15.8425,0.000366361375557253
385,175,303,15.85,0.000485311171972129
385,175,303,15.8575,0.000574770190142288
385,175,303,15.865,0.000179834983036658
385,175,303,15.8725,0.00114180622108833
385,175,303,15.88,0.000479850119349881
385,175,303,15.8875,0.000638247214211722
385,175,303,15.895,0.000326805304424807
385,175,303,15.9025,0.000385215633325566
385,175,303,15.91,3.35747671807235e-05
385,175,303,15.9175,0.000488837137896266
385,175,303,15.925,0.000471686100449976
385,175,303,15.9325,0.000525211172838405
385,175,303,15.94,0.000286552428653535
385,175,303,15.9475,0.000558056819869954
385,175,303,15.955,0.000621399234298363
385,175,303,15.9625,0.000733183266761857
385,175,303,15.97,0.000363190678116426
385,175,303,15.9775,0.000270868901528417
385,175,303,15.985,0.000454150742087196
385,175,303,15.9925,0.000717132357184425
385,175,303,16,0.000872857972867647
385,175,302,4,0.00746643424663074
385,175,302,4.0075,0.00717778569942525
385,175,302,4.015,0.00707778516268206
385,175,302,4.0225,0.00619714197257814
385,175,302,4.03,0.00523280641658773
385,175,302,4.0375,0.00500776284734217
385,175,302,4.045,0.00424352213658304
385,175,302,4.0525,0.00425611207429488
385,175,302,4.06,0.00387364943088514
385,175,302,4.0675,0.00363485489121776
385,175,302,4.075,0.00472682154764123
385,175,302,4.0825,0.00405572403574091
385,175,302,4.09,0.00444003073587225
385,175,302,4.0975,0.00446826712716424
385,175,302,4.105,0.00393527921999758
385,175,302,4.1125,0.00439921909143511
385,175,302,4.12,0.00448526464385903
385,175,302,4.1275,0.00426807997337221
385,175,302,4.135,0.00400159796011743
385,175,302,4.1425,0.00308212415800708
385,175,302,4.15,0.00285750368974302
385,175,302,4.1575,0.00353367801074329
385,175,302,4.165,0.00233570181019194
385,175,302,4.1725,0.00318534218570128
385,175,302,4.18,0.00311640247080915
385,175,302,4.1875,0.00278531979672757
385,175,302,4.195,0.00222778856694833
385,175,302,4.2025,0.00255513487584761
385,175,302,4.21,0.00327167509267691
385,175,302,4.2175,0.00333709820294317
385,175,302,4.225,0.0039247451184239
385,175,302,4.2325,0.0038430660205154
385,175,302,4.24,0.00362875016848986
385,175,302,4.2475,0.00434012538105115
385,175,302,4.255,0.00388988131036278
385,175,302,4.2625,0.00405123823920274
385,175,302,4.27,0.00407979185306558
385,175,302,4.2775,0.00418405589722803
385,175,302,4.285,0.00393337026443644
385,175,302,4.2925,0.00363741879529726
385,175,302,4.3,0.00348509421038269
385,175,302,4.3075,0.00412868019541554
385,175,302,4.315,0.00423089973472895
385,175,302,4.3225,0.00414038011918503
385,175,302,4.33,0.00462443672967475
385,175,302,4.3375,0.00448552359528439
385,175,302,4.345,0.00495550136849279
385,175,302,4.3525,0.00408046454374453
385,175,302,4.36,0.00432668823839175
385,175,302,4.3675,0.00405416246712905
385,175,302,4.375,0.00376985564763095
385,175,302,4.3825,0.00412893613701082
385,175,302,4.39,0.00323999346847898
385,175,302,4.3975,0.00239124714923137
385,175,302,4.405,0.002365767907178
385,175,302,4.4125,0.0019733147340123
385,175,302,4.42,0.00149568244805888
385,175,302,4.4275,0.0015039023362983
385,175,302,4.435,0.00108570825864615
385,175,302,4.4425,0.000997689556244629
385,175,302,4.45,0.00185839164738142
385,175,302,4.4575,0.00162840372052115
385,175,302,4.465,0.00227573562593826
385,175,302,4.4725,0.00271345654396913
385,175,302,4.48,0.00300601745326162
385,175,302,4.4875,0.00342342654295206
385,175,302,4.495,0.00343861766092497
385,175,302,4.5025,0.00325464286874898
385,175,302,4.51,0.00316846026498933
385,175,302,4.5175,0.00267238560241835
385,175,302,4.525,0.00270503555928752
385,175,302,4.5325,0.00233502652171833
385,175,302,4.54,0.00203760124656494
385,175,302,4.5475,0.00213225275165571
385,175,302,4.555,0.00205520213381124
385,175,302,4.5625,0.00206527476400798
385,175,302,4.57,0.00231975737140046
385,175,302,4.5775,0.0024329384781131
385,175,302,4.585,0.00194108971232785
385,175,302,4.5925,0.0020389991083456
385,175,302,4.6,0.00151716017899807
385,175,302,4.6075,0.00120589212363413
385,175,302,4.615,0.00147150047677085
385,175,302,4.6225,0.00155207347450853
385,175,302,4.63,0.00123445489013994
385,175,302,4.6375,0.00145176576349137
385,175,302,4.645,0.00147713380795374
385,175,302,4.6525,0.0018873646079975
385,175,302,4.66,0.00190475262386789
385,175,302,4.6675,0.00171416604317446
385,175,302,4.675,0.001848920621891
385,175,302,4.6825,0.00237796397055925
385,175,302,4.69,0.00243973199516684
385,175,302,4.6975,0.00250851831925295
385,175,302,4.705,0.00267832673235887
385,175,302,4.7125,0.00254680700289883
385,175,302,4.72,0.00312357133654133
385,175,302,4.7275,0.0031810960375955
385,175,302,4.735,0.00297393437846554
385,175,302,4.7425,0.00208571881042023
385,175,302,4.75,0.00260675254804588
385,175,302,4.7575,0.00247564789482546
385,175,302,4.765,0.00237566819619181
385,175,302,4.7725,0.00233735178757203
385,175,302,4.78,0.00245964335925715
385,175,302,4.7875,0.00174477651990642
385,175,302,4.795,0.0023504632891244
385,175,302,4.8025,0.00236110593458393
385,175,302,4.81,0.00243235648852004
385,175,302,4.8175,0.00206486731779254
385,175,302,4.825,0.00206982099323683
385,175,302,4.8325,0.00142012806120669
385,175,302,4.84,0.00136758064026435
385,175,302,4.8475,0.00149033613546168
385,175,302,4.855,0.00196022197140108
385,175,302,4.8625,0.00174469101523668
385,175,302,4.87,0.00129469167281971
385,175,302,4.8775,0.00144231124624121
385,175,302,4.885,0.000891010645343091
385,175,302,4.8925,0.00110284681722287
385,175,302,4.9,0.000650141471986603
385,175,302,4.9075,0.000467994084785644
385,175,302,4.915,0.000849196350603148
385,175,302,4.9225,0.000982153116846329
385,175,302,4.93,0.000610994464725492
385,175,302,4.9375,0.000820603223940678
385,175,302,4.945,0.000402381593727163
385,175,302,4.9525,0.00136792958515907
385,175,302,4.96,0.00114182687622339
385,175,302,4.9675,0.00165370653871891
385,175,302,4.975,0.00232484902726125
385,175,302,4.9825,0.00184917897619784
385,175,302,4.99,0.00195402419211976
385,175,302,4.9975,0.00247948230236799
385,175,302,5.005,0.0022513063647145
385,175,302,5.0125,0.00211121829743929
385,175,302,5.02,0.00257662200934976
385,175,302,5.0275,0.00218653875248919
385,175,302,5.035,0.00247884343744472
385,175,302,5.0425,0.00200269195979012
385,175,302,5.05,0.00242018098765211
385,175,302,5.0575,0.00205677411683003
385,175,302,5.065,0.00211538283546727
385,175,302,5.0725,0.00169984119189421
385,175,302,5.08,0.00154364701398575
385,175,302,5.0875,0.00110735124263207
385,175,302,5.095,0.000909526425474657
385,175,302,5.1025,0.000725577841753952
385,175,302,5.11,0.000678389350056712
385,175,302,5.1175,0.000738923384548622
385,175,302,5.125,0.00117790799687691
385,175,302,5.1325,0.000885922461139569
385,175,302,5.14,0.000771438977557594
385,175,302,5.1475,0.00144940276352438
385,175,302,5.155,0.000918936524937065
385,175,302,5.1625,0.000908993735140484
385,175,302,5.17,0.000707699209000954
385,175,302,5.1775,0.000814686973345772
385,175,302,5.185,0.000768875235993129
385,175,302,5.1925,0.000827406928359227
385,175,302,5.2,0.00141039597150904
385,175,302,5.2075,0.000980044695683912
385,175,302,5.215,0.00143819950969925
385,175,302,5.2225,0.00160169100466865
385,175,302,5.23,0.00189101233910605
385,175,302,5.2375,0.00189609724032115
385,175,302,5.245,0.00179085230785623
385,175,302,5.2525,0.00201541710369424
385,175,302,5.26,0.00219795539350883
385,175,302,5.2675,0.0022857716201108
385,175,302,5.275,0.00195572287841751
385,175,302,5.2825,0.001891658350088
385,175,302,5.29,0.00156864577532905
385,175,302,5.2975,0.000642192055138635
385,175,302,5.305,0.000729700125009401
385,175,302,5.3125,0.000410066469634894
385,175,302,5.32,0.000344253224402821
385,175,302,5.3275,0.000339391551919458
385,175,302,5.335,0.00117529086691355
385,175,302,5.3425,0.00051969713490802
385,175,302,5.35,0.00111929364641018
385,175,302,5.3575,0.000820745299234046
385,175,302,5.365,0.0012357244600543
385,175,302,5.3725,0.00130795318698278
385,175,302,5.38,0.00153676138881813
385,175,302,5.3875,0.0016860561700726
385,175,302,5.395,0.00198889857247159
385,175,302,5.4025,0.00149973616154847
385,175,302,5.41,0.00182993255592532
385,175,302,5.4175,0.00147602058042294
385,175,302,5.425,0.00139615188059561
385,175,302,5.4325,0.00174650172799067
385,175,302,5.44,0.00136789689911424
385,175,302,5.4475,0.00171058704278406
385,175,302,5.455,0.00222718715677916
385,175,302,5.4625,0.0017524149530428
385,175,302,5.47,0.00251278629319227
385,175,302,5.4775,0.00218036339164992
385,175,302,5.485,0.00154372933967076
385,175,302,5.4925,0.00173651644999645
385,175,302,5.5,0.00132417511770491
385,175,302,5.5075,0.00142993376925409
385,175,302,5.515,0.00104355836210521
385,175,302,5.5225,0.00152188740225582
385,175,302,5.53,0.00134876247078805
385,175,302,5.5375,0.0012665194436665
385,175,302,5.545,0.00152699668443432
385,175,302,5.5525,0.00158939415623025
385,175,302,5.56,0.00124192289919744
385,175,302,5.5675,0.00137007760423425
385,175,302,5.575,0.000817065546487061
385,175,302,5.5825,0.000834083289126738
385,175,302,5.59,0.00105552397148619
385,175,302,5.5975,0.00077508675271245
385,175,302,5.605,0.00110723563052195
385,175,302,5.6125,0.000490675330684724
385,175,302,5.62,0.000688141776637404
385,175,302,5.6275,0.000686483020882319
385,175,302,5.635,0.000306984035280229
385,175,302,5.6425,0.000197985234611977
385,175,302,5.65,0.000507934211581272
385,175,302,5.6575,0.000205514750394751
385,175,302,5.665,0.00141922084391958
385,175,302,5.6725,0.00151005115466376
385,175,302,5.68,0.00168925382371421
385,175,302,5.6875,0.00179345257491704
385,175,302,5.695,0.00183646204487028
385,175,302,5.7025,0.00155581880582383
385,175,302,5.71,0.00183845036288856
385,175,302,5.7175,0.00183149642296109
385,175,302,5.725,0.00175261722687569
385,175,302,5.7325,0.00161347262874567
385,175,302,5.74,0.00183663886951024
385,175,302,5.7475,0.00206178502569191
385,175,302,5.755,0.00228221196707836
385,175,302,5.7625,0.00226619383523909
385,175,302,5.77,0.00210465433809905
385,175,302,5.7775,0.0017998590894014
385,175,302,5.785,0.00241876498351908
385,175,302,5.7925,0.00189628625186974
385,175,302,5.8,0.00210771595730481
385,175,302,5.8075,0.00143093580180886
385,175,302,5.815,0.00118494596309161
385,175,302,5.8225,0.00165962337963346
385,175,302,5.83,0.00134537499825542
385,175,302,5.8375,0.000574103710352791
385,175,302,5.845,0.000263438110227693
385,175,302,5.8525,0.000801274873626448
385,175,302,5.86,0.000592404592593895
385,175,302,5.8675,0.000898525347405869
385,175,302,5.875,0.00109053746631906
385,175,302,5.8825,0.00128483013794051
385,175,302,5.89,0.00131990686191616
385,175,302,5.8975,0.000812022279136843
385,175,302,5.905,0.00156788762514305
385,175,302,5.9125,0.00170262061967868
385,175,302,5.92,0.00107379183212155
385,175,302,5.9275,0.00150631619075207
385,175,302,5.935,0.00124364657331311
385,175,302,5.9425,0.00197089491045939
385,175,302,5.95,0.0019411853086386
385,175,302,5.9575,0.00135358615862301
385,175,302,5.965,0.000945589793850173
385,175,302,5.9725,0.00113589152321405
385,175,302,5.98,0.00110697561697181
385,175,302,5.9875,0.0004585263481074
385,175,302,5.995,0.000611831167387786
385,175,302,6.0025,0.000434996693530249
385,175,302,6.01,0.000799163094211889
385,175,302,6.0175,0.000653626136781138
385,175,302,6.025,0.000575614271476767
385,175,302,6.0325,0.000385905641802976
385,175,302,6.04,0.000582285650460439
385,175,302,6.0475,0.000535286186607422
385,175,302,6.055,0.000641880107636811
385,175,302,6.0625,0.000814137263630204
385,175,302,6.07,0.00117296886611376
385,175,302,6.0775,0.00131881346455919
385,175,302,6.085,0.00139714846766265
385,175,302,6.0925,0.00212386590436261
385,175,302,6.1,0.00141676137016969
385,175,302,6.1075,0.00206438028866199
385,175,302,6.115,0.00256679442311472
385,175,302,6.1225,0.00212450209035687
385,175,302,6.13,0.00248801115859333
385,175,302,6.1375,0.00237567099037038
385,175,302,6.145,0.00246522093431976
385,175,302,6.1525,0.00222796399737977
385,175,302,6.16,0.00233027500384595
385,175,302,6.1675,0.00197912122246435
385,175,302,6.175,0.00160990191923366
385,175,302,6.1825,0.00190025952567378
385,175,302,6.19,0.00138020110508592
385,175,302,6.1975,0.00150680535211005
385,175,302,6.205,0.0011669680587992
385,175,302,6.2125,0.000779263771845543
385,175,302,6.22,0.000727643695255143
385,175,302,6.2275,0.000545883205555519
385,175,302,6.235,0.000549873036020871
385,175,302,6.2425,0.000826294691775025
385,175,302,6.25,0.00139346081949168
385,175,302,6.2575,0.00126820349407678
385,175,302,6.265,0.00151626786942742
385,175,302,6.2725,0.00107249879526036
385,175,302,6.28,0.0013522308857164
385,175,302,6.2875,0.00142524267451198
385,175,302,6.295,0.000740739310982463
385,175,302,6.3025,0.00101685942160964
385,175,302,6.31,0.00111053021266337
385,175,302,6.3175,0.00146127023056645
385,175,302,6.325,0.00121888462707358
385,175,302,6.3325,0.00142511490333266
385,175,302,6.34,0.00128254649641996
385,175,302,6.3475,0.00104300203911744
385,175,302,6.355,0.00112941827054916
385,175,302,6.3625,0.00129372964140004
385,175,302,6.37,0.00137563812831454
385,175,302,6.3775,0.00213482963262653
385,175,302,6.385,0.00191408462253327
385,175,302,6.3925,0.00203324632641555
385,175,302,6.4,0.00196403329030263
385,175,302,6.4075,0.00198747235572803
385,175,302,6.415,0.00177634565793895
385,175,302,6.4225,0.00132441134405256
385,175,302,6.43,0.00175145689619329
385,175,302,6.4375,0.00125734935758813
385,175,302,6.445,0.00143400302683709
385,175,302,6.4525,0.00147346589058832
385,175,302,6.46,0.00112160136300151
385,175,302,6.4675,0.00177597905580046
385,175,302,6.475,0.00196397874895094
385,175,302,6.4825,0.00173802932698846
385,175,302,6.49,0.00173917033525988
385,175,302,6.4975,0.00185544980279922
385,175,302,6.505,0.00212307503394411
385,175,302,6.5125,0.00218488384876213
385,175,302,6.52,0.00176160795953738
385,175,302,6.5275,0.00191675381265003
385,175,302,6.535,0.00172751782994355
385,175,302,6.5425,0.00163945995980815
385,175,302,6.55,0.00128039484781801
385,175,302,6.5575,0.000928875096991239
385,175,302,6.565,0.000699159910284691
385,175,302,6.5725,0.000729923503817861
385,175,302,6.58,0.00173945244949494
385,175,302,6.5875,0.0012318647880727
385,175,302,6.595,0.00208627688824071
385,175,302,6.6025,0.00206154978642013
385,175,302,6.61,0.00175552269875598
385,175,302,6.6175,0.00240576664202516
385,175,302,6.625,0.00209680228108936
385,175,302,6.6325,0.00200844630604309
385,175,302,6.64,0.00153488571351608
385,175,302,6.6475,0.00183418916683422
385,175,302,6.655,0.00170525098365507
385,175,302,6.6625,0.00193481817992981
385,175,302,6.67,0.00186804059272107
385,175,302,6.6775,0.001671985867641
385,175,302,6.685,0.00154765822853245
385,175,302,6.6925,0.00136398848370398
385,175,302,6.7,0.00102639049762726
385,175,302,6.7075,0.00147615168745451
385,175,302,6.715,0.000826988017758475
385,175,302,6.7225,0.00152358035476108
385,175,302,6.73,0.00180938700558389
385,175,302,6.7375,0.00108776695387042
385,175,302,6.745,0.00182191145966451
385,175,302,6.7525,0.00140246938567864
385,175,302,6.76,0.00180267880423725
385,175,302,6.7675,0.00133427066419112
385,175,302,6.775,0.00162536416050916
385,175,302,6.7825,0.00238455086449055
385,175,302,6.79,0.00162459696246686
385,175,302,6.7975,0.0019443953274385
385,175,302,6.805,0.00130892628235318
385,175,302,6.8125,0.00165999434210676
385,175,302,6.82,0.00172880681617247
385,175,302,6.8275,0.00194894710563554
385,175,302,6.835,0.00226851761989535
385,175,302,6.8425,0.00274300263108691
385,175,302,6.85,0.00303629274692316
385,175,302,6.8575,0.00336531579922295
385,175,302,6.865,0.00300642558251367
385,175,302,6.8725,0.00293289884435878
385,175,302,6.88,0.00338485701956865
385,175,302,6.8875,0.00271861314963028
385,175,302,6.895,0.002941008980112
385,175,302,6.9025,0.00295742675291037
385,175,302,6.91,0.00241804161308935
385,175,302,6.9175,0.00224382197650534
385,175,302,6.925,0.0022478814849608
385,175,302,6.9325,0.00204279745230183
385,175,302,6.94,0.00168954502950638
385,175,302,6.9475,0.00136562810299018
385,175,302,6.955,0.00115629954370915
385,175,302,6.9625,0.00138446280186096
385,175,302,6.97,0.00137177480715973
385,175,302,6.9775,0.00154550643942973
385,175,302,6.985,0.00214545729416568
385,175,302,6.9925,0.00201500808207027
385,175,302,7,0.00273475899873302
385,175,302,7.0075,0.00259046756504894
385,175,302,7.015,0.0023819854846598
385,175,302,7.0225,0.00245827116668678
385,175,302,7.03,0.00287776138832911
385,175,302,7.0375,0.00261295629535557
385,175,302,7.045,0.00275813290786025
385,175,302,7.0525,0.00216143799829541
385,175,302,7.06,0.00232060751317801
385,175,302,7.0675,0.00193353675406228
385,175,302,7.075,0.00181366747618183
385,175,302,7.0825,0.00216363469529816
385,175,302,7.09,0.00234818715781826
385,175,302,7.0975,0.00207092360046789
385,175,302,7.105,0.00256151536301168
385,175,302,7.1125,0.00261147004749361
385,175,302,7.12,0.00265861112392334
385,175,302,7.1275,0.00256065097264921
385,175,302,7.135,0.00275840865852532
385,175,302,7.1425,0.00284572068727482
385,175,302,7.15,0.00249561618919726
385,175,302,7.1575,0.00296424721863874
385,175,302,7.165,0.0023132916726485
385,175,302,7.1725,0.00211649915199895
385,175,302,7.18,0.00213239267976173
385,175,302,7.1875,0.00159245955163691
385,175,302,7.195,0.00154411777255579
385,175,302,7.2025,0.00135227284676819
385,175,302,7.21,0.00123771270155683
385,175,302,7.2175,0.00205407062069664
385,175,302,7.225,0.00201562747237763
385,175,302,7.2325,0.00217197465716033
385,175,302,7.24,0.00251597971769317
385,175,302,7.2475,0.00282829085349593
385,175,302,7.255,0.00317035577126649
385,175,302,7.2625,0.00277304155971883
385,175,302,7.27,0.00270376832482093
385,175,302,7.2775,0.0026754405159032
385,175,302,7.285,0.00263912102387343
385,175,302,7.2925,0.00211151581428203
385,175,302,7.3,0.00221059169198223
385,175,302,7.3075,0.00195704091227578
385,175,302,7.315,0.00148008441879776
385,175,302,7.3225,0.00185736651528015
385,175,302,7.33,0.00217194474957516
385,175,302,7.3375,0.00198175714565127
385,175,302,7.345,0.00214282374072167
385,175,302,7.3525,0.00275572746918227
385,175,302,7.36,0.00302844056204939
385,175,302,7.3675,0.00316095881570288
385,175,302,7.375,0.00339218022577088
385,175,302,7.3825,0.00343437362155203
385,175,302,7.39,0.00331756281240753
385,175,302,7.3975,0.00293710693447808
385,175,302,7.405,0.00351404128904213
385,175,302,7.4125,0.00344525119675617
385,175,302,7.42,0.00316296832725246
385,175,302,7.4275,0.00257229584079705
385,175,302,7.435,0.00275790391313791
385,175,302,7.4425,0.00231172170532324
385,175,302,7.45,0.00189972094336436
385,175,302,7.4575,0.0019773114013604
385,175,302,7.465,0.00175389597038669
385,175,302,7.4725,0.00213190415497667
385,175,302,7.48,0.00183604600416427
385,175,302,7.4875,0.001197341946002
385,175,302,7.495,0.00146318536482081
385,175,302,7.5025,0.0011463945310351
385,175,302,7.51,0.00172044298128375
385,175,302,7.5175,0.00222075899805959
385,175,302,7.525,0.00208440125853575
385,175,302,7.5325,0.00196256123654407
385,175,302,7.54,0.0021177263548804
385,175,302,7.5475,0.00244022457401452
385,175,302,7.555,0.00241863151951858
385,175,302,7.5625,0.00159343291914272
385,175,302,7.57,0.00195405429512458
385,175,302,7.5775,0.00226578173474038
385,175,302,7.585,0.00185421422755524
385,175,302,7.5925,0.00206787143619769
385,175,302,7.6,0.00253753644980092
385,175,302,7.6075,0.00259892303898138
385,175,302,7.615,0.00297621042366181
385,175,302,7.6225,0.00305786348392451
385,175,302,7.63,0.00321832519628655
385,175,302,7.6375,0.00309362858843752
385,175,302,7.645,0.00338950487960297
385,175,302,7.6525,0.00322710917769912
385,175,302,7.66,0.00274914726590428
385,175,302,7.6675,0.0024887736479539
385,175,302,7.675,0.00246677227746203
385,175,302,7.6825,0.00257273220048284
385,175,302,7.69,0.0016868210552585
385,175,302,7.6975,0.00168311834968026
385,175,302,7.705,0.00212070253236216
385,175,302,7.7125,0.0014497394947843
385,175,302,7.72,0.0020164359402267
385,175,302,7.7275,0.00221573070234851
385,175,302,7.735,0.00247878291864716
385,175,302,7.7425,0.00287710386839086
385,175,302,7.75,0.00262264465817126
385,175,302,7.7575,0.00358950626236203
385,175,302,7.765,0.00312543965229003
385,175,302,7.7725,0.00305634229986166
385,175,302,7.78,0.0034110924266059
385,175,302,7.7875,0.00276422260124157
385,175,302,7.795,0.00258922927258825
385,175,302,7.8025,0.00214420024398646
385,175,302,7.81,0.00197691672732443
385,175,302,7.8175,0.00166357107475804
385,175,302,7.825,0.0018464358264691
385,175,302,7.8325,0.0017616328809763
385,175,302,7.84,0.00113514677786539
385,175,302,7.8475,0.00132343250402023
385,175,302,7.855,0.00193634476554003
385,175,302,7.8625,0.00215059544970225
385,175,302,7.87,0.00255402710570232
385,175,302,7.8775,0.0027547580560557
385,175,302,7.885,0.00260685855884206
385,175,302,7.8925,0.00293899198904524
385,175,302,7.9,0.00238882790453091
385,175,302,7.9075,0.00259070141404027
385,175,302,7.915,0.00309096027207997
385,175,302,7.9225,0.00200187421243221
385,175,302,7.93,0.0025127514346058
385,175,302,7.9375,0.00212775066392702
385,175,302,7.945,0.00220688016520989
385,175,302,7.9525,0.00140953944694142
385,175,302,7.96,0.00177881223787505
385,175,302,7.9675,0.00214433994450106
385,175,302,7.975,0.00204196656624867
385,175,302,7.9825,0.00253703857002773
385,175,302,7.99,0.00265257885463267
385,175,302,7.9975,0.00242151514431179
385,175,302,8.005,0.00271562292407544
385,175,302,8.0125,0.0028739339951088
385,175,302,8.02,0.00320840413527728
385,175,302,8.0275,0.00306583245223574
385,175,302,8.035,0.00302618879438939
385,175,302,8.0425,0.00248925088001434
385,175,302,8.05,0.00258339702843673
385,175,302,8.0575,0.00240477566544602
385,175,302,8.065,0.00212378504550815
385,175,302,8.0725,0.00206295131765203
385,175,302,8.08,0.00217946665528244
385,175,302,8.0875,0.00238136296660543
385,175,302,8.095,0.00274488607353532
385,175,302,8.1025,0.00278697295911313
385,175,302,8.11,0.00303880506913096
385,175,302,8.1175,0.00298316373811858
385,175,302,8.125,0.00332412159865237
385,175,302,8.1325,0.00343308395307838
385,175,302,8.14,0.00371148197998184
385,175,302,8.1475,0.00348524108865407
385,175,302,8.155,0.00326474183548157
385,175,302,8.1625,0.00295144109027832
385,175,302,8.17,0.00325431685497181
385,175,302,8.1775,0.00292872538909022
385,175,302,8.185,0.00228007482050017
385,175,302,8.1925,0.00234589255173636
385,175,302,8.2,0.00180028340403383
385,175,302,8.2075,0.00148855002781401
385,175,302,8.215,0.00182925391323991
385,175,302,8.2225,0.00152955642128989
385,175,302,8.23,0.00184318084229601
385,175,302,8.2375,0.00226157672756542
385,175,302,8.245,0.00218672067394754
385,175,302,8.2525,0.00246151350016196
385,175,302,8.26,0.00248830822008546
385,175,302,8.2675,0.00262621315809695
385,175,302,8.275,0.00269422200322836
385,175,302,8.2825,0.0022839808101402
385,175,302,8.29,0.0022326039468919
385,175,302,8.2975,0.00208642090912163
385,175,302,8.305,0.00214027250442028
385,175,302,8.3125,0.00179060552914644
385,175,302,8.32,0.00213877916787637
385,175,302,8.3275,0.00181607375465957
385,175,302,8.335,0.00209423372449269
385,175,302,8.3425,0.00226661554638423
385,175,302,8.35,0.00233625662279904
385,175,302,8.3575,0.00282245005703851
385,175,302,8.365,0.00306176108107213
385,175,302,8.3725,0.00270884383824189
385,175,302,8.38,0.00324785157219078
385,175,302,8.3875,0.00311166069613214
385,175,302,8.395,0.00325250339789128
385,175,302,8.4025,0.00368613349604788
385,175,302,8.41,0.00378602789131176
385,175,302,8.4175,0.00297139011653448
385,175,302,8.425,0.00304205993003109
385,175,302,8.4325,0.00286019215293276
385,175,302,8.44,0.00273813676879267
385,175,302,8.4475,0.00237045276689455
385,175,302,8.455,0.00221153542534593
385,175,302,8.4625,0.00241112491242157
385,175,302,8.47,0.0024517040997337
385,175,302,8.4775,0.00215137403725573
385,175,302,8.485,0.00254861480826493
385,175,302,8.4925,0.00244151673973887
385,175,302,8.5,0.00282576486610234
385,175,302,8.5075,0.00317811048232498
385,175,302,8.515,0.00298188789017986
385,175,302,8.5225,0.003236375159093
385,175,302,8.53,0.00334119841533679
385,175,302,8.5375,0.00293747022156776
385,175,302,8.545,0.00315013496382597
385,175,302,8.5525,0.00236157402484291
385,175,302,8.56,0.00256259056065391
385,175,302,8.5675,0.00245937358718896
385,175,302,8.575,0.00143865887751543
385,175,302,8.5825,0.00142053793045452
385,175,302,8.59,0.00164817191996422
385,175,302,8.5975,0.00204431508391926
385,175,302,8.605,0.00195542198471551
385,175,302,8.6125,0.00178805261370017
385,175,302,8.62,0.00252889302020104
385,175,302,8.6275,0.00241304242558129
385,175,302,8.635,0.00284524277709398
385,175,302,8.6425,0.00351679406599102
385,175,302,8.65,0.00342921557898722
385,175,302,8.6575,0.00300497233705594
385,175,302,8.665,0.00260247078046807
385,175,302,8.6725,0.00262685824362049
385,175,302,8.68,0.00251413691718872
385,175,302,8.6875,0.00245140619281965
385,175,302,8.695,0.0020623651066025
385,175,302,8.7025,0.00125293407909578
385,175,302,8.71,0.00168400600582011
385,175,302,8.7175,0.00141790811902936
385,175,302,8.725,0.00185565307082381
385,175,302,8.7325,0.00130159043244253
385,175,302,8.74,0.00222849219930099
385,175,302,8.7475,0.00202652569553431
385,175,302,8.755,0.00199016751167412
385,175,302,8.7625,0.00256466219896804
385,175,302,8.77,0.00294997487855907
385,175,302,8.7775,0.00230389867316756
385,175,302,8.785,0.00282025225201553
385,175,302,8.7925,0.00256108745807941
385,175,302,8.8,0.00247088820853173
385,175,302,8.8075,0.00204572028256887
385,175,302,8.815,0.00166091720931814
385,175,302,8.8225,0.00213433876453953
385,175,302,8.83,0.00174901558996565
385,175,302,8.8375,0.00204989908841814
385,175,302,8.845,0.00257388431827169
385,175,302,8.8525,0.0021937965790717
385,175,302,8.86,0.00232909462619938
385,175,302,8.8675,0.00263992904828084
385,175,302,8.875,0.00255678805384645
385,175,302,8.8825,0.00321595310630415
385,175,302,8.89,0.00306714717779404
385,175,302,8.8975,0.00333898414557376
385,175,302,8.905,0.00317883600649371
385,175,302,8.9125,0.00311046374413433
385,175,302,8.92,0.00278121092836069
385,175,302,8.9275,0.00252531417034034
385,175,302,8.935,0.00208237089336723
385,175,302,8.9425,0.0018947470894889
385,175,302,8.95,0.00216632709538501
385,175,302,8.9575,0.0019798220349335
385,175,302,8.965,0.00157946071031901
385,175,302,8.9725,0.00145699262348139
385,175,302,8.98,0.00126558338930233
385,175,302,8.9875,0.00160342236820213
385,175,302,8.995,0.002023195670018
385,175,302,9.0025,0.0018287757534915
385,175,302,9.01,0.00217037000472713
385,175,302,9.0175,0.00231471532413458
385,175,302,9.025,0.00240704282342264
385,175,302,9.0325,0.00222214503049533
385,175,302,9.04,0.00218334586979646
385,175,302,9.0475,0.00179584089661185
385,175,302,9.055,0.00218479288472161
385,175,302,9.0625,0.00171543526597769
385,175,302,9.07,0.00184004019159473
385,175,302,9.0775,0.000766805256466766
385,175,302,9.085,0.00170322543016944
385,175,302,9.0925,0.00183231216393238
385,175,302,9.1,0.00196763740874648
385,175,302,9.1075,0.00265813295752956
385,175,302,9.115,0.00217294420283838
385,175,302,9.1225,0.00273162427604488
385,175,302,9.13,0.00291222176493432
385,175,302,9.1375,0.00250230377278936
385,175,302,9.145,0.0028052736346556
385,175,302,9.1525,0.00275299882424695
385,175,302,9.16,0.00262885442299789
385,175,302,9.1675,0.00276287111417109
385,175,302,9.175,0.00259821617423369
385,175,302,9.1825,0.00252965824282883
385,175,302,9.19,0.00231016843894036
385,175,302,9.1975,0.00192850552740031
385,175,302,9.205,0.0022173529735704
385,175,302,9.2125,0.0021347773915183
385,175,302,9.22,0.00194744114119121
385,175,302,9.2275,0.00215086343128006
385,175,302,9.235,0.00214032373669004
385,175,302,9.2425,0.0022975043664837
385,175,302,9.25,0.0024340557718074
385,175,302,9.2575,0.00240016877090651
385,175,302,9.265,0.00220350306665759
385,175,302,9.2725,0.00244753538834441
385,175,302,9.28,0.00242191289657353
385,175,302,9.2875,0.0022660596939352
385,175,302,9.295,0.00274353038859032
385,175,302,9.3025,0.00229687862845452
385,175,302,9.31,0.00222148293570986
385,175,302,9.3175,0.00229512838352149
385,175,302,9.325,0.0020160801600321
385,175,302,9.3325,0.00164631078530418
385,175,302,9.34,0.00150836821903165
385,175,302,9.3475,0.00114180230348392
385,175,302,9.355,0.00136090059835102
385,175,302,9.3625,0.00141225170821681
385,175,302,9.37,0.000978100907128498
385,175,302,9.3775,0.00194371534519702
385,175,302,9.385,0.00197097853669013
385,175,302,9.3925,0.00189410224055833
385,175,302,9.4,0.00212208552151173
385,175,302,9.4075,0.00203439448553408
385,175,302,9.415,0.00174346703906932
385,175,302,9.4225,0.00227449482279693
385,175,302,9.43,0.00166434679673108
385,175,302,9.4375,0.00180107165906672
385,175,302,9.445,0.001588588060513
385,175,302,9.4525,0.00163399880037669
385,175,302,9.46,0.00138065217673009
385,175,302,9.4675,0.00187554398702606
385,175,302,9.475,0.00194849571518023
385,175,302,9.4825,0.00180434715502
385,175,302,9.49,0.00193823428118359
385,175,302,9.4975,0.00198075578491949
385,175,302,9.505,0.00189096025386695
385,175,302,9.5125,0.00229969682350682
385,175,302,9.52,0.00204611228454897
385,175,302,9.5275,0.00236680383806849
385,175,302,9.535,0.00248564940976735
385,175,302,9.5425,0.00193813464498778
385,175,302,9.55,0.00172269049763681
385,175,302,9.5575,0.00231957497978727
385,175,302,9.565,0.00200815953886866
385,175,302,9.5725,0.00114386835421969
385,175,302,9.58,0.00157837439070839
385,175,302,9.5875,0.00196553417892618
385,175,302,9.595,0.00144043397182437
385,175,302,9.6025,0.00189115618035983
385,175,302,9.61,0.00191983686275159
385,175,302,9.6175,0.00191685143673186
385,175,302,9.625,0.00225508933250387
385,175,302,9.6325,0.002486843466696
385,175,302,9.64,0.00249744008655168
385,175,302,9.6475,0.00298825318499546
385,175,302,9.655,0.00291832955099072
385,175,302,9.6625,0.00280912885878992
385,175,302,9.67,0.00287804486182196
385,175,302,9.6775,0.00225356774273232
385,175,302,9.685,0.00221527590310941
385,175,302,9.6925,0.00188908210638981
385,175,302,9.7,0.0017046589851986
385,175,302,9.7075,0.00142254686283849
385,175,302,9.715,0.00102387654176964
385,175,302,9.7225,0.00130519016199887
385,175,302,9.73,0.00111858423336358
385,175,302,9.7375,0.00174627158183419
385,175,302,9.745,0.00124731218707341
385,175,302,9.7525,0.00189761755238263
385,175,302,9.76,0.00149206830228504
385,175,302,9.7675,0.00208904189135986
385,175,302,9.775,0.00213592576511974
385,175,302,9.7825,0.00226832807207286
385,175,302,9.79,0.0022654094586371
385,175,302,9.7975,0.00188140748143602
385,175,302,9.805,0.00207646494340464
385,175,302,9.8125,0.00187889008983551
385,175,302,9.82,0.00148728121111878
385,175,302,9.8275,0.00179264819922462
385,175,302,9.835,0.00150414142093096
385,175,302,9.8425,0.00142357213420288
385,175,302,9.85,0.00105534932225123
385,175,302,9.8575,0.00177658874691953
385,175,302,9.865,0.0019447904505878
385,175,302,9.8725,0.00229709460284951
385,175,302,9.88,0.00232513227339534
385,175,302,9.8875,0.00254440193437503
385,175,302,9.895,0.00251191149586929
385,175,302,9.9025,0.00209240610639139
385,175,302,9.91,0.00248997934259557
385,175,302,9.9175,0.00258014656118998
385,175,302,9.925,0.00272279529691931
385,175,302,9.9325,0.002348190137181
385,175,302,9.94,0.00256353095996004
385,175,302,9.9475,0.00229804088105548
385,175,302,9.955,0.00212387668178568
385,175,302,9.9625,0.00185888163172043
385,175,302,9.97,0.00168441337444271
385,175,302,9.9775,0.00179528343492142
385,175,302,9.985,0.00222681494992777
385,175,302,9.9925,0.00203482857036249
385,175,302,10,0.00251963862545499
385,175,302,10.0075,0.00272030147966534
385,175,302,10.015,0.00275198798394878
385,175,302,10.0225,0.00239146865057261
385,175,302,10.03,0.00283299288013762
385,175,302,10.0375,0.00264536539389666
385,175,302,10.045,0.002580420601892
385,175,302,10.0525,0.00255509777325015
385,175,302,10.06,0.00264213388887074
385,175,302,10.0675,0.00210197159331906
385,175,302,10.075,0.00160714486738005
385,175,302,10.0825,0.00157126733217401
385,175,302,10.09,0.0014299138419464
385,175,302,10.0975,0.00132971260938496
385,175,302,10.105,0.000998645419750392
385,175,302,10.1125,0.00119698778704585
385,175,302,10.12,0.00117498450552511
385,175,302,10.1275,0.00106880429908957
385,175,302,10.135,0.00199204287150281
385,175,302,10.1425,0.00160849837322499
385,175,302,10.15,0.00161440994002598
385,175,302,10.1575,0.00218412196299145
385,175,302,10.165,0.00182160935081953
385,175,302,10.1725,0.00141157930376872
385,175,302,10.18,0.00199272032597469
385,175,302,10.1875,0.00151063942198471
385,175,302,10.195,0.00157483820683891
385,175,302,10.2025,0.00152424831799118
385,175,302,10.21,0.00104099265265075
385,175,302,10.2175,0.00103846415087441
385,175,302,10.225,0.00123565507330442
385,175,302,10.2325,0.00121839759585268
385,175,302,10.24,0.000901440054688353
385,175,302,10.2475,0.00126093439300149
385,175,302,10.255,0.00170937947756057
385,175,302,10.2625,0.00169726652672647
385,175,302,10.27,0.00176554313978361
385,175,302,10.2775,0.00196045189842764
385,175,302,10.285,0.00203592676861142
385,175,302,10.2925,0.00164573272476773
385,175,302,10.3,0.00197787690876846
385,175,302,10.3075,0.002198521485384
385,175,302,10.315,0.00143013038431798
385,175,302,10.3225,0.00205104554419796
385,175,302,10.33,0.00168562211398549
385,175,302,10.3375,0.00187631627085863
385,175,302,10.345,0.00193180766573253
385,175,302,10.3525,0.00152413701026968
385,175,302,10.36,0.00187506712224318
385,175,302,10.3675,0.00121072607555125
385,175,302,10.375,0.00172890156116907
385,175,302,10.3825,0.00182546537425498
385,175,302,10.39,0.00202116501913485
385,175,302,10.3975,0.0024991630345072
385,175,302,10.405,0.00228794041060118
385,175,302,10.4125,0.00209801218735416
385,175,302,10.42,0.00168786048610011
385,175,302,10.4275,0.00161137035275604
385,175,302,10.435,0.00120828866450467
385,175,302,10.4425,0.00117712284115525
385,175,302,10.45,0.000993851269647021
385,175,302,10.4575,0.00049884187696827
385,175,302,10.465,0.00041993838964444
385,175,302,10.4725,0.000498051513799221
385,175,302,10.48,0.000399199528103772
385,175,302,10.4875,0.000796735332298256
385,175,302,10.495,0.000427476701005207
385,175,302,10.5025,0.000980040589704905
385,175,302,10.51,0.0012495124664354
385,175,302,10.5175,0.00109510886155213
385,175,302,10.525,0.0015778751239123
385,175,302,10.5325,0.00141081988156723
385,175,302,10.54,0.00142223814144568
385,175,302,10.5475,0.00159162779853936
385,175,302,10.555,0.00177895376289292
385,175,302,10.5625,0.00131823688466202
385,175,302,10.57,0.00135694720218292
385,175,302,10.5775,0.00194663213027566
385,175,302,10.585,0.00148061801807314
385,175,302,10.5925,0.00206660712915436
385,175,302,10.6,0.00151054780354585
385,175,302,10.6075,0.000912306348106878
385,175,302,10.615,0.00155061635911177
385,175,302,10.6225,0.00149309836107993
385,175,302,10.63,0.000997337869294085
385,175,302,10.6375,0.00101605464353371
385,175,302,10.645,0.00135220707048755
385,175,302,10.6525,0.0015524584470831
385,175,302,10.66,0.00104089404552836
385,175,302,10.6675,0.000927593301571559
385,175,302,10.675,0.00121809026910732
385,175,302,10.6825,0.00119014751753197
385,175,302,10.69,0.0012024257697662
385,175,302,10.6975,0.000705415679951592
385,175,302,10.705,0.00085791306030567
385,175,302,10.7125,0.000684120019849651
385,175,302,10.72,0.000783659940143446
385,175,302,10.7275,0.00102862091761085
385,175,302,10.735,0.000655193731141588
385,175,302,10.7425,0.00101605260447712
385,175,302,10.75,0.000871517240829975
385,175,302,10.7575,0.000424524335570506
385,175,302,10.765,0.00112152448406371
385,175,302,10.7725,0.00136737117670112
385,175,302,10.78,0.00112792920407935
385,175,302,10.7875,0.0013266114649888
385,175,302,10.795,0.00159375204244383
385,175,302,10.8025,0.0014064661671779
385,175,302,10.81,0.000883222289095177
385,175,302,10.8175,0.000873563949679425
385,175,302,10.825,0.00144942831499882
385,175,302,10.8325,0.0009575644853095
385,175,302,10.84,0.00151882542373671
385,175,302,10.8475,0.00132300114599939
385,175,302,10.855,0.000988985915311446
385,175,302,10.8625,0.00101865051144207
385,175,302,10.87,0.00129805448119207
385,175,302,10.8775,0.000993804879567929
385,175,302,10.885,0.00125729320935726
385,175,302,10.8925,0.00113937439536939
385,175,302,10.9,0.00110902074271324
385,175,302,10.9075,0.00100840859383675
385,175,302,10.915,0.00107721363847714
385,175,302,10.9225,0.000935422778981374
385,175,302,10.93,0.00117926599111787
385,175,302,10.9375,0.000927470022292803
385,175,302,10.945,0.000944922078940259
385,175,302,10.9525,0.000696565911608758
385,175,302,10.96,0.000235878047303041
385,175,302,10.9675,0.000285268612366814
385,175,302,10.975,0.000546540536812967
385,175,302,10.9825,0.000465396133653579
385,175,302,10.99,0.000860438126573506
385,175,302,10.9975,0.000978079739605875
385,175,302,11.005,0.001399560653437
385,175,302,11.0125,0.000939730362145091
385,175,302,11.02,0.00122736256826928
385,175,302,11.0275,0.00173769979707325
385,175,302,11.035,0.00220846722068406
385,175,302,11.0425,0.00195210666797231
385,175,302,11.05,0.00176506013456201
385,175,302,11.0575,0.00160814358216178
385,175,302,11.065,0.00154856926521474
385,175,302,11.0725,0.00195487752152705
385,175,302,11.08,0.00189186379723295
385,175,302,11.0875,0.00173030176793429
385,175,302,11.095,0.00172327565383885
385,175,302,11.1025,0.00136172887237184
385,175,302,11.11,0.000981373432591978
385,175,302,11.1175,0.001472069588568
385,175,302,11.125,0.00187919189261043
385,175,302,11.1325,0.0015852733609563
385,175,302,11.14,0.00166350591032333
385,175,302,11.1475,0.00149843511340927
385,175,302,11.155,0.00122807617495838
385,175,302,11.1625,0.00152858513755315
385,175,302,11.17,0.00134582650755977
385,175,302,11.1775,0.00072147777268826
385,175,302,11.185,0.0011143489526983
385,175,302,11.1925,0.000852391628152369
385,175,302,11.2,0.000859295337807307
385,175,302,11.2075,0.000706297190772422
385,175,302,11.215,0.000609175260931729
385,175,302,11.2225,0.000261939811507125
385,175,302,11.23,0.000436915706953806
385,175,302,11.2375,0.000131661677487185
385,175,302,11.245,0.000531197006465304
385,175,302,11.2525,0.000826838801849723
385,175,302,11.26,0.000585281964238266
385,175,302,11.2675,0.000787790570549623
385,175,302,11.275,0.000818229933833166
385,175,302,11.2825,0.00109378972874824
385,175,302,11.29,0.00127197739018465
385,175,302,11.2975,0.00175493099029317
385,175,302,11.305,0.00164909742111421
385,175,302,11.3125,0.00137475802908499
385,175,302,11.32,0.00122204991923646
385,175,302,11.3275,0.0013303812349127
385,175,302,11.335,0.0013450647974932
385,175,302,11.3425,0.00109198524261152
385,175,302,11.35,0.00118518985703069
385,175,302,11.3575,0.00114231968036146
385,175,302,11.365,0.000498979936342371
385,175,302,11.3725,0.00128691949032904
385,175,302,11.38,0.000694049152756743
385,175,302,11.3875,0.0013042797707641
385,175,302,11.395,0.00160106724457879
385,175,302,11.4025,0.000479873034391977
385,175,302,11.41,0.00124950512516857
385,175,302,11.4175,0.00139863440692276
385,175,302,11.425,0.0016734925285784
385,175,302,11.4325,0.00142213224328253
385,175,302,11.44,0.000962359380931555
385,175,302,11.4475,0.00135672864500967
385,175,302,11.455,0.0010446142878838
385,175,302,11.4625,0.00114195194880494
385,175,302,11.47,0.00155615275844217
385,175,302,11.4775,0.00167980133238427
385,175,302,11.485,0.000909633305300027
385,175,302,11.4925,0.000914520386023487
385,175,302,11.5,0.000886231533321947
385,175,302,11.5075,0.000475075240516118
385,175,302,11.515,0.00138727003935823
385,175,302,11.5225,0.00121726943596657
385,175,302,11.53,0.00172447293518433
385,175,302,11.5375,0.00166269406869325
385,175,302,11.545,0.00187457331693175
385,175,302,11.5525,0.00207272373129929
385,175,302,11.56,0.00148287058371313
385,175,302,11.5675,0.00162769563791577
385,175,302,11.575,0.00162111319900153
385,175,302,11.5825,0.00153712524358865
385,175,302,11.59,0.00127932783323774
385,175,302,11.5975,0.000829234823767148
385,175,302,11.605,0.000995796000159493
385,175,302,11.6125,0.00102687314389649
385,175,302,11.62,0.000819855022670161
385,175,302,11.6275,0.000957257289721701
385,175,302,11.635,0.00114022634899172
385,175,302,11.6425,0.000979929052950953
385,175,302,11.65,0.000929697343879428
385,175,302,11.6575,0.00132962456481692
385,175,302,11.665,0.00117641060792446
385,175,302,11.6725,0.001043826044726
385,175,302,11.68,0.000985277371368606
385,175,302,11.6875,0.00117506815929025
385,175,302,11.695,0.000932253600413243
385,175,302,11.7025,0.000888767586121387
385,175,302,11.71,0.000828150081420968
385,175,302,11.7175,0.000852388619386267
385,175,302,11.725,0.000295009779025619
385,175,302,11.7325,0.000768028855600183
385,175,302,11.74,0.00116094244060988
385,175,302,11.7475,0.0010449690253778
385,175,302,11.755,0.000967246779682779
385,175,302,11.7625,0.00157987909985167
385,175,302,11.77,0.00175650154454014
385,175,302,11.7775,0.00223892764659784
385,175,302,11.785,0.00253059645856227
385,175,302,11.7925,0.00196114044085087
385,175,302,11.8,0.00196100303057557
385,175,302,11.8075,0.00176596396020231
385,175,302,11.815,0.00196560594649459
385,175,302,11.8225,0.00213780954192365
385,175,302,11.83,0.00185964958735475
385,175,302,11.8375,0.00184722245852331
385,175,302,11.845,0.00203073186494808
385,175,302,11.8525,0.00163713400447861
385,175,302,11.86,0.00150859870802298
385,175,302,11.8675,0.0016557758093985
385,175,302,11.875,0.00119214939063728
385,175,302,11.8825,0.00126702352056306
385,175,302,11.89,0.00144300848985321
385,175,302,11.8975,0.00119987473676623
385,175,302,11.905,0.00054448468385561
385,175,302,11.9125,0.00100555230595227
385,175,302,11.92,0.000789233596549724
385,175,302,11.9275,0.00126816540836901
385,175,302,11.935,0.00132718393650619
385,175,302,11.9425,0.000871033019261633
385,175,302,11.95,0.00076645817704855
385,175,302,11.9575,0.00057212426239669
385,175,302,11.965,0.000549546934048595
385,175,302,11.9725,0.000611670768616088
385,175,302,11.98,0.000730020475678404
385,175,302,11.9875,0.000888398257483086
385,175,302,11.995,0.000719967135064121
385,175,302,12.0025,0.00117988158260411
385,175,302,12.01,0.000919594125799201
385,175,302,12.0175,0.00128191591303529
385,175,302,12.025,0.00130677531134152
385,175,302,12.0325,0.00143972620138108
385,175,302,12.04,0.00133516586215514
385,175,302,12.0475,0.00126637192600953
385,175,302,12.055,0.00155161500106033
385,175,302,12.0625,0.00087397607099341
385,175,302,12.07,0.00169861660019663
385,175,302,12.0775,0.00124766638232279
385,175,302,12.085,0.00103139610752047
385,175,302,12.0925,0.00141036462333669
385,175,302,12.1,0.00107394128837074
385,175,302,12.1075,0.00151733247788251
385,175,302,12.115,0.00109438196273806
385,175,302,12.1225,0.000927924660330433
385,175,302,12.13,0.00114596674957842
385,175,302,12.1375,0.000683986802101991
385,175,302,12.145,0.000937445407644284
385,175,302,12.1525,0.00140593751562748
385,175,302,12.16,0.00130115989229082
385,175,302,12.1675,0.00107630261305515
385,175,302,12.175,0.00115810133914598
385,175,302,12.1825,0.000921780598194986
385,175,302,12.19,0.00142557841135224
385,175,302,12.1975,0.00101094452131327
385,175,302,12.205,0.00161440753407921
385,175,302,12.2125,0.00110472011692586
385,175,302,12.22,0.000941860981072627
385,175,302,12.2275,0.000806202961807061
385,175,302,12.235,0.00108596919941923
385,175,302,12.2425,0.00133695955727009
385,175,302,12.25,0.0010420613606649
385,175,302,12.2575,0.00145147361427523
385,175,302,12.265,0.00117428916535393
385,175,302,12.2725,0.00115281064500349
385,175,302,12.28,0.00124177617905739
385,175,302,12.2875,0.00136545435349131
385,175,302,12.295,0.00148695117386393
385,175,302,12.3025,0.00145793246416975
385,175,302,12.31,0.00156206138321071
385,175,302,12.3175,0.00135437957213399
385,175,302,12.325,0.00191931066083141
385,175,302,12.3325,0.00114743178502587
385,175,302,12.34,0.00106250713707614
385,175,302,12.3475,0.00109579907359161
385,175,302,12.355,0.00045722817916277
385,175,302,12.3625,0.00112792041622581
385,175,302,12.37,0.000867229144769783
385,175,302,12.3775,0.000749876345375527
385,175,302,12.385,0.000711129261134358
385,175,302,12.3925,0.000433989937550387
385,175,302,12.4,0.000525122077417273
385,175,302,12.4075,0.000669668544286419
385,175,302,12.415,0.000467273498292976
385,175,302,12.4225,0.000427633846142874
385,175,302,12.43,0.00123571167410359
385,175,302,12.4375,0.000805950512241115
385,175,302,12.445,0.00105229930770512
385,175,302,12.4525,0.000745779788743079
385,175,302,12.46,0.00154557952505265
385,175,302,12.4675,0.00112766965632669
385,175,302,12.475,0.000898401044773419
385,175,302,12.4825,0.000998993230804834
385,175,302,12.49,0.000648820194044289
385,175,302,12.4975,0.000701013806239348
385,175,302,12.505,0.000786416806218987
385,175,302,12.5125,0.000836321587741521
385,175,302,12.52,0.00155130779709747
385,175,302,12.5275,0.00136724596989436
385,175,302,12.535,0.00141724798080833
385,175,302,12.5425,0.00167877143773811
385,175,302,12.55,0.00164136531378877
385,175,302,12.5575,0.00174024018897465
385,175,302,12.565,0.00121473931262827
385,175,302,12.5725,0.00147086997147437
385,175,302,12.58,0.0013712561084702
385,175,302,12.5875,0.00180256923953552
385,175,302,12.595,0.00176391903557291
385,175,302,12.6025,0.00118273668127456
385,175,302,12.61,0.00164688503617795
385,175,302,12.6175,0.000845208541763527
385,175,302,12.625,0.00107605480250852
385,175,302,12.6325,0.000732053042708141
385,175,302,12.64,0.000559036826360102
385,175,302,12.6475,0.000914542119769398
385,175,302,12.655,0.000557373425772387
385,175,302,12.6625,0.000678837333792595
385,175,302,12.67,0.00107129115097257
385,175,302,12.6775,0.000938339599501144
385,175,302,12.685,0.000995656961143119
385,175,302,12.6925,0.000981745840724491
385,175,302,12.7,0.000805666066072355
385,175,302,12.7075,0.000940854380242273
385,175,302,12.715,0.0008044963788681
385,175,302,12.7225,0.000183164329464931
385,175,302,12.73,0.000352701885989173
385,175,302,12.7375,0.00032765074734815
385,175,302,12.745,0.000911453933294347
385,175,302,12.7525,0.000300830323183846
385,175,302,12.76,0.00058141927679064
385,175,302,12.7675,0.000484948030935409
385,175,302,12.775,0.000742975774914967
385,175,302,12.7825,0.000905482858010654
385,175,302,12.79,0.000813414625654523
385,175,302,12.7975,0.00142178417612682
385,175,302,12.805,0.00127612330751687
385,175,302,12.8125,0.00125170756936308
385,175,302,12.82,0.000739512667098987
385,175,302,12.8275,0.00101860210449505
385,175,302,12.835,0.00096773991351205
385,175,302,12.8425,0.000676075158457018
385,175,302,12.85,0.000591095314706851
385,175,302,12.8575,0.000749617345618369
385,175,302,12.865,0.000209339834992947
385,175,302,12.8725,0.000208269748883717
385,175,302,12.88,0.000230997076383668
385,175,302,12.8875,0.000748971719678261
385,175,302,12.895,0.000485816960466982
385,175,302,12.9025,0.000396998778197689
385,175,302,12.91,0.00101040848102008
385,175,302,12.9175,0.00096387080249882
385,175,302,12.925,0.00113750008919988
385,175,302,12.9325,0.000904911615466275
385,175,302,12.94,0.000941512431296617
385,175,302,12.9475,0.000472909084484815
385,175,302,12.955,0.00129649799214515
385,175,302,12.9625,0.000616754724963725
385,175,302,12.97,0.000529720105115035
385,175,302,12.9775,0.000540861870057358
385,175,302,12.985,0.00026888228436359
385,175,302,12.9925,0.000863493185704115
385,175,302,13,0.00110645766248267
385,175,302,13.0075,0.000619115239115759
385,175,302,13.015,0.00103549152070471
385,175,302,13.0225,0.00113468589654178
385,175,302,13.03,0.000749301268146615
385,175,302,13.0375,0.000977195228085421
385,175,302,13.045,0.00105875042403666
385,175,302,13.0525,0.00086014423128612
385,175,302,13.06,0.000708996513366064
385,175,302,13.0675,0.000599099549103164
385,175,302,13.075,0.00110141061470782
385,175,302,13.0825,0.00116672555149756
385,175,302,13.09,0.000536192872142093
385,175,302,13.0975,0.000470733802762661
385,175,302,13.105,0.000107622284711208
385,175,302,13.1125,0.00010201287973477
385,175,302,13.12,0.00059092622538068
385,175,302,13.1275,0.000271979162332278
385,175,302,13.135,0.000459455057536418
385,175,302,13.1425,0.000112453654023509
385,175,302,13.15,0.000339260644180549
385,175,302,13.1575,0.000519647483128286
385,175,302,13.165,0.000520115897513172
385,175,302,13.1725,0.000780308022489747
385,175,302,13.18,0.00088718814921691
385,175,302,13.1875,0.00107770894318283
385,175,302,13.195,0.00123705991261048
385,175,302,13.2025,0.00122139759336632
385,175,302,13.21,0.000896644523926833
385,175,302,13.2175,0.000715685656833793
385,175,302,13.225,0.000898386049676061
385,175,302,13.2325,0.00101768419021038
385,175,302,13.24,0.00085654568301599
385,175,302,13.2475,0.000738538536989383
385,175,302,13.255,0.000934193850891485
385,175,302,13.2625,0.00115994088745642
385,175,302,13.27,0.00123493430308249
385,175,302,13.2775,0.000846767489651556
385,175,302,13.285,0.000955021130404358
385,175,302,13.2925,0.000972791344923674
385,175,302,13.3,0.00104128649885725
385,175,302,13.3075,0.00158709377728292
385,175,302,13.315,0.00125272813485758
385,175,302,13.3225,0.00158914386451911
385,175,302,13.33,0.0017139954344191
385,175,302,13.3375,0.00124988284522162
385,175,302,13.345,0.000765826233573685
385,175,302,13.3525,0.00103853685003757
385,175,302,13.36,0.00153958998292876
385,175,302,13.3675,0.00109008259974928
385,175,302,13.375,0.000759203747674684
385,175,302,13.3825,0.000132213817343462
385,175,302,13.39,0.000341104147835848
385,175,302,13.3975,0.000524049729615998
385,175,302,13.405,0.000493568296260834
385,175,302,13.4125,0.0010213320996511
385,175,302,13.42,0.000818570207976195
385,175,302,13.4275,0.00102160962660668
385,175,302,13.435,0.000857708947272173
385,175,302,13.4425,0.000788623293319844
385,175,302,13.45,0.000895245342204864
385,175,302,13.4575,0.000945908751545685
385,175,302,13.465,0.000791486486179022
385,175,302,13.4725,0.000649713783427277
385,175,302,13.48,0.000551878354475176
385,175,302,13.4875,0.000285152668483727
385,175,302,13.495,0.000434160902593621
385,175,302,13.5025,0.000738408613824023
385,175,302,13.51,0.00076046801847767
385,175,302,13.5175,0.000636003805135627
385,175,302,13.525,0.000704594835755111
385,175,302,13.5325,0.00115101104375746
385,175,302,13.54,0.00129527945903425
385,175,302,13.5475,0.00130122103040805
385,175,302,13.555,0.00137511403741363
385,175,302,13.5625,0.00142220096035801
385,175,302,13.57,0.000897446849462313
385,175,302,13.5775,0.00112123239082441
385,175,302,13.585,0.00110124061631031
385,175,302,13.5925,0.000987500565545616
385,175,302,13.6,0.000812970596110404
385,175,302,13.6075,0.000736284360386629
385,175,302,13.615,0.000672267055399318
385,175,302,13.6225,0.000611939129443477
385,175,302,13.63,0.000642476376415582
385,175,302,13.6375,0.000682032980160186
385,175,302,13.645,0.000945489638861368
385,175,302,13.6525,0.000866797016534274
385,175,302,13.66,0.00127504957845517
385,175,302,13.6675,0.00133361616041325
385,175,302,13.675,0.00130032557687239
385,175,302,13.6825,0.00142730597120107
385,175,302,13.69,0.00117072731885343
385,175,302,13.6975,0.00120931965318195
385,175,302,13.705,0.00137893311735584
385,175,302,13.7125,0.00138087950830644
385,175,302,13.72,0.00112161116548192
385,175,302,13.7275,0.00104017687547773
385,175,302,13.735,0.00101251879499363
385,175,302,13.7425,0.000637941771107734
385,175,302,13.75,0.00114265277166347
385,175,302,13.7575,0.000852218200633389
385,175,302,13.765,0.0011130722516928
385,175,302,13.7725,0.00126646729834082
385,175,302,13.78,0.00117803033972932
385,175,302,13.7875,0.00094338729148525
385,175,302,13.795,0.000996286163732918
385,175,302,13.8025,0.00117258869704721
385,175,302,13.81,0.00131407086855332
385,175,302,13.8175,0.00129844808979191
385,175,302,13.825,0.000864373790337402
385,175,302,13.8325,0.000551859801382033
385,175,302,13.84,0.000311778113458596
385,175,302,13.8475,0.000350187691055791
385,175,302,13.855,0.0013663026420547
385,175,302,13.8625,0.000800482479831992
385,175,302,13.87,0.000618210998373694
385,175,302,13.8775,0.000249809622701422
385,175,302,13.885,0.000665932425966101
385,175,302,13.8925,0.000632140412422253
385,175,302,13.9,0.00109672549082357
385,175,302,13.9075,0.000938015961179782
385,175,302,13.915,0.00111169466601005
385,175,302,13.9225,0.000596176167050035
385,175,302,13.93,0.00105109278252932
385,175,302,13.9375,0.00121346470851158
385,175,302,13.945,0.00125524941524521
385,175,302,13.9525,0.00105716918513635
385,175,302,13.96,0.00125416462181546
385,175,302,13.9675,0.00142953092077923
385,175,302,13.975,0.000908182820928973
385,175,302,13.9825,0.00124906903992227
385,175,302,13.99,0.000894611329977213
385,175,302,13.9975,0.000985303381933517
385,175,302,14.005,0.000689197243439834
385,175,302,14.0125,0.000933867589902907
385,175,302,14.02,0.00118319903033743
385,175,302,14.0275,0.00137222689491672
385,175,302,14.035,0.00135539228181796
385,175,302,14.0425,0.000897326840418788
385,175,302,14.05,0.000507727766734468
385,175,302,14.0575,0.000935481120114931
385,175,302,14.065,0.000826622444033838
385,175,302,14.0725,0.00109311879122022
385,175,302,14.08,0.00105805566719836
385,175,302,14.0875,0.000951471652558252
385,175,302,14.095,0.000923449755338834
385,175,302,14.1025,0.000579375195508316
385,175,302,14.11,0.000572047827039277
385,175,302,14.1175,0.00072922342563143
385,175,302,14.125,0.000541782319565671
385,175,302,14.1325,0.000753833371572072
385,175,302,14.14,0.000687687675118795
385,175,302,14.1475,0.000634137010422393
385,175,302,14.155,0.000856525593852511
385,175,302,14.1625,0.000331390700181839
385,175,302,14.17,0.000524853258705804
385,175,302,14.1775,0.000671210320771711
385,175,302,14.185,0.00112493281784257
385,175,302,14.1925,0.00101635938221717
385,175,302,14.2,0.00121183140307309
385,175,302,14.2075,0.00126556631988549
385,175,302,14.215,0.00100915069182848
385,175,302,14.2225,0.00117771835777327
385,175,302,14.23,0.000691960397524702
385,175,302,14.2375,0.00120349603849529
385,175,302,14.245,0.000983093209207602
385,175,302,14.2525,0.000649879756717086
385,175,302,14.26,0.000742453041831147
385,175,302,14.2675,0.00115607692165941
385,175,302,14.275,0.000663957970734785
385,175,302,14.2825,0.000653555642038842
385,175,302,14.29,0.000359330502786991
385,175,302,14.2975,0.000686465698481968
385,175,302,14.305,0.000401562649000266
385,175,302,14.3125,0.000647849854048821
385,175,302,14.32,0.000867058932979874
385,175,302,14.3275,0.000252728519352521
385,175,302,14.335,0.000330310586712724
385,175,302,14.3425,0.000583776410818554
385,175,302,14.35,0.000509959023254024
385,175,302,14.3575,0.000332492562809795
385,175,302,14.365,0.00014910580837525
385,175,302,14.3725,0.000370514684343701
385,175,302,14.38,0.000774068032147342
385,175,302,14.3875,0.000471516948480769
385,175,302,14.395,0.000475248146480257
385,175,302,14.4025,0.00102466727363801
385,175,302,14.41,0.00120863588332093
385,175,302,14.4175,0.00125727646539875
385,175,302,14.425,0.0014213867182329
385,175,302,14.4325,0.00107234179610018
385,175,302,14.44,0.000597325987078854
385,175,302,14.4475,0.00102713521901083
385,175,302,14.455,0.000948248599350898
385,175,302,14.4625,0.00108841517297398
385,175,302,14.47,0.00108231015934557
385,175,302,14.4775,0.00136385233664399
385,175,302,14.485,0.00137994336412072
385,175,302,14.4925,0.00116834246099396
385,175,302,14.5,0.000929604205617745
385,175,302,14.5075,0.00115094012142995
385,175,302,14.515,0.000894861983579185
385,175,302,14.5225,0.00114699316262409
385,175,302,14.53,0.000849441789416573
385,175,302,14.5375,0.000763722596433212
385,175,302,14.545,0.000645694672840755
385,175,302,14.5525,0.000390722517722298
385,175,302,14.56,0.00101448724670649
385,175,302,14.5675,0.000766307722770699
385,175,302,14.575,0.000438597382910451
385,175,302,14.5825,0.000685795739184361
385,175,302,14.59,0.000811210206381861
385,175,302,14.5975,0.000269626335136847
385,175,302,14.605,0.000278967069052933
385,175,302,14.6125,0.000361883986319658
385,175,302,14.62,0.000406598414223363
385,175,302,14.6275,0.000545389649350361
385,175,302,14.635,0.000151947784081734
385,175,302,14.6425,0.000909508369190679
385,175,302,14.65,0.000650415576636712
385,175,302,14.6575,0.000486891385130436
385,175,302,14.665,0.000713700139221365
385,175,302,14.6725,0.000848385850711838
385,175,302,14.68,0.000653670532513584
385,175,302,14.6875,0.000590395092685983
385,175,302,14.695,0.000588929072696094
385,175,302,14.7025,0.00041863059766855
385,175,302,14.71,0.000742566375760266
385,175,302,14.7175,0.000871985109779083
385,175,302,14.725,0.000969325536787943
385,175,302,14.7325,0.000891884631511631
385,175,302,14.74,0.000969153511554182
385,175,302,14.7475,0.0011979329196048
385,175,302,14.755,0.000502290656586729
385,175,302,14.7625,0.000592066956747844
385,175,302,14.77,0.000618687567052009
385,175,302,14.7775,0.00066630074949287
385,175,302,14.785,0.000405539419309768
385,175,302,14.7925,0.000551517640623483
385,175,302,14.8,0.000899476198145271
385,175,302,14.8075,0.000460149801154261
385,175,302,14.815,0.0010567045785462
385,175,302,14.8225,0.000323799300040648
385,175,302,14.83,0.000366678087712335
385,175,302,14.8375,0.000963114308446488
385,175,302,14.845,0.000903703223202303
385,175,302,14.8525,0.000629187823742752
385,175,302,14.86,0.000359035714837306
385,175,302,14.8675,0.000537225604639026
385,175,302,14.875,0.00018407460757939
385,175,302,14.8825,0.000333555642799734
385,175,302,14.89,0.0002193617089976
385,175,302,14.8975,0.000405218723248264
385,175,302,14.905,0.000243448941861545
385,175,302,14.9125,0.0003493084504636
385,175,302,14.92,0.00101972850373296
385,175,302,14.9275,0.000632416021050775
385,175,302,14.935,0.00131594599120744
385,175,302,14.9425,0.000703177596266001
385,175,302,14.95,0.000683144032565825
385,175,302,14.9575,0.000850647124258761
385,175,302,14.965,0.000532101115097888
385,175,302,14.9725,0.00110178255170377
385,175,302,14.98,0.000563491672471652
385,175,302,14.9875,0.00111811920615768
385,175,302,14.995,0.000804556723549673
385,175,302,15.0025,0.00077507593219994
385,175,302,15.01,0.000914837214778089
385,175,302,15.0175,0.000893111808539647
385,175,302,15.025,0.000410657021057431
385,175,302,15.0325,0.000506878689830773
385,175,302,15.04,8.32022945282038e-05
385,175,302,15.0475,0.000380951203283536
385,175,302,15.055,5.53635912451965e-05
385,175,302,15.0625,0.000440934752615171
385,175,302,15.07,0.000379408375950877
385,175,302,15.0775,0.000332533728734221
385,175,302,15.085,0.000229871122795288
385,175,302,15.0925,0.000413452230892506
385,175,302,15.1,0.000628682598497212
385,175,302,15.1075,0.000655967646062539
385,175,302,15.115,0.000471954936657669
385,175,302,15.1225,0.000943159083774765
385,175,302,15.13,0.000635222355798546
385,175,302,15.1375,0.000453921906842423
385,175,302,15.145,0.000181933972012098
385,175,302,15.1525,0.000681022615579174
385,175,302,15.16,0.00102432219992306
385,175,302,15.1675,0.000624082675838864
385,175,302,15.175,0.00048504706570969
385,175,302,15.1825,0.00105081305025517
385,175,302,15.19,0.000979321919985918
385,175,302,15.1975,0.000485351450685373
385,175,302,15.205,0.000925216109698286
385,175,302,15.2125,0.000838369711700053
385,175,302,15.22,0.000651682290974092
385,175,302,15.2275,0.000993719845580357
385,175,302,15.235,0.000634091056713018
385,175,302,15.2425,0.00131491518917019
385,175,302,15.25,0.000692153566117413
385,175,302,15.2575,0.00137805466739089
385,175,302,15.265,0.000886880549716265
385,175,302,15.2725,0.000913880116844154
385,175,302,15.28,0.000391393372980654
385,175,302,15.2875,0.000503152821577724
385,175,302,15.295,0.000294942261565641
385,175,302,15.3025,0.000446852755099791
385,175,302,15.31,0.000244248356668761
385,175,302,15.3175,0.000552415361277218
385,175,302,15.325,0.000326911392084391
385,175,302,15.3325,0.000133977583413536
385,175,302,15.34,0.000651115197766278
385,175,302,15.3475,0.000577356633459805
385,175,302,15.355,0.000437139389536031
385,175,302,15.3625,0.000493500455766459
385,175,302,15.37,0.000993726126019419
385,175,302,15.3775,0.000261848561934939
385,175,302,15.385,0.000373519603436053
385,175,302,15.3925,0.000186360008548832
385,175,302,15.4,0.000614014150316189
385,175,302,15.4075,0.000413781725272732
385,175,302,15.415,0.000321904002557916
385,175,302,15.4225,0.000372676871339172
385,175,302,15.43,0.000502175164766051
385,175,302,15.4375,0.000392314106418829
385,175,302,15.445,0.000433383267963674
385,175,302,15.4525,0.000760965155415762
385,175,302,15.46,0.000909900763228584
385,175,302,15.4675,0.000461117035787631
385,175,302,15.475,0.000752789723302313
385,175,302,15.4825,0.000649849145053792
385,175,302,15.49,0.000731634138924182
385,175,302,15.4975,0.00060128534309111
385,175,302,15.505,0.000716594161228596
385,175,302,15.5125,0.000731958605139074
385,175,302,15.52,0.000340366971826483
385,175,302,15.5275,0.000322077332735139
385,175,302,15.535,0.000420743530797945
385,175,302,15.5425,0.000191928029249199
385,175,302,15.55,0.00034881169321357
385,175,302,15.5575,0.000561942689179286
385,175,302,15.565,0.000394406694164319
385,175,302,15.5725,0.00101456047094071
385,175,302,15.58,0.000369757781266606
385,175,302,15.5875,0.00070768517656791
385,175,302,15.595,0.000529623454398669
385,175,302,15.6025,0.00085369332008664
385,175,302,15.61,0.00074922055404157
385,175,302,15.6175,0.000626698549219163
385,175,302,15.625,0.000452392410075507
385,175,302,15.6325,0.000426440845460631
385,175,302,15.64,0.000482673004346072
385,175,302,15.6475,0.000687128141971741
385,175,302,15.655,0.000361996637023804
385,175,302,15.6625,0.000459948355503945
385,175,302,15.67,0.000708329374482562
385,175,302,15.6775,0.000771561957681828
385,175,302,15.685,0.000684863071173963
385,175,302,15.6925,0.000583818174066925
385,175,302,15.7,0.000967025131979572
385,175,302,15.7075,0.000641371410722017
385,175,302,15.715,0.000817246398865418
385,175,302,15.7225,0.000836671803917245
385,175,302,15.73,0.00019467028238426
385,175,302,15.7375,0.000834028552792673
385,175,302,15.745,0.000940148178601709
385,175,302,15.7525,0.000236048743596385
385,175,302,15.76,0.000605385015344405
385,175,302,15.7675,0.000247156394121954
385,175,302,15.775,0.000275102480445163
385,175,302,15.7825,0.000555844963194664
385,175,302,15.79,0.000353804615540352
385,175,302,15.7975,0.00032163192357933
385,175,302,15.805,0.000371416055770161
385,175,302,15.8125,0.000408408025168774
385,175,302,15.82,0.000463490846964562
385,175,302,15.8275,0.000398483797672632
385,175,302,15.835,0.000445192839339285
385,175,302,15.8425,0.000243027150357892
385,175,302,15.85,0.00031639616514509
385,175,302,15.8575,0.000377509806176516
385,175,302,15.865,0.000478038165241392
385,175,302,15.8725,0.000291193123794806
385,175,302,15.88,0.000163953028863386
385,175,302,15.8875,0.000321098161606223
385,175,302,15.895,0.000339950585702722
385,175,302,15.9025,0.000131392833484959
385,175,302,15.91,8.33922296238669e-05
385,175,302,15.9175,0.000487328653431042
385,175,302,15.925,0.000320646885725096
385,175,302,15.9325,0.000448253055098798
385,175,302,15.94,0.000407759547767194
385,175,302,15.9475,0.000598174304815329
385,175,302,15.955,0.000642423765539134
385,175,302,15.9625,0.000404495518119579
385,175,302,15.97,0.000382265154011422
385,175,302,15.9775,0.000814953249754153
385,175,302,15.985,0.000564662894540186
385,175,302,15.9925,0.000676133612486364
385,175,302,16,0.000304034033506126
385,175,301,4,0.0071414368226155
385,175,301,4.0075,0.00743974887764307
385,175,301,4.015,0.00698926848110145
385,175,301,4.0225,0.00618138500719105
385,175,301,4.03,0.00525389509317087
385,175,301,4.0375,0.0050127444982058
385,175,301,4.045,0.00455347926978209
385,175,301,4.0525,0.00439330342126039
385,175,301,4.06,0.00395668923910582
385,175,301,4.0675,0.00417283919525956
385,175,301,4.075,0.00471462259504484
385,175,301,4.0825,0.00412061165763435
385,175,301,4.09,0.00403247800821988
385,175,301,4.0975,0.00411859207982867
385,175,301,4.105,0.00360474181530161
385,175,301,4.1125,0.00391904764653599
385,175,301,4.12,0.00382682833142207
385,175,301,4.1275,0.00425995049525209
385,175,301,4.135,0.00407001244274163
385,175,301,4.1425,0.00394590389524373
385,175,301,4.15,0.00321766750186494
385,175,301,4.1575,0.00307574910149865
385,175,301,4.165,0.00266510618822089
385,175,301,4.1725,0.00249320474800906
385,175,301,4.18,0.00254121715685833
385,175,301,4.1875,0.00241855187247687
385,175,301,4.195,0.00259209391959697
385,175,301,4.2025,0.00306850766370585
385,175,301,4.21,0.00366862666531817
385,175,301,4.2175,0.00331728167010273
385,175,301,4.225,0.0041705688296439
385,175,301,4.2325,0.0041529668859684
385,175,301,4.24,0.00397995768749834
385,175,301,4.2475,0.00403841511710181
385,175,301,4.255,0.00455428665260233
385,175,301,4.2625,0.00382089995406731
385,175,301,4.27,0.00397001786022629
385,175,301,4.2775,0.00437526190970955
385,175,301,4.285,0.0034465505845516
385,175,301,4.2925,0.0036028075126997
385,175,301,4.3,0.00344358252216265
385,175,301,4.3075,0.00335103962339002
385,175,301,4.315,0.00348921101803712
385,175,301,4.3225,0.00383114117884132
385,175,301,4.33,0.00401508149144647
385,175,301,4.3375,0.0041127559692916
385,175,301,4.345,0.00424094150866704
385,175,301,4.3525,0.00383552614794989
385,175,301,4.36,0.00353094769376601
385,175,301,4.3675,0.00320112769379731
385,175,301,4.375,0.00324567912729219
385,175,301,4.3825,0.00326647356557354
385,175,301,4.39,0.00304592184980348
385,175,301,4.3975,0.00286922429964763
385,175,301,4.405,0.00203825075811421
385,175,301,4.4125,0.00182916028275873
385,175,301,4.42,0.00225846138013812
385,175,301,4.4275,0.00157244706200399
385,175,301,4.435,0.00160656492937171
385,175,301,4.4425,0.00167867503380641
385,175,301,4.45,0.00201830623585454
385,175,301,4.4575,0.00249477203552321
385,175,301,4.465,0.00286175094054741
385,175,301,4.4725,0.00307255122642493
385,175,301,4.48,0.00352683284011754
385,175,301,4.4875,0.00351669588829501
385,175,301,4.495,0.00345946908278369
385,175,301,4.5025,0.00322015889940839
385,175,301,4.51,0.00329062946283156
385,175,301,4.5175,0.00242768591140628
385,175,301,4.525,0.00184665675163402
385,175,301,4.5325,0.00274547669345934
385,175,301,4.54,0.00256807418090831
385,175,301,4.5475,0.00228981759133204
385,175,301,4.555,0.00208894317287418
385,175,301,4.5625,0.00198491035111393
385,175,301,4.57,0.0019501127725315
385,175,301,4.5775,0.00152425458294157
385,175,301,4.585,0.00215595540796775
385,175,301,4.5925,0.00132013044081313
385,175,301,4.6,0.00124356089623401
385,175,301,4.6075,0.000950100415640172
385,175,301,4.615,0.000259152032363584
385,175,301,4.6225,0.000959097967038091
385,175,301,4.63,0.00076477325764587
385,175,301,4.6375,0.00135028886163475
385,175,301,4.645,0.00170882851497421
385,175,301,4.6525,0.0014761861629459
385,175,301,4.66,0.00213231579024131
385,175,301,4.6675,0.00209927741250578
385,175,301,4.675,0.00204429787526554
385,175,301,4.6825,0.00260144924704241
385,175,301,4.69,0.00249413267351196
385,175,301,4.6975,0.00266744717750261
385,175,301,4.705,0.00284585176577985
385,175,301,4.7125,0.00265349401936297
385,175,301,4.72,0.00313809283684221
385,175,301,4.7275,0.00325470873180816
385,175,301,4.735,0.00336455639839948
385,175,301,4.7425,0.00334057115653676
385,175,301,4.75,0.00264125660620217
385,175,301,4.7575,0.00322194470847838
385,175,301,4.765,0.00277959566816386
385,175,301,4.7725,0.00244909635092687
385,175,301,4.78,0.00227944861682435
385,175,301,4.7875,0.00226755543300138
385,175,301,4.795,0.00196295687931638
385,175,301,4.8025,0.00192673491426044
385,175,301,4.81,0.00153910253720788
385,175,301,4.8175,0.00200954263001019
385,175,301,4.825,0.00151180269502998
385,175,301,4.8325,0.000900318755823489
385,175,301,4.84,0.00126566673689429
385,175,301,4.8475,0.00051832302764091
385,175,301,4.855,0.00107270748388266
385,175,301,4.8625,0.00143266292290105
385,175,301,4.87,0.00133810930386392
385,175,301,4.8775,0.0015750216420935
385,175,301,4.885,0.00148316366752556
385,175,301,4.8925,0.00191106852059687
385,175,301,4.9,0.00144706123718142
385,175,301,4.9075,0.00148189925121292
385,175,301,4.915,0.00085844970902984
385,175,301,4.9225,0.00124341341282317
385,175,301,4.93,0.000968033449150758
385,175,301,4.9375,0.000513040381489625
385,175,301,4.945,0.000550508200338278
385,175,301,4.9525,0.000633872589110446
385,175,301,4.96,0.00120022456450451
385,175,301,4.9675,0.00118165842073046
385,175,301,4.975,0.00178262046209159
385,175,301,4.9825,0.00237671044972792
385,175,301,4.99,0.00222699610691742
385,175,301,4.9975,0.00220110703500368
385,175,301,5.005,0.00168492974324845
385,175,301,5.0125,0.00234148893616878
385,175,301,5.02,0.00188147242705363
385,175,301,5.0275,0.00179759280116763
385,175,301,5.035,0.00145394881873388
385,175,301,5.0425,0.00167798155635701
385,175,301,5.05,0.00129708668190532
385,175,301,5.0575,0.00138071622554592
385,175,301,5.065,0.00100494672021327
385,175,301,5.0725,0.000951393860378845
385,175,301,5.08,0.000946550308653424
385,175,301,5.0875,0.0010682043282346
385,175,301,5.095,0.000561382065602638
385,175,301,5.1025,0.00123297802622834
385,175,301,5.11,0.00150421467122883
385,175,301,5.1175,0.0012774050713941
385,175,301,5.125,0.00154878249664763
385,175,301,5.1325,0.00181030793254643
385,175,301,5.14,0.00215092065063848
385,175,301,5.1475,0.00127540451335359
385,175,301,5.155,0.00130054243719497
385,175,301,5.1625,0.00093474722074015
385,175,301,5.17,0.000408144203373315
385,175,301,5.1775,0.000448060806404433
385,175,301,5.185,0.00109650490794584
385,175,301,5.1925,0.000742909690814332
385,175,301,5.2,0.000805705098399098
385,175,301,5.2075,0.00152874828468229
385,175,301,5.215,0.00119215710035279
385,175,301,5.2225,0.00193725261062292
385,175,301,5.23,0.00216390644978327
385,175,301,5.2375,0.00163216381502621
385,175,301,5.245,0.00178482913793552
385,175,301,5.2525,0.00188948074459585
385,175,301,5.26,0.00169612982583829
385,175,301,5.2675,0.00229343500719015
385,175,301,5.275,0.00174523900045935
385,175,301,5.2825,0.00179891697676616
385,175,301,5.29,0.00156689296186756
385,175,301,5.2975,0.00103951718754559
385,175,301,5.305,0.00112847701259009
385,175,301,5.3125,0.000974973812592719
385,175,301,5.32,0.00087419905785665
385,175,301,5.3275,0.000492570727761552
385,175,301,5.335,0.000779801996707612
385,175,301,5.3425,0.00122148355048121
385,175,301,5.35,0.0013586208486347
385,175,301,5.3575,0.0014346074942465
385,175,301,5.365,0.00097895576324929
385,175,301,5.3725,0.00183986276743834
385,175,301,5.38,0.00170801339760155
385,175,301,5.3875,0.00136834758578159
385,175,301,5.395,0.00168784587768527
385,175,301,5.4025,0.00172025965452401
385,175,301,5.41,0.00145948797271936
385,175,301,5.4175,0.00193640713054892
385,175,301,5.425,0.00193040748010921
385,175,301,5.4325,0.00155081920885531
385,175,301,5.44,0.00169392992976359
385,175,301,5.4475,0.00193536560923457
385,175,301,5.455,0.00207473729459734
385,175,301,5.4625,0.00177332019558436
385,175,301,5.47,0.00210319142875107
385,175,301,5.4775,0.00173601686068867
385,175,301,5.485,0.00171301550647546
385,175,301,5.4925,0.00115277252041495
385,175,301,5.5,0.00159126789102853
385,175,301,5.5075,0.00134491789378963
385,175,301,5.515,0.00108617748070032
385,175,301,5.5225,0.000952447098240708
385,175,301,5.53,0.000813948705146457
385,175,301,5.5375,0.000747885213861628
385,175,301,5.545,0.00129415267967541
385,175,301,5.5525,0.00139809205163583
385,175,301,5.56,0.00135789310387
385,175,301,5.5675,0.00151130869937007
385,175,301,5.575,0.000941857877793995
385,175,301,5.5825,0.000926788754931309
385,175,301,5.59,0.000709081731992028
385,175,301,5.5975,0.00142397548659453
385,175,301,5.605,0.00149851139080654
385,175,301,5.6125,0.00156791658847373
385,175,301,5.62,0.0011724267879317
385,175,301,5.6275,0.0012805748019797
385,175,301,5.635,0.0011197238744098
385,175,301,5.6425,0.000547946668085633
385,175,301,5.65,0.000939539001234494
385,175,301,5.6575,0.000337975703627394
385,175,301,5.665,0.000358923083609972
385,175,301,5.6725,0.000713034586577786
385,175,301,5.68,0.000760218387831591
385,175,301,5.6875,0.00146518080673841
385,175,301,5.695,0.00123584058469842
385,175,301,5.7025,0.0011194631692194
385,175,301,5.71,0.00158749530790043
385,175,301,5.7175,0.00140292789882589
385,175,301,5.725,0.00111603933228462
385,175,301,5.7325,0.000847401882751938
385,175,301,5.74,0.00120492132974458
385,175,301,5.7475,0.000685237642833272
385,175,301,5.755,0.00138272229112402
385,175,301,5.7625,0.00130454480611663
385,175,301,5.77,0.00182051533664171
385,175,301,5.7775,0.00180417658314222
385,175,301,5.785,0.00143883799662461
385,175,301,5.7925,0.00144633354116285
385,175,301,5.8,0.00153597296165928
385,175,301,5.8075,0.00172932621938237
385,175,301,5.815,0.00125477444565324
385,175,301,5.8225,0.00138677209794
385,175,301,5.83,0.00104395686636448
385,175,301,5.8375,0.000729731504067259
385,175,301,5.845,0.00100401209354041
385,175,301,5.8525,0.000916495233034277
385,175,301,5.86,0.0011354472406303
385,175,301,5.8675,0.00124406270967086
385,175,301,5.875,0.00222868794100411
385,175,301,5.8825,0.00182880960893329
385,175,301,5.89,0.00190603609952978
385,175,301,5.8975,0.0018062746758546
385,175,301,5.905,0.00230419701053628
385,175,301,5.9125,0.0018240361756698
385,175,301,5.92,0.00185758024227601
385,175,301,5.9275,0.00147964322324753
385,175,301,5.935,0.00162050016081802
385,175,301,5.9425,0.00115041353322924
385,175,301,5.95,0.00168493873441856
385,175,301,5.9575,0.00144536971360869
385,175,301,5.965,0.00153378853341997
385,175,301,5.9725,0.00152711902196523
385,175,301,5.98,0.0011866229939336
385,175,301,5.9875,0.000892949531986721
385,175,301,5.995,0.000285699689283095
385,175,301,6.0025,0.000221507768573389
385,175,301,6.01,0.000315250444306524
385,175,301,6.0175,0.000330338997532824
385,175,301,6.025,0.000416258456641407
385,175,301,6.0325,0.000321881810684745
385,175,301,6.04,0.000386373085879025
385,175,301,6.0475,0.000307231369042611
385,175,301,6.055,0.000574423209534577
385,175,301,6.0625,0.000849342119545735
385,175,301,6.07,0.00111607289875069
385,175,301,6.0775,0.00103136806850912
385,175,301,6.085,0.0014056970689242
385,175,301,6.0925,0.00223053921385437
385,175,301,6.1,0.00240277254128282
385,175,301,6.1075,0.00232393827039134
385,175,301,6.115,0.00247708464072608
385,175,301,6.1225,0.00268812846967775
385,175,301,6.13,0.00271324950267294
385,175,301,6.1375,0.00229960967023903
385,175,301,6.145,0.00217122746794649
385,175,301,6.1525,0.00200461107670034
385,175,301,6.16,0.00237612694143728
385,175,301,6.1675,0.00146431815066346
385,175,301,6.175,0.00180652464850277
385,175,301,6.1825,0.00172311507338442
385,175,301,6.19,0.00138792663610602
385,175,301,6.1975,0.00122528343991998
385,175,301,6.205,0.000472561882130709
385,175,301,6.2125,0.00102737136457223
385,175,301,6.22,0.000955725747378447
385,175,301,6.2275,0.000324405101742398
385,175,301,6.235,0.000678442117234631
385,175,301,6.2425,0.000838139948831133
385,175,301,6.25,0.00117418719725045
385,175,301,6.2575,0.0014169691385244
385,175,301,6.265,0.00126359164297377
385,175,301,6.2725,0.00156500361030339
385,175,301,6.28,0.00167365706560092
385,175,301,6.2875,0.00136070097339126
385,175,301,6.295,0.00106444726822807
385,175,301,6.3025,0.00115454299437336
385,175,301,6.31,0.000886030872995837
385,175,301,6.3175,0.00129885787364407
385,175,301,6.325,0.00149574550988493
385,175,301,6.3325,0.00185424543454043
385,175,301,6.34,0.00132523824704469
385,175,301,6.3475,0.00191060958716623
385,175,301,6.355,0.00142657466039164
385,175,301,6.3625,0.00167692870794316
385,175,301,6.37,0.00177478066877861
385,175,301,6.3775,0.00146592830426057
385,175,301,6.385,0.00105444141451973
385,175,301,6.3925,0.00124770520426045
385,175,301,6.4,0.00170715797204897
385,175,301,6.4075,0.00184289395945596
385,175,301,6.415,0.00138359650499261
385,175,301,6.4225,0.00103347067142995
385,175,301,6.43,0.00105477604097507
385,175,301,6.4375,0.00077263556342153
385,175,301,6.445,0.000952881253003179
385,175,301,6.4525,0.000912696785781713
385,175,301,6.46,0.00132116373194412
385,175,301,6.4675,0.00172293394878596
385,175,301,6.475,0.00212641123646158
385,175,301,6.4825,0.00204271446106589
385,175,301,6.49,0.00214753728586513
385,175,301,6.4975,0.00183111238348677
385,175,301,6.505,0.00159713955164581
385,175,301,6.5125,0.00201553365485039
385,175,301,6.52,0.00219677168669369
385,175,301,6.5275,0.00247226384316786
385,175,301,6.535,0.00132590006909223
385,175,301,6.5425,0.00179058811772761
385,175,301,6.55,0.00178210333795751
385,175,301,6.5575,0.00168152853265791
385,175,301,6.565,0.00123181866295185
385,175,301,6.5725,0.00162383922901387
385,175,301,6.58,0.00156774931725611
385,175,301,6.5875,0.00207951879944391
385,175,301,6.595,0.00208448711616973
385,175,301,6.6025,0.002530423529995
385,175,301,6.61,0.002260585568946
385,175,301,6.6175,0.00262610521996849
385,175,301,6.625,0.00244745154218127
385,175,301,6.6325,0.0017447973075244
385,175,301,6.64,0.00197239257341267
385,175,301,6.6475,0.00197927509631466
385,175,301,6.655,0.0020690468245652
385,175,301,6.6625,0.00244581608981767
385,175,301,6.67,0.00179626813704076
385,175,301,6.6775,0.00119651523683077
385,175,301,6.685,0.00156937471313901
385,175,301,6.6925,0.00109376614760286
385,175,301,6.7,0.00128294957840009
385,175,301,6.7075,0.00132293594441624
385,175,301,6.715,0.00031449839483777
385,175,301,6.7225,0.00109341026563991
385,175,301,6.73,0.00101672316916187
385,175,301,6.7375,0.00145594127606457
385,175,301,6.745,0.0013033268318254
385,175,301,6.7525,0.00159175441467135
385,175,301,6.76,0.00090839215102372
385,175,301,6.7675,0.00175316583103086
385,175,301,6.775,0.00198666040942449
385,175,301,6.7825,0.00178455211272542
385,175,301,6.79,0.00175292554184173
385,175,301,6.7975,0.00156157753597524
385,175,301,6.805,0.00206863920312052
385,175,301,6.8125,0.0025973001846993
385,175,301,6.82,0.00207719171864028
385,175,301,6.8275,0.00200556261069074
385,175,301,6.835,0.00270345293854695
385,175,301,6.8425,0.002224607689881
385,175,301,6.85,0.00322772014070322
385,175,301,6.8575,0.00295622364839841
385,175,301,6.865,0.00272615936920644
385,175,301,6.8725,0.00301273175606921
385,175,301,6.88,0.00288130651668285
385,175,301,6.8875,0.00299945940112597
385,175,301,6.895,0.0027667563093808
385,175,301,6.9025,0.00300076088650225
385,175,301,6.91,0.00215963000574554
385,175,301,6.9175,0.00208835128588773
385,175,301,6.925,0.0022020776462869
385,175,301,6.9325,0.00148041315610843
385,175,301,6.94,0.00107400126323444
385,175,301,6.9475,0.00132655085163345
385,175,301,6.955,0.00106042450178007
385,175,301,6.9625,0.00128245950488144
385,175,301,6.97,0.00167724016206556
385,175,301,6.9775,0.00148332093752642
385,175,301,6.985,0.00227981699181147
385,175,301,6.9925,0.00247946053661959
385,175,301,7,0.00303521933387646
385,175,301,7.0075,0.00280545629885024
385,175,301,7.015,0.0025889822852512
385,175,301,7.0225,0.00258869548719218
385,175,301,7.03,0.00312360029568427
385,175,301,7.0375,0.00312566264679545
385,175,301,7.045,0.0029134548637561
385,175,301,7.0525,0.00236448047944786
385,175,301,7.06,0.00254554072306579
385,175,301,7.0675,0.00221342674871012
385,175,301,7.075,0.0020982593071989
385,175,301,7.0825,0.00216912580709493
385,175,301,7.09,0.00184275114099356
385,175,301,7.0975,0.00189429632467772
385,175,301,7.105,0.00233378995324084
385,175,301,7.1125,0.00265339642343959
385,175,301,7.12,0.00248786198093556
385,175,301,7.1275,0.00272905592746697
385,175,301,7.135,0.00313150390146636
385,175,301,7.1425,0.00298482313711727
385,175,301,7.15,0.00241293104544334
385,175,301,7.1575,0.00272068295992792
385,175,301,7.165,0.00234990191836461
385,175,301,7.1725,0.00138840852164242
385,175,301,7.18,0.00195418604914168
385,175,301,7.1875,0.00156730274537607
385,175,301,7.195,0.00165155740914284
385,175,301,7.2025,0.0014128717146617
385,175,301,7.21,0.00164434580400947
385,175,301,7.2175,0.00177099126019061
385,175,301,7.225,0.00119913330107568
385,175,301,7.2325,0.00223120581445135
385,175,301,7.24,0.00214810084139895
385,175,301,7.2475,0.00251334844193504
385,175,301,7.255,0.00243029158229589
385,175,301,7.2625,0.00255067125441928
385,175,301,7.27,0.00291826168604282
385,175,301,7.2775,0.00227862120515907
385,175,301,7.285,0.00241138895710128
385,175,301,7.2925,0.00217485010780857
385,175,301,7.3,0.00153850376365941
385,175,301,7.3075,0.00176653370468368
385,175,301,7.315,0.00180462412608455
385,175,301,7.3225,0.00210843138021085
385,175,301,7.33,0.00234373439012681
385,175,301,7.3375,0.00183240818040438
385,175,301,7.345,0.00220001550974338
385,175,301,7.3525,0.00294009649688004
385,175,301,7.36,0.00284222384523184
385,175,301,7.3675,0.00293029250061899
385,175,301,7.375,0.00362625083140735
385,175,301,7.3825,0.00374850008814908
385,175,301,7.39,0.00341310545969979
385,175,301,7.3975,0.00327605689028268
385,175,301,7.405,0.00370589033389827
385,175,301,7.4125,0.00323206160100438
385,175,301,7.42,0.00289565544352115
385,175,301,7.4275,0.00331995246043122
385,175,301,7.435,0.00256628211118957
385,175,301,7.4425,0.00200413675235866
385,175,301,7.45,0.002059094685482
385,175,301,7.4575,0.00126647638377997
385,175,301,7.465,0.00179936536352042
385,175,301,7.4725,0.00187664225883435
385,175,301,7.48,0.00149571015831456
385,175,301,7.4875,0.00208177260090536
385,175,301,7.495,0.00194611949531838
385,175,301,7.5025,0.00147184224798301
385,175,301,7.51,0.00220870030156692
385,175,301,7.5175,0.00240893315298727
385,175,301,7.525,0.00206685968158593
385,175,301,7.5325,0.00235197226152209
385,175,301,7.54,0.0018789897132901
385,175,301,7.5475,0.00217064435876835
385,175,301,7.555,0.00238317664603206
385,175,301,7.5625,0.00216229186436162
385,175,301,7.57,0.00163427891806015
385,175,301,7.5775,0.00231140448341493
385,175,301,7.585,0.00182324538396247
385,175,301,7.5925,0.00240512944113335
385,175,301,7.6,0.00196499593813768
385,175,301,7.6075,0.00248141874765216
385,175,301,7.615,0.002613520329817
385,175,301,7.6225,0.00284422875412631
385,175,301,7.63,0.00298073126655181
385,175,301,7.6375,0.00340306459364138
385,175,301,7.645,0.00270534070053191
385,175,301,7.6525,0.00344182526435898
385,175,301,7.66,0.00268673732424698
385,175,301,7.6675,0.0024967634082916
385,175,301,7.675,0.00220059563015295
385,175,301,7.6825,0.00187200762472744
385,175,301,7.69,0.00197266908351892
385,175,301,7.6975,0.00157615685760602
385,175,301,7.705,0.00127939372589489
385,175,301,7.7125,0.00163220377795716
385,175,301,7.72,0.00210013168016073
385,175,301,7.7275,0.00225115452288965
385,175,301,7.735,0.00252952238703826
385,175,301,7.7425,0.00275843358645731
385,175,301,7.75,0.00326767734749951
385,175,301,7.7575,0.00314760176980489
385,175,301,7.765,0.00326318378931863
385,175,301,7.7725,0.00294968967045253
385,175,301,7.78,0.0030595465976842
385,175,301,7.7875,0.00317636770577367
385,175,301,7.795,0.0023118783795282
385,175,301,7.8025,0.00262463258122644
385,175,301,7.81,0.00256996462501273
385,175,301,7.8175,0.00223439614171284
385,175,301,7.825,0.00207278625551356
385,175,301,7.8325,0.00197847977958132
385,175,301,7.84,0.00175475276603992
385,175,301,7.8475,0.00132849759351385
385,175,301,7.855,0.00216838640464127
385,175,301,7.8625,0.0019018057207564
385,175,301,7.87,0.00189886544676354
385,175,301,7.8775,0.0020313900442922
385,175,301,7.885,0.00260415129140491
385,175,301,7.8925,0.00283417038117809
385,175,301,7.9,0.00249987551761086
385,175,301,7.9075,0.00295039031212487
385,175,301,7.915,0.00258483365761261
385,175,301,7.9225,0.00229645032850447
385,175,301,7.93,0.0022657867710037
385,175,301,7.9375,0.00202730619949231
385,175,301,7.945,0.00180931892737968
385,175,301,7.9525,0.0010840790442297
385,175,301,7.96,0.00136749639482257
385,175,301,7.9675,0.000942179674913411
385,175,301,7.975,0.00126680364381522
385,175,301,7.9825,0.00154635544707406
385,175,301,7.99,0.00203849608407778
385,175,301,7.9975,0.00263138954719086
385,175,301,8.005,0.00273142266771831
385,175,301,8.0125,0.00286669751986114
385,175,301,8.02,0.00262379863694431
385,175,301,8.0275,0.00293981671528985
385,175,301,8.035,0.00289613451821293
385,175,301,8.0425,0.00299204330509664
385,175,301,8.05,0.00296155616762111
385,175,301,8.0575,0.00275243381584992
385,175,301,8.065,0.00222975008939722
385,175,301,8.0725,0.00206247873423845
385,175,301,8.08,0.00235431339504106
385,175,301,8.0875,0.00233804467317524
385,175,301,8.095,0.00264033805995926
385,175,301,8.1025,0.00312825924654025
385,175,301,8.11,0.00380342365552145
385,175,301,8.1175,0.00344525993470778
385,175,301,8.125,0.00359463434941024
385,175,301,8.1325,0.0036060629880549
385,175,301,8.14,0.0038063490050095
385,175,301,8.1475,0.0040744130597543
385,175,301,8.155,0.00360154190527602
385,175,301,8.1625,0.00315486591737343
385,175,301,8.17,0.00347005953145943
385,175,301,8.1775,0.00281419828532057
385,175,301,8.185,0.0025777241295559
385,175,301,8.1925,0.00258772515011383
385,175,301,8.2,0.00206585922991305
385,175,301,8.2075,0.00180767647885333
385,175,301,8.215,0.00203557542250167
385,175,301,8.2225,0.00152764294887976
385,175,301,8.23,0.00171326945290283
385,175,301,8.2375,0.00195044996345467
385,175,301,8.245,0.00225286278924018
385,175,301,8.2525,0.00270122247032995
385,175,301,8.26,0.0026582333078831
385,175,301,8.2675,0.00232234872497144
385,175,301,8.275,0.00279085388621258
385,175,301,8.2825,0.00231759527116837
385,175,301,8.29,0.00266895210753118
385,175,301,8.2975,0.00243388898881803
385,175,301,8.305,0.00236207423771074
385,175,301,8.3125,0.00210220158530735
385,175,301,8.32,0.00189319750076622
385,175,301,8.3275,0.00191224472637357
385,175,301,8.335,0.00206752913798879
385,175,301,8.3425,0.00218224394344589
385,175,301,8.35,0.00236228111368476
385,175,301,8.3575,0.0027797342191008
385,175,301,8.365,0.00236974172163734
385,175,301,8.3725,0.00250238481966434
385,175,301,8.38,0.00316711572390764
385,175,301,8.3875,0.00259612558520066
385,175,301,8.395,0.0030547542459279
385,175,301,8.4025,0.0035225577791613
385,175,301,8.41,0.00326071654246319
385,175,301,8.4175,0.0034700535888319
385,175,301,8.425,0.00287306415641198
385,175,301,8.4325,0.00192834710033644
385,175,301,8.44,0.00197891993937364
385,175,301,8.4475,0.00212402198059982
385,175,301,8.455,0.00205004766298953
385,175,301,8.4625,0.00141260948909809
385,175,301,8.47,0.00202474558488482
385,175,301,8.4775,0.00197277619944348
385,175,301,8.485,0.00209735457794522
385,175,301,8.4925,0.0023523995762927
385,175,301,8.5,0.00291513985299722
385,175,301,8.5075,0.00314905906678176
385,175,301,8.515,0.0031829931296276
385,175,301,8.5225,0.00352567137732595
385,175,301,8.53,0.00368909053329272
385,175,301,8.5375,0.00366673641574144
385,175,301,8.545,0.00303253248085114
385,175,301,8.5525,0.00313835118587158
385,175,301,8.56,0.00283971758035789
385,175,301,8.5675,0.00260190631320219
385,175,301,8.575,0.00200783246555633
385,175,301,8.5825,0.00205321515529776
385,175,301,8.59,0.00148203302627945
385,175,301,8.5975,0.00160343034598238
385,175,301,8.605,0.00216120749104466
385,175,301,8.6125,0.00226631560196484
385,175,301,8.62,0.00271320296991084
385,175,301,8.6275,0.00219711830084468
385,175,301,8.635,0.00271543784159646
385,175,301,8.6425,0.00307443827878643
385,175,301,8.65,0.00308932405758451
385,175,301,8.6575,0.00344128990210421
385,175,301,8.665,0.00325608110929887
385,175,301,8.6725,0.00287225082388757
385,175,301,8.68,0.00261847306694741
385,175,301,8.6875,0.00233580436744711
385,175,301,8.695,0.00181862675937558
385,175,301,8.7025,0.00131134371345158
385,175,301,8.71,0.000936724243463337
385,175,301,8.7175,0.00118903143250277
385,175,301,8.725,0.00146447982438528
385,175,301,8.7325,0.00103344714560808
385,175,301,8.74,0.00177443654004524
385,175,301,8.7475,0.00217134825605637
385,175,301,8.755,0.00225701591468673
385,175,301,8.7625,0.00245372802071974
385,175,301,8.77,0.00206025910577012
385,175,301,8.7775,0.00281312159688542
385,175,301,8.785,0.00292750244859927
385,175,301,8.7925,0.00250187920707825
385,175,301,8.8,0.00299035054012743
385,175,301,8.8075,0.00242115345580276
385,175,301,8.815,0.00247060792588797
385,175,301,8.8225,0.00207125313203733
385,175,301,8.83,0.0021591584528632
385,175,301,8.8375,0.00221063314935359
385,175,301,8.845,0.00221169284695689
385,175,301,8.8525,0.00209772638774922
385,175,301,8.86,0.00325934256954658
385,175,301,8.8675,0.00292103627756064
385,175,301,8.875,0.00309321217409802
385,175,301,8.8825,0.00311323688257274
385,175,301,8.89,0.00282009012436983
385,175,301,8.8975,0.00281972261805317
385,175,301,8.905,0.003229636897115
385,175,301,8.9125,0.0025491365244258
385,175,301,8.92,0.00290002331520721
385,175,301,8.9275,0.00265776722155902
385,175,301,8.935,0.00202041847163452
385,175,301,8.9425,0.00211875821543712
385,175,301,8.95,0.00217688882831197
385,175,301,8.9575,0.00159560962978591
385,175,301,8.965,0.00129767336832127
385,175,301,8.9725,0.0019944701477036
385,175,301,8.98,0.00173850339987988
385,175,301,8.9875,0.0017608303194238
385,175,301,8.995,0.00205774932194985
385,175,301,9.0025,0.00233206338982401
385,175,301,9.01,0.0026212508308079
385,175,301,9.0175,0.00274954823549202
385,175,301,9.025,0.00257485873441623
385,175,301,9.0325,0.00244827961159809
385,175,301,9.04,0.00272489699012384
385,175,301,9.0475,0.00177694232599582
385,175,301,9.055,0.00242581733179263
385,175,301,9.0625,0.00206476810836741
385,175,301,9.07,0.00151685056327508
385,175,301,9.0775,0.00108407769978819
385,175,301,9.085,0.00119823386263917
385,175,301,9.0925,0.00145094483929546
385,175,301,9.1,0.00110963655286825
385,175,301,9.1075,0.00180821839634065
385,175,301,9.115,0.00181920130335188
385,175,301,9.1225,0.00257932867328832
385,175,301,9.13,0.00245025791121919
385,175,301,9.1375,0.00225635879743026
385,175,301,9.145,0.00238673404013025
385,175,301,9.1525,0.00223818842882693
385,175,301,9.16,0.0020813631726953
385,175,301,9.1675,0.00253710167872878
385,175,301,9.175,0.00193550116825823
385,175,301,9.1825,0.00187199036467171
385,175,301,9.19,0.00228690389894898
385,175,301,9.1975,0.002008154079144
385,175,301,9.205,0.00216132411863674
385,175,301,9.2125,0.00248643365047187
385,175,301,9.22,0.00214413967938912
385,175,301,9.2275,0.00204121058242578
385,175,301,9.235,0.00214550422978156
385,175,301,9.2425,0.00255595525876172
385,175,301,9.25,0.00266199279543214
385,175,301,9.2575,0.00222545151747039
385,175,301,9.265,0.0026345374901838
385,175,301,9.2725,0.00320737892019387
385,175,301,9.28,0.00274693177843864
385,175,301,9.2875,0.00260707727297747
385,175,301,9.295,0.00283019214097115
385,175,301,9.3025,0.00234995403881335
385,175,301,9.31,0.00235473569698171
385,175,301,9.3175,0.0020565909111895
385,175,301,9.325,0.00181002374851101
385,175,301,9.3325,0.00187997624418548
385,175,301,9.34,0.00173837081558536
385,175,301,9.3475,0.00204839602781231
385,175,301,9.355,0.00157745448596354
385,175,301,9.3625,0.00173481997862417
385,175,301,9.37,0.00172228243460498
385,175,301,9.3775,0.00181072108456826
385,175,301,9.385,0.00210046260083832
385,175,301,9.3925,0.00213476425224784
385,175,301,9.4,0.00234539830346707
385,175,301,9.4075,0.00246263107447227
385,175,301,9.415,0.00205191706201452
385,175,301,9.4225,0.00191594084282587
385,175,301,9.43,0.00188841506899265
385,175,301,9.4375,0.00106133670768425
385,175,301,9.445,0.00127484414355586
385,175,301,9.4525,0.00104337242089236
385,175,301,9.46,0.00113999164557989
385,175,301,9.4675,0.00144962483427226
385,175,301,9.475,0.0010048113632342
385,175,301,9.4825,0.00112492040719799
385,175,301,9.49,0.0016214788844211
385,175,301,9.4975,0.00163281976474967
385,175,301,9.505,0.00225335261273793
385,175,301,9.5125,0.00226528650578094
385,175,301,9.52,0.00185502613298373
385,175,301,9.5275,0.00190747768267211
385,175,301,9.535,0.00261484860607816
385,175,301,9.5425,0.00203004194524125
385,175,301,9.55,0.00247053277529491
385,175,301,9.5575,0.00186924657710158
385,175,301,9.565,0.00194578649992536
385,175,301,9.5725,0.00194280345096795
385,175,301,9.58,0.00172630756402352
385,175,301,9.5875,0.00207386554494382
385,175,301,9.595,0.00162191538237818
385,175,301,9.6025,0.00212325255420895
385,175,301,9.61,0.0021050587138269
385,175,301,9.6175,0.0017213859089746
385,175,301,9.625,0.00189154361817922
385,175,301,9.6325,0.00223251799030883
385,175,301,9.64,0.00240422224174822
385,175,301,9.6475,0.00279539734284739
385,175,301,9.655,0.00297240159975029
385,175,301,9.6625,0.00285774983624583
385,175,301,9.67,0.00230084685269919
385,175,301,9.6775,0.00240130275094591
385,175,301,9.685,0.00240941051140875
385,175,301,9.6925,0.00200605149235539
385,175,301,9.7,0.00171479703274569
385,175,301,9.7075,0.00159172494921658
385,175,301,9.715,0.00110535324715801
385,175,301,9.7225,0.00112665017435355
385,175,301,9.73,0.000851535017560519
385,175,301,9.7375,0.00139684007520517
385,175,301,9.745,0.00203961800071101
385,175,301,9.7525,0.00193231180078452
385,175,301,9.76,0.00255665746935141
385,175,301,9.7675,0.00239318716496771
385,175,301,9.775,0.00236227717035528
385,175,301,9.7825,0.00214926779016014
385,175,301,9.79,0.00196946922013807
385,175,301,9.7975,0.00193046671770508
385,175,301,9.805,0.00196602392169135
385,175,301,9.8125,0.00207353256776597
385,175,301,9.82,0.0017353134979736
385,175,301,9.8275,0.00144641148803137
385,175,301,9.835,0.00168100717424463
385,175,301,9.8425,0.00151053481127492
385,175,301,9.85,0.00180698462785364
385,175,301,9.8575,0.00200468198803056
385,175,301,9.865,0.00154157542339282
385,175,301,9.8725,0.00184884793670348
385,175,301,9.88,0.00201203891709646
385,175,301,9.8875,0.00219621302430102
385,175,301,9.895,0.00208294537862807
385,175,301,9.9025,0.00246504810379665
385,175,301,9.91,0.00238000950496475
385,175,301,9.9175,0.0023982950513959
385,175,301,9.925,0.00237986308759761
385,175,301,9.9325,0.00215481078547738
385,175,301,9.94,0.00166404577245134
385,175,301,9.9475,0.00143560959762994
385,175,301,9.955,0.00131919098342655
385,175,301,9.9625,0.00123930866566229
385,175,301,9.97,0.00143878434461269
385,175,301,9.9775,0.00212787401681734
385,175,301,9.985,0.00204951730210361
385,175,301,9.9925,0.00219014058947343
385,175,301,10,0.00256707363005339
385,175,301,10.0075,0.0028923987002322
385,175,301,10.015,0.00280594252759181
385,175,301,10.0225,0.00256926442186483
385,175,301,10.03,0.00346368247130764
385,175,301,10.0375,0.00304879762689772
385,175,301,10.045,0.00294767021553912
385,175,301,10.0525,0.00328657754341331
385,175,301,10.06,0.0030736246480702
385,175,301,10.0675,0.00292579751834653
385,175,301,10.075,0.00237233379425887
385,175,301,10.0825,0.00258288973624433
385,175,301,10.09,0.00212663420419094
385,175,301,10.0975,0.00202820089548478
385,175,301,10.105,0.00156224261859178
385,175,301,10.1125,0.00189310980867983
385,175,301,10.12,0.00160092839235833
385,175,301,10.1275,0.00167421231102405
385,175,301,10.135,0.00143521852003033
385,175,301,10.1425,0.00160235735260573
385,175,301,10.15,0.00218609880380573
385,175,301,10.1575,0.00191134136168763
385,175,301,10.165,0.00158402805549618
385,175,301,10.1725,0.00124680718839373
385,175,301,10.18,0.00119554018244825
385,175,301,10.1875,0.00141568645153736
385,175,301,10.195,0.0011825630022605
385,175,301,10.2025,0.00108080797329961
385,175,301,10.21,0.000850319945866297
385,175,301,10.2175,0.00109421021871475
385,175,301,10.225,0.000644968257832834
385,175,301,10.2325,0.00135723805850031
385,175,301,10.24,0.00146742265371284
385,175,301,10.2475,0.00137220775969288
385,175,301,10.255,0.00158900093709248
385,175,301,10.2625,0.0019507229038246
385,175,301,10.27,0.00176171163944434
385,175,301,10.2775,0.00229094635846561
385,175,301,10.285,0.00193754214535883
385,175,301,10.2925,0.0023420296931845
385,175,301,10.3,0.00208929390063175
385,175,301,10.3075,0.00190281290591645
385,175,301,10.315,0.00174960555424271
385,175,301,10.3225,0.0016434955973671
385,175,301,10.33,0.00128643931611961
385,175,301,10.3375,0.00125189525045496
385,175,301,10.345,0.00134400938867827
385,175,301,10.3525,0.00160044955834723
385,175,301,10.36,0.00165537751633456
385,175,301,10.3675,0.00146323961134066
385,175,301,10.375,0.00187193641585286
385,175,301,10.3825,0.00181582727695782
385,175,301,10.39,0.00144165032991544
385,175,301,10.3975,0.00200130330791513
385,175,301,10.405,0.00191877156975401
385,175,301,10.4125,0.0019413526331862
385,175,301,10.42,0.00175727557541822
385,175,301,10.4275,0.00217109477098606
385,175,301,10.435,0.000868354061307563
385,175,301,10.4425,0.0012039779367268
385,175,301,10.45,0.00104060357448707
385,175,301,10.4575,0.00103234884106963
385,175,301,10.465,0.000318610694385048
385,175,301,10.4725,0.000707760705143818
385,175,301,10.48,0.00124879065628952
385,175,301,10.4875,0.00104260751822863
385,175,301,10.495,0.00111874835538337
385,175,301,10.5025,0.00141994887181544
385,175,301,10.51,0.00125088980304562
385,175,301,10.5175,0.00106024811224043
385,175,301,10.525,0.00118801084359081
385,175,301,10.5325,0.00138837645701178
385,175,301,10.54,0.00209680052326585
385,175,301,10.5475,0.00130575442774204
385,175,301,10.555,0.00128670243268247
385,175,301,10.5625,0.00110041724799745
385,175,301,10.57,0.00170287228223459
385,175,301,10.5775,0.000820974842222204
385,175,301,10.585,0.0014881466283482
385,175,301,10.5925,0.00112009508042113
385,175,301,10.6,0.00144151183943408
385,175,301,10.6075,0.000736133211554421
385,175,301,10.615,0.00102556149017852
385,175,301,10.6225,0.000625521192351333
385,175,301,10.63,0.000853219458345483
385,175,301,10.6375,0.000507555507673303
385,175,301,10.645,0.000561682563780938
385,175,301,10.6525,0.000510031224005755
385,175,301,10.66,0.000814838579618641
385,175,301,10.6675,0.000865317944657469
385,175,301,10.675,0.000911923064068988
385,175,301,10.6825,0.00106909375227562
385,175,301,10.69,0.0011433352723065
385,175,301,10.6975,0.00119479709138314
385,175,301,10.705,0.00102031619616402
385,175,301,10.7125,0.000502657499700612
385,175,301,10.72,0.000835061129787374
385,175,301,10.7275,0.00132540303586757
385,175,301,10.735,0.00124071330822438
385,175,301,10.7425,0.00188883052589921
385,175,301,10.75,0.00140364062593827
385,175,301,10.7575,0.00147006550446257
385,175,301,10.765,0.00113082131807903
385,175,301,10.7725,0.00147044768581826
385,175,301,10.78,0.00143780801398297
385,175,301,10.7875,0.00188702851315539
385,175,301,10.795,0.0019640641095063
385,175,301,10.8025,0.00220136628172537
385,175,301,10.81,0.00165877281542329
385,175,301,10.8175,0.00174685945142017
385,175,301,10.825,0.00204361830075743
385,175,301,10.8325,0.00126172336148342
385,175,301,10.84,0.00114242611395641
385,175,301,10.8475,0.00108517779723191
385,175,301,10.855,0.00132281149630543
385,175,301,10.8625,0.000732066189795514
385,175,301,10.87,0.00102989369464235
385,175,301,10.8775,0.000853526036166185
385,175,301,10.885,0.000802758619967379
385,175,301,10.8925,0.000555824532866595
385,175,301,10.9,0.00127122711322286
385,175,301,10.9075,0.000748116078343535
385,175,301,10.915,0.00111459255774321
385,175,301,10.9225,0.000832357192066179
385,175,301,10.93,0.000791258629248169
385,175,301,10.9375,0.000547599796547453
385,175,301,10.945,0.000558067973938966
385,175,301,10.9525,0.000588851865586667
385,175,301,10.96,0.000543466353329917
385,175,301,10.9675,0.000550384669069411
385,175,301,10.975,0.000636868187008429
385,175,301,10.9825,0.000791284582127917
385,175,301,10.99,0.000814579340386827
385,175,301,10.9975,0.00135164565601543
385,175,301,11.005,0.00104507431596265
385,175,301,11.0125,0.00140110670531169
385,175,301,11.02,0.00113025451821884
385,175,301,11.0275,0.00167373773105966
385,175,301,11.035,0.00133033898520271
385,175,301,11.0425,0.00167772500957344
385,175,301,11.05,0.00153338292835089
385,175,301,11.0575,0.00170285972341919
385,175,301,11.065,0.00148211647346428
385,175,301,11.0725,0.00116706279870224
385,175,301,11.08,0.000777274613760872
385,175,301,11.0875,0.00156204486314265
385,175,301,11.095,0.00127767877930637
385,175,301,11.1025,0.000860185213118348
385,175,301,11.11,0.00141210803096212
385,175,301,11.1175,0.00118288203064857
385,175,301,11.125,0.00137116752452705
385,175,301,11.1325,0.000973410605476061
385,175,301,11.14,0.00094074989311391
385,175,301,11.1475,0.00109146196169552
385,175,301,11.155,0.00155224267467542
385,175,301,11.1625,0.00127832521497049
385,175,301,11.17,0.00111042314924603
385,175,301,11.1775,0.00092953005908543
385,175,301,11.185,0.000742508461016852
385,175,301,11.1925,0.00101494607763508
385,175,301,11.2,0.00111916695962141
385,175,301,11.2075,0.00122398056966269
385,175,301,11.215,0.000983758902364835
385,175,301,11.2225,0.00111346924172495
385,175,301,11.23,0.00105843931089284
385,175,301,11.2375,0.000860568252771419
385,175,301,11.245,0.00131307549132307
385,175,301,11.2525,0.00119926218223085
385,175,301,11.26,0.00116334609912983
385,175,301,11.2675,0.00148758918265352
385,175,301,11.275,0.00180368275523905
385,175,301,11.2825,0.0020286696795783
385,175,301,11.29,0.00186686726114935
385,175,301,11.2975,0.00138890556065148
385,175,301,11.305,0.00172538137423451
385,175,301,11.3125,0.00140981669156346
385,175,301,11.32,0.0014415450486233
385,175,301,11.3275,0.0010269256820301
385,175,301,11.335,0.00149891777939187
385,175,301,11.3425,0.000855114159718727
385,175,301,11.35,0.00107188120865334
385,175,301,11.3575,0.000730603644654532
385,175,301,11.365,0.000359544034208205
385,175,301,11.3725,0.000164109750774998
385,175,301,11.38,0.000493781597770317
385,175,301,11.3875,0.000864755549279118
385,175,301,11.395,0.000921864636630989
385,175,301,11.4025,0.000857864333253502
385,175,301,11.41,0.00104507235320283
385,175,301,11.4175,0.00134013148523885
385,175,301,11.425,0.00104637792842506
385,175,301,11.4325,0.00150476410466071
385,175,301,11.44,0.00112514132049206
385,175,301,11.4475,0.00138684040875073
385,175,301,11.455,0.00141151042858062
385,175,301,11.4625,0.0017207662472432
385,175,301,11.47,0.00164150792199265
385,175,301,11.4775,0.00215685482885742
385,175,301,11.485,0.00124773962691859
385,175,301,11.4925,0.00153990813444745
385,175,301,11.5,0.00112349591160409
385,175,301,11.5075,0.00148804802743711
385,175,301,11.515,0.0017662996210066
385,175,301,11.5225,0.00142632643598382
385,175,301,11.53,0.00168787613844219
385,175,301,11.5375,0.00220176000977634
385,175,301,11.545,0.00161586588383972
385,175,301,11.5525,0.0022652697454885
385,175,301,11.56,0.00210399011604182
385,175,301,11.5675,0.00162605578216857
385,175,301,11.575,0.00151976596995118
385,175,301,11.5825,0.00175655369865883
385,175,301,11.59,0.00174463164121707
385,175,301,11.5975,0.000966919910411701
385,175,301,11.605,0.00142411368147713
385,175,301,11.6125,0.00128038991276286
385,175,301,11.62,0.000741302563392951
385,175,301,11.6275,0.000634923903617415
385,175,301,11.635,0.000727289754168091
385,175,301,11.6425,0.000536727275486124
385,175,301,11.65,0.00138843245950971
385,175,301,11.6575,0.000269296192672256
385,175,301,11.665,0.00097535568772526
385,175,301,11.6725,0.0010740835688677
385,175,301,11.68,0.00102232743702959
385,175,301,11.6875,0.00120282102634442
385,175,301,11.695,0.00104187754244262
385,175,301,11.7025,0.000661117876374279
385,175,301,11.71,0.000569662740761651
385,175,301,11.7175,0.00111792512301455
385,175,301,11.725,0.000894048972951119
385,175,301,11.7325,0.000776855301086133
385,175,301,11.74,0.00138836811812392
385,175,301,11.7475,0.00142350611005127
385,175,301,11.755,0.000995611213727922
385,175,301,11.7625,0.0014770328698603
385,175,301,11.77,0.00155754947720641
385,175,301,11.7775,0.00171751173144157
385,175,301,11.785,0.00192865203163918
385,175,301,11.7925,0.00178666745774168
385,175,301,11.8,0.0018423989674009
385,175,301,11.8075,0.0019488897191723
385,175,301,11.815,0.00184050246148751
385,175,301,11.8225,0.00188130151267506
385,175,301,11.83,0.00188698196366705
385,175,301,11.8375,0.00157031730796689
385,175,301,11.845,0.00143489706292738
385,175,301,11.8525,0.00111437258453911
385,175,301,11.86,0.00111170382153578
385,175,301,11.8675,0.000585233740703523
385,175,301,11.875,0.000954428451727781
385,175,301,11.8825,0.000870375068755307
385,175,301,11.89,0.000778823187726743
385,175,301,11.8975,0.00172701268140282
385,175,301,11.905,0.000945920599766998
385,175,301,11.9125,0.00123222358224049
385,175,301,11.92,0.00134859354679929
385,175,301,11.9275,0.00182565475147347
385,175,301,11.935,0.00136748171117448
385,175,301,11.9425,0.00156559424195798
385,175,301,11.95,0.00170848335138797
385,175,301,11.9575,0.0013964172327801
385,175,301,11.965,0.00130988815054243
385,175,301,11.9725,0.00073094389880786
385,175,301,11.98,0.0011268428920145
385,175,301,11.9875,0.00102213675630118
385,175,301,11.995,0.00102639325931913
385,175,301,12.0025,0.00138878374984339
385,175,301,12.01,0.00116971518150614
385,175,301,12.0175,0.001302121957408
385,175,301,12.025,0.00120171064467736
385,175,301,12.0325,0.000808759296085947
385,175,301,12.04,0.00146508844397435
385,175,301,12.0475,0.000932428117692517
385,175,301,12.055,0.00115425594719604
385,175,301,12.0625,0.00114883702357892
385,175,301,12.07,0.00111976188999314
385,175,301,12.0775,0.00113973492446066
385,175,301,12.085,0.000889218553250886
385,175,301,12.0925,0.000580030507326707
385,175,301,12.1,0.000389094291102511
385,175,301,12.1075,0.000207907356250742
385,175,301,12.115,0.00015969227267905
385,175,301,12.1225,0.000603421178454074
385,175,301,12.13,0.000894385519463928
385,175,301,12.1375,0.000935567683102179
385,175,301,12.145,0.000922241258910524
385,175,301,12.1525,0.0010023072397131
385,175,301,12.16,0.00170784379761
385,175,301,12.1675,0.00118072725719481
385,175,301,12.175,0.00125800907267293
385,175,301,12.1825,0.00182212555748816
385,175,301,12.19,0.00191089233401252
385,175,301,12.1975,0.00175691154437308
385,175,301,12.205,0.00159980310849627
385,175,301,12.2125,0.0020146549691014
385,175,301,12.22,0.00168337604787813
385,175,301,12.2275,0.0013797411101986
385,175,301,12.235,0.00152162500510303
385,175,301,12.2425,0.00116354210973038
385,175,301,12.25,0.00144961688751798
385,175,301,12.2575,0.000972808046501131
385,175,301,12.265,0.00127875252799064
385,175,301,12.2725,0.00165215414299797
385,175,301,12.28,0.00107511999786305
385,175,301,12.2875,0.00171252717257882
385,175,301,12.295,0.0014659358387339
385,175,301,12.3025,0.00142139132806303
385,175,301,12.31,0.0015133584858678
385,175,301,12.3175,0.00155186274215526
385,175,301,12.325,0.00162036096957529
385,175,301,12.3325,0.00120082664055365
385,175,301,12.34,0.00106268047527142
385,175,301,12.3475,0.00086530277124976
385,175,301,12.355,0.00124800616722182
385,175,301,12.3625,0.000985988023930426
385,175,301,12.37,0.000553043967241132
385,175,301,12.3775,0.000244191163659527
385,175,301,12.385,0.000818476101760781
385,175,301,12.3925,0.000630759247778636
385,175,301,12.4,0.00128613445270005
385,175,301,12.4075,0.00106998965048736
385,175,301,12.415,0.00105998851600469
385,175,301,12.4225,0.00103126728052806
385,175,301,12.43,0.00119813295516624
385,175,301,12.4375,0.00125435853198175
385,175,301,12.445,0.001089524395598
385,175,301,12.4525,0.00134446215239098
385,175,301,12.46,0.00102779710513334
385,175,301,12.4675,0.00127986542764138
385,175,301,12.475,0.00122807292641571
385,175,301,12.4825,0.000655287664895205
385,175,301,12.49,0.000500200873711417
385,175,301,12.4975,0.00115267439708812
385,175,301,12.505,0.000520985030518272
385,175,301,12.5125,0.000782993972355948
385,175,301,12.52,0.00140555355996943
385,175,301,12.5275,0.000734981587155309
385,175,301,12.535,0.00127340346091544
385,175,301,12.5425,0.00108988980159762
385,175,301,12.55,0.00134081605825654
385,175,301,12.5575,0.00104081284343834
385,175,301,12.565,0.00169629156705118
385,175,301,12.5725,0.00117973532205755
385,175,301,12.58,0.000827038091603198
385,175,301,12.5875,0.00053360153765958
385,175,301,12.595,0.00074357755800198
385,175,301,12.6025,0.000402301287614167
385,175,301,12.61,0.00049191345863985
385,175,301,12.6175,0.000810084958167308
385,175,301,12.625,0.000364014814564977
385,175,301,12.6325,0.00043921047306554
385,175,301,12.64,0.00104181642973193
385,175,301,12.6475,0.00071457481059731
385,175,301,12.655,0.000638400687721474
385,175,301,12.6625,0.00158604454140743
385,175,301,12.67,0.0013973411504408
385,175,301,12.6775,0.00152138429682421
385,175,301,12.685,0.0019059293993283
385,175,301,12.6925,0.00143550223529488
385,175,301,12.7,0.00122235965734925
385,175,301,12.7075,0.00184536677196852
385,175,301,12.715,0.00103446315541352
385,175,301,12.7225,0.000474778321687383
385,175,301,12.73,0.00105820809094788
385,175,301,12.7375,0.00112692840406434
385,175,301,12.745,0.000658344232539662
385,175,301,12.7525,0.000564290471650796
385,175,301,12.76,0.000943779952999169
385,175,301,12.7675,0.0006052370763191
385,175,301,12.775,0.000763902089045869
385,175,301,12.7825,0.00101057310625808
385,175,301,12.79,0.000834796660544884
385,175,301,12.7975,0.000836863433608871
385,175,301,12.805,0.000688126018389301
385,175,301,12.8125,0.000546922059110426
385,175,301,12.82,0.000421077665637327
385,175,301,12.8275,0.000525556506831721
385,175,301,12.835,0.000647160455329915
385,175,301,12.8425,0.000696692018461599
385,175,301,12.85,0.000249419703863538
385,175,301,12.8575,0.000410050574672136
385,175,301,12.865,0.000539090137777453
385,175,301,12.8725,0.000421692177318224
385,175,301,12.88,0.000832032520627441
385,175,301,12.8875,0.00070236297990809
385,175,301,12.895,0.000719091768197995
385,175,301,12.9025,0.000314564751329017
385,175,301,12.91,0.00105750918019776
385,175,301,12.9175,0.00142042102225312
385,175,301,12.925,0.00103212413799426
385,175,301,12.9325,0.00110622306521504
385,175,301,12.94,0.000932248007272994
385,175,301,12.9475,0.0012131502919395
385,175,301,12.955,0.000982637406329374
385,175,301,12.9625,0.000945453989292393
385,175,301,12.97,0.00105541759467338
385,175,301,12.9775,0.00136453036423952
385,175,301,12.985,0.000602690901868214
385,175,301,12.9925,0.000894616461792693
385,175,301,13,0.00110010144303586
385,175,301,13.0075,0.00100449286919285
385,175,301,13.015,0.000687725485967544
385,175,301,13.0225,0.000643742561392721
385,175,301,13.03,0.000544363616973889
385,175,301,13.0375,0.000681059406812361
385,175,301,13.045,0.000949528745909224
385,175,301,13.0525,0.000642245949589338
385,175,301,13.06,0.000518621324279832
385,175,301,13.0675,0.000867664031756963
385,175,301,13.075,0.000852009995214893
385,175,301,13.0825,0.000790137695870118
385,175,301,13.09,0.00118845572358298
385,175,301,13.0975,0.000649328882803883
385,175,301,13.105,0.000496229095126972
385,175,301,13.1125,0.000644382765240799
385,175,301,13.12,0.000443076615156423
385,175,301,13.1275,0.000606819747318519
385,175,301,13.135,0.000476905893752041
385,175,301,13.1425,0.000916863959191649
385,175,301,13.15,0.000712193795198456
385,175,301,13.1575,0.00107328897615764
385,175,301,13.165,0.00119604169029545
385,175,301,13.1725,0.000980786161664594
385,175,301,13.18,0.0010812140243232
385,175,301,13.1875,0.00131458146704013
385,175,301,13.195,0.00105480688184143
385,175,301,13.2025,0.0008019521505776
385,175,301,13.21,0.00148529107352274
385,175,301,13.2175,0.000954787531273035
385,175,301,13.225,0.000639704606463732
385,175,301,13.2325,0.000419574736484702
385,175,301,13.24,0.000155544672985846
385,175,301,13.2475,0.00020339825778473
385,175,301,13.255,0.000164055844383724
385,175,301,13.2625,0.000730819810219316
385,175,301,13.27,0.000751985425085257
385,175,301,13.2775,0.000576545898087836
385,175,301,13.285,0.00116433162613174
385,175,301,13.2925,0.00046163653405816
385,175,301,13.3,0.00102894398463255
385,175,301,13.3075,0.00088392181671421
385,175,301,13.315,0.000916716535632963
385,175,301,13.3225,0.00105730149263285
385,175,301,13.33,0.00101345318214502
385,175,301,13.3375,0.000636319383932865
385,175,301,13.345,0.000898474123692821
385,175,301,13.3525,0.00109719359637788
385,175,301,13.36,0.000791961785690405
385,175,301,13.3675,0.00105788207329707
385,175,301,13.375,0.00115242124303572
385,175,301,13.3825,0.00113351855088487
385,175,301,13.39,0.000864649711807558
385,175,301,13.3975,0.00114696955582558
385,175,301,13.405,0.00100490083173218
385,175,301,13.4125,0.00137632288605428
385,175,301,13.42,0.00160448585657156
385,175,301,13.4275,0.00182171980428698
385,175,301,13.435,0.00156164968206047
385,175,301,13.4425,0.00138374663361349
385,175,301,13.45,0.00141455299723082
385,175,301,13.4575,0.00187288092345285
385,175,301,13.465,0.00147750417301354
385,175,301,13.4725,0.001242928966501
385,175,301,13.48,0.00122880059185997
385,175,301,13.4875,0.00123227365158645
385,175,301,13.495,0.000897026162956664
385,175,301,13.5025,0.0010812339818709
385,175,301,13.51,0.000199417559772696
385,175,301,13.5175,0.000334367113043393
385,175,301,13.525,0.000352513302978447
385,175,301,13.5325,0.000760227915425825
385,175,301,13.54,0.000534971749781493
385,175,301,13.5475,0.000657490663327166
385,175,301,13.555,0.000724963961136947
385,175,301,13.5625,0.000391953881940636
385,175,301,13.57,0.00067583030039252
385,175,301,13.5775,0.000550790107523058
385,175,301,13.585,0.000319228667579294
385,175,301,13.5925,0.000477352879494135
385,175,301,13.6,0.000695228405274061
385,175,301,13.6075,0.00030180730279006
385,175,301,13.615,0.000328459592772092
385,175,301,13.6225,0.000985760352875661
385,175,301,13.63,0.000651604374893983
385,175,301,13.6375,0.00110779869229697
385,175,301,13.645,0.00112398172260359
385,175,301,13.6525,0.00156340068321312
385,175,301,13.66,0.0018866820985309
385,175,301,13.6675,0.00143298301757946
385,175,301,13.675,0.00182264442813616
385,175,301,13.6825,0.00191491026862495
385,175,301,13.69,0.00162161478109249
385,175,301,13.6975,0.00174948688177268
385,175,301,13.705,0.00158899986576577
385,175,301,13.7125,0.0013658724319972
385,175,301,13.72,0.00176173677461955
385,175,301,13.7275,0.00151217148174372
385,175,301,13.735,0.000982245537813616
385,175,301,13.7425,0.000894148439134485
385,175,301,13.75,0.000995990530141736
385,175,301,13.7575,0.00112680532779838
385,175,301,13.765,0.00064310607280122
385,175,301,13.7725,0.000530056944720335
385,175,301,13.78,0.000403730009698923
385,175,301,13.7875,0.000313394335076979
385,175,301,13.795,0.000913452785951767
385,175,301,13.8025,0.000959219555983636
385,175,301,13.81,0.00118085069802821
385,175,301,13.8175,0.000950919704298094
385,175,301,13.825,0.000865006821443761
385,175,301,13.8325,0.000717737989694716
385,175,301,13.84,0.00062368951422124
385,175,301,13.8475,0.000752416259510295
385,175,301,13.855,0.000945222485390622
385,175,301,13.8625,0.00134095736731999
385,175,301,13.87,0.000864610020971555
385,175,301,13.8775,0.000818635121652601
385,175,301,13.885,0.000769630348262049
385,175,301,13.8925,0.00113982898759461
385,175,301,13.9,0.00161590054455088
385,175,301,13.9075,0.0011979553824085
385,175,301,13.915,0.00156678989776349
385,175,301,13.9225,0.0013455503248557
385,175,301,13.93,0.00152780658186567
385,175,301,13.9375,0.00135004127555731
385,175,301,13.945,0.000935034155752138
385,175,301,13.9525,0.00153214255432566
385,175,301,13.96,0.00158078036084963
385,175,301,13.9675,0.000998665874559382
385,175,301,13.975,0.000837909788932615
385,175,301,13.9825,0.00104051272594227
385,175,301,13.99,0.000787788761325036
385,175,301,13.9975,0.000714881966072773
385,175,301,14.005,0.000663558646707786
385,175,301,14.0125,0.00105706675883782
385,175,301,14.02,0.000456923892624585
385,175,301,14.0275,0.000455843836091829
385,175,301,14.035,0.000923037424288692
385,175,301,14.0425,0.000570616788618045
385,175,301,14.05,0.000434409886788379
385,175,301,14.0575,0.000907284369630162
385,175,301,14.065,0.000731603225196863
385,175,301,14.0725,0.000549886070991754
385,175,301,14.08,0.000858284526618096
385,175,301,14.0875,0.000669297186236259
385,175,301,14.095,0.000807555990896635
385,175,301,14.1025,0.00110181324079893
385,175,301,14.11,0.00120416740091427
385,175,301,14.1175,0.000665670462569665
385,175,301,14.125,0.000894388584692124
385,175,301,14.1325,0.00109621028669741
385,175,301,14.14,0.000997744443629933
385,175,301,14.1475,0.000685404988032497
385,175,301,14.155,0.00137761655209048
385,175,301,14.1625,0.00116830865595503
385,175,301,14.17,0.000804361258613931
385,175,301,14.1775,0.000915079349032219
385,175,301,14.185,0.00112504498059656
385,175,301,14.1925,0.00121254850287988
385,175,301,14.2,0.00162177027327681
385,175,301,14.2075,0.00122408208773364
385,175,301,14.215,0.00101992688346677
385,175,301,14.2225,0.00101529021765436
385,175,301,14.23,0.00124297154214287
385,175,301,14.2375,0.00134519347463142
385,175,301,14.245,0.000945731622160389
385,175,301,14.2525,0.000744991192787144
385,175,301,14.26,0.000460576772129388
385,175,301,14.2675,0.000181175073491024
385,175,301,14.275,0.000571551015911754
385,175,301,14.2825,0.000394163832104114
385,175,301,14.29,0.00044187562815614
385,175,301,14.2975,0.000522466520253946
385,175,301,14.305,0.000244981821844424
385,175,301,14.3125,0.000287905060847911
385,175,301,14.32,0.000615188337878849
385,175,301,14.3275,0.000126460210929058
385,175,301,14.335,0.000717532335214484
385,175,301,14.3425,0.000268697178337194
385,175,301,14.35,0.000598379802989429
385,175,301,14.3575,0.00074164071152952
385,175,301,14.365,0.00034947807964441
385,175,301,14.3725,0.000536982322597825
385,175,301,14.38,0.000655825577998905
385,175,301,14.3875,0.000253145164907097
385,175,301,14.395,0.000392632087382341
385,175,301,14.4025,0.000651126685262205
385,175,301,14.41,0.000638883017472569
385,175,301,14.4175,0.000712374354767787
385,175,301,14.425,0.00079789112174943
385,175,301,14.4325,0.000766306313591526
385,175,301,14.44,0.000880347582752511
385,175,301,14.4475,0.000716543326388976
385,175,301,14.455,0.00150431739962195
385,175,301,14.4625,0.000891057016100021
385,175,301,14.47,0.000743715255721426
385,175,301,14.4775,0.00117362032999735
385,175,301,14.485,0.000783157506640474
385,175,301,14.4925,0.000476843906543189
385,175,301,14.5,0.000857835294274562
385,175,301,14.5075,0.000551861487924079
385,175,301,14.515,0.000504354508008681
385,175,301,14.5225,0.000641284595933694
385,175,301,14.53,0.000521531321980385
385,175,301,14.5375,0.0004735393659261
385,175,301,14.545,0.000356998159629397
385,175,301,14.5525,0.000943084612058892
385,175,301,14.56,0.000648461321552231
385,175,301,14.5675,0.000727362985143734
385,175,301,14.575,0.00102082669873834
385,175,301,14.5825,0.000939398490722253
385,175,301,14.59,0.000685537872223196
385,175,301,14.5975,0.000841255517226943
385,175,301,14.605,0.000708848352859213
385,175,301,14.6125,0.000567831383110284
385,175,301,14.62,0.00040912969000953
385,175,301,14.6275,0.000847357380369249
385,175,301,14.635,0.000510689090588402
385,175,301,14.6425,0.000496516814840014
385,175,301,14.65,0.000518716458159019
385,175,301,14.6575,0.000783488960875956
385,175,301,14.665,0.000997094469118609
385,175,301,14.6725,0.000756559117258314
385,175,301,14.68,0.00094430966093894
385,175,301,14.6875,0.000609793729850884
385,175,301,14.695,0.000522246843025526
385,175,301,14.7025,0.000308476418911079
385,175,301,14.71,0.00102423753920745
385,175,301,14.7175,0.00075883017579899
385,175,301,14.725,0.000576668485427273
385,175,301,14.7325,0.000849033363752647
385,175,301,14.74,0.000206684563530281
385,175,301,14.7475,0.000617224258462601
385,175,301,14.755,0.000151186374718228
385,175,301,14.7625,0.000226889492078073
385,175,301,14.77,0.000434806356859522
385,175,301,14.7775,0.000107229801416872
385,175,301,14.785,0.000474457043756061
385,175,301,14.7925,0.000265712616105205
385,175,301,14.8,0.000611541096759444
385,175,301,14.8075,0.000458033798222834
385,175,301,14.815,0.000391349107453611
385,175,301,14.8225,0.000602442407235592
385,175,301,14.83,0.000482653066470142
385,175,301,14.8375,0.000255724464379667
385,175,301,14.845,0.000286825468361644
385,175,301,14.8525,0.000594338205524708
385,175,301,14.86,0.000359250205765006
385,175,301,14.8675,0.000504825273394845
385,175,301,14.875,0.000795211556768885
385,175,301,14.8825,0.000270365618137851
385,175,301,14.89,0.00106919945286897
385,175,301,14.8975,0.000643229889520896
385,175,301,14.905,0.000670549183395515
385,175,301,14.9125,0.000637698965075345
385,175,301,14.92,0.000819673101118283
385,175,301,14.9275,0.000765679775009614
385,175,301,14.935,0.00111781646005916
385,175,301,14.9425,0.00107319063212441
385,175,301,14.95,0.000778325616573968
385,175,301,14.9575,0.000983696198930128
385,175,301,14.965,0.00138335727261384
385,175,301,14.9725,0.000972377430036237
385,175,301,14.98,0.0014193022497167
385,175,301,14.9875,0.000596899680419492
385,175,301,14.995,0.000576716170717042
385,175,301,15.0025,0.000758830838016806
385,175,301,15.01,0.000571137390574917
385,175,301,15.0175,0.000256011325332552
385,175,301,15.025,0.000115059113587301
385,175,301,15.0325,0.000224519148530482
385,175,301,15.04,0.000435561360052985
385,175,301,15.0475,6.05776212299586e-05
385,175,301,15.055,0.000404860352910352
385,175,301,15.0625,0.000456061915973447
385,175,301,15.07,0.000586985413746472
385,175,301,15.0775,0.000440658442242092
385,175,301,15.085,0.000659089317090458
385,175,301,15.0925,0.000284618486386886
385,175,301,15.1,0.000799109740219221
385,175,301,15.1075,0.000720811077659425
385,175,301,15.115,0.000475508876730977
385,175,301,15.1225,0.000542700570141386
385,175,301,15.13,0.000849119698272002
385,175,301,15.1375,0.000760411083096025
385,175,301,15.145,0.000863281964173767
385,175,301,15.1525,0.000378784879507318
385,175,301,15.16,0.000210371113420648
385,175,301,15.1675,0.000217011623083078
385,175,301,15.175,0.000381552224488847
385,175,301,15.1825,9.37286741069819e-06
385,175,301,15.19,0.000593429457924913
385,175,301,15.1975,0.000699176387980785
385,175,301,15.205,0.000850369522173515
385,175,301,15.2125,0.000943226704910561
385,175,301,15.22,0.000548003964130663
385,175,301,15.2275,0.000697532220264284
385,175,301,15.235,0.000512958322144348
385,175,301,15.2425,0.000297226886128457
385,175,301,15.25,0.000199147099068739
385,175,301,15.2575,0.000253638325257532
385,175,301,15.265,0.000331471377483211
385,175,301,15.2725,0.000135503748027953
385,175,301,15.28,0.000311298796198958
385,175,301,15.2875,0.00061902226935016
385,175,301,15.295,0.000546768541585012
385,175,301,15.3025,0.000610375092272212
385,175,301,15.31,0.000318770099960734
385,175,301,15.3175,0.000951990540522239
385,175,301,15.325,0.000916384385295057
385,175,301,15.3325,0.000605645457262429
385,175,301,15.34,0.000720472510070796
385,175,301,15.3475,0.000641698753378264
385,175,301,15.355,0.000945906319370515
385,175,301,15.3625,0.00120359567489043
385,175,301,15.37,0.000830908738211875
385,175,301,15.3775,0.000759914944201404
385,175,301,15.385,0.000812249574559907
385,175,301,15.3925,0.000296397995028022
385,175,301,15.4,0.000546782280160611
385,175,301,15.4075,0.000464084892437371
385,175,301,15.415,0.000133302532558238
385,175,301,15.4225,0.000203723288206189
385,175,301,15.43,0.000356537891248232
385,175,301,15.4375,0.00018076759713863
385,175,301,15.445,0.000189907143995298
385,175,301,15.4525,0.000110649069540979
385,175,301,15.46,0.000417225071186991
385,175,301,15.4675,0.00090497353053827
385,175,301,15.475,0.00069834643435339
385,175,301,15.4825,0.000364987115478163
385,175,301,15.49,0.000320225769517214
385,175,301,15.4975,0.000419133707912616
385,175,301,15.505,0.000367072247752595
385,175,301,15.5125,0.000290102965264728
385,175,301,15.52,0.000349742228279695
385,175,301,15.5275,0.000192275131507979
385,175,301,15.535,0.000137740039281174
385,175,301,15.5425,0.00034209099777778
385,175,301,15.55,0.000679349095918699
385,175,301,15.5575,0.000378225895896675
385,175,301,15.565,0.000582576810478889
385,175,301,15.5725,0.000509969260971342
385,175,301,15.58,0.000794295538398029
385,175,301,15.5875,0.000333777766358344
385,175,301,15.595,0.000760242848755494
385,175,301,15.6025,0.000498581005928022
385,175,301,15.61,0.000335321221786638
385,175,301,15.6175,0.000100633573081762
385,175,301,15.625,0.000494280605746277
385,175,301,15.6325,0.000159883117126507
385,175,301,15.64,0.00038851542805142
385,175,301,15.6475,0.000357900885773286
385,175,301,15.655,0.000610735959838511
385,175,301,15.6625,0.000408505588234268
385,175,301,15.67,0.000221607622055539
385,175,301,15.6775,0.000513716618601416
385,175,301,15.685,0.000553913371507705
385,175,301,15.6925,0.000782576268784845
385,175,301,15.7,0.000412758441593651
385,175,301,15.7075,0.00105743655479247
385,175,301,15.715,0.000758721320444957
385,175,301,15.7225,0.000470506893048469
385,175,301,15.73,0.000539626357090066
385,175,301,15.7375,0.000893339488694004
385,175,301,15.745,0.000541660568017985
385,175,301,15.7525,0.000759764531993854
385,175,301,15.76,0.000533287831252145
385,175,301,15.7675,0.00111213489116699
385,175,301,15.775,0.000608683770886443
385,175,301,15.7825,0.000609193287921446
385,175,301,15.79,0.000368518792318245
385,175,301,15.7975,0.000672031539311054
385,175,301,15.805,0.000465278272381714
385,175,301,15.8125,0.000201766630066923
385,175,301,15.82,0.000270689610815975
385,175,301,15.8275,0.000766766030867673
385,175,301,15.835,0.000757789144875103
385,175,301,15.8425,0.00103836050073509
385,175,301,15.85,0.00077703537427657
385,175,301,15.8575,0.000371472399228514
385,175,301,15.865,0.000221632484177125
385,175,301,15.8725,0.000638766079469617
385,175,301,15.88,0.00061005521206412
385,175,301,15.8875,0.000806872001395617
385,175,301,15.895,0.000255330847162825
385,175,301,15.9025,0.000554106032297477
385,175,301,15.91,0.000414680305560293
385,175,301,15.9175,0.000190541052873453
385,175,301,15.925,0.000337014588674093
385,175,301,15.9325,0.000456281588617635
385,175,301,15.94,0.000351249469245662
385,175,301,15.9475,0.000614438920575329
385,175,301,15.955,0.000428437562653463
385,175,301,15.9625,0.000510605056816105
385,175,301,15.97,0.000291744818761578
385,175,301,15.9775,0.000458314071395609
385,175,301,15.985,0.000533356795697591
385,175,301,15.9925,0.000284499243578405
385,175,301,16,0.00020817282259313
385,175,300,4,0.00736506869103049
385,175,300,4.0075,0.00699540836364266
385,175,300,4.015,0.00667465051116958
385,175,300,4.0225,0.00598968377975201
385,175,300,4.03,0.00544181734963222
385,175,300,4.0375,0.00500800531585735
385,175,300,4.045,0.00412837264903037
385,175,300,4.0525,0.00395201546891152
385,175,300,4.06,0.00451582576665343
385,175,300,4.0675,0.00419003392673576
385,175,300,4.075,0.0050456437809845
385,175,300,4.0825,0.00484982002903053
385,175,300,4.09,0.00431935115327322
385,175,300,4.0975,0.0044821616779413
385,175,300,4.105,0.00355168193695377
385,175,300,4.1125,0.00425539793851782
385,175,300,4.12,0.00404184037275905
385,175,300,4.1275,0.00414340295638707
385,175,300,4.135,0.00481134450556828
385,175,300,4.1425,0.00372271755571065
385,175,300,4.15,0.00385145386733912
385,175,300,4.1575,0.00347779966229299
385,175,300,4.165,0.00296103043750712
385,175,300,4.1725,0.002984408333702
385,175,300,4.18,0.00243138754638512
385,175,300,4.1875,0.00241314809093568
385,175,300,4.195,0.00310537687281935
385,175,300,4.2025,0.00326128804419939
385,175,300,4.21,0.00346704594941214
385,175,300,4.2175,0.00396291914414119
385,175,300,4.225,0.00423271966788394
385,175,300,4.2325,0.00392700491198133
385,175,300,4.24,0.00382433196365668
385,175,300,4.2475,0.0045726004520103
385,175,300,4.255,0.00358267188018829
385,175,300,4.2625,0.00353206800059523
385,175,300,4.27,0.0032004225112058
385,175,300,4.2775,0.00338214248217798
385,175,300,4.285,0.00319487494829698
385,175,300,4.2925,0.00335463358260785
385,175,300,4.3,0.00338562278231054
385,175,300,4.3075,0.00278265617336704
385,175,300,4.315,0.00304580931069627
385,175,300,4.3225,0.00296141670417978
385,175,300,4.33,0.00338357805295951
385,175,300,4.3375,0.00354453592076203
385,175,300,4.345,0.00303664333604327
385,175,300,4.3525,0.00291870642236876
385,175,300,4.36,0.0029854070732297
385,175,300,4.3675,0.00279847166324124
385,175,300,4.375,0.00259283378336748
385,175,300,4.3825,0.0028673251253589
385,175,300,4.39,0.00299692288952795
385,175,300,4.3975,0.00285802093424221
385,175,300,4.405,0.00289357737824523
385,175,300,4.4125,0.00256925279746374
385,175,300,4.42,0.00257001281780538
385,175,300,4.4275,0.00220693160924622
385,175,300,4.435,0.0029530670044816
385,175,300,4.4425,0.00223002493525057
385,175,300,4.45,0.00248142010560213
385,175,300,4.4575,0.00296199233856681
385,175,300,4.465,0.0031455780326241
385,175,300,4.4725,0.00317353851901946
385,175,300,4.48,0.003859647569126
385,175,300,4.4875,0.00381086748707512
385,175,300,4.495,0.00370148082715399
385,175,300,4.5025,0.00309098159656539
385,175,300,4.51,0.00331371847730506
385,175,300,4.5175,0.00292912819621937
385,175,300,4.525,0.0029047862887149
385,175,300,4.5325,0.00250777897121136
385,175,300,4.54,0.00267357402778488
385,175,300,4.5475,0.0030937531009603
385,175,300,4.555,0.00247922094800779
385,175,300,4.5625,0.00178973045611139
385,175,300,4.57,0.00176910240760777
385,175,300,4.5775,0.00163104190763501
385,175,300,4.585,0.00167328739328487
385,175,300,4.5925,0.000687125697233082
385,175,300,4.6,0.000409395703128708
385,175,300,4.6075,0.000754637469566498
385,175,300,4.615,0.000943894336287176
385,175,300,4.6225,0.000694691485967714
385,175,300,4.63,0.00160009742295884
385,175,300,4.6375,0.00174852083049644
385,175,300,4.645,0.00162024697058619
385,175,300,4.6525,0.00253601028800978
385,175,300,4.66,0.00219249714281905
385,175,300,4.6675,0.00254836334143438
385,175,300,4.675,0.00229212164763218
385,175,300,4.6825,0.00196076008756913
385,175,300,4.69,0.00235961130584137
385,175,300,4.6975,0.00228212677122406
385,175,300,4.705,0.00199952545692504
385,175,300,4.7125,0.00266570269863337
385,175,300,4.72,0.00325058815742601
385,175,300,4.7275,0.00324656587818415
385,175,300,4.735,0.00291380765320855
385,175,300,4.7425,0.00315993309680976
385,175,300,4.75,0.00276526389229954
385,175,300,4.7575,0.00314626529468508
385,175,300,4.765,0.00328204818324328
385,175,300,4.7725,0.00264709093156285
385,175,300,4.78,0.00258409783954039
385,175,300,4.7875,0.00224265163483517
385,175,300,4.795,0.00163718122919087
385,175,300,4.8025,0.00153016031363048
385,175,300,4.81,0.00130406383445175
385,175,300,4.8175,0.00151311127082073
385,175,300,4.825,0.00111767293984767
385,175,300,4.8325,0.000693248034991575
385,175,300,4.84,0.000862629665359008
385,175,300,4.8475,0.000363069971309739
385,175,300,4.855,0.000686340404534377
385,175,300,4.8625,0.00148919582647857
385,175,300,4.87,0.00211761088643391
385,175,300,4.8775,0.0021897738418459
385,175,300,4.885,0.00216886319709881
385,175,300,4.8925,0.0018830937862698
385,175,300,4.9,0.00219003630615605
385,175,300,4.9075,0.00168186587177356
385,175,300,4.915,0.00185527054422307
385,175,300,4.9225,0.00201055734410362
385,175,300,4.93,0.00133589557331753
385,175,300,4.9375,0.000784634609039265
385,175,300,4.945,0.000770261756912863
385,175,300,4.9525,0.000759940869260491
385,175,300,4.96,0.000924703366567074
385,175,300,4.9675,0.00154003333236482
385,175,300,4.975,0.00186248886542252
385,175,300,4.9825,0.00158067330062431
385,175,300,4.99,0.00218824321899485
385,175,300,4.9975,0.00169156786515066
385,175,300,5.005,0.00157216409957357
385,175,300,5.0125,0.00203167888397185
385,175,300,5.02,0.00154542686709768
385,175,300,5.0275,0.00155429543859447
385,175,300,5.035,0.00110814633826796
385,175,300,5.0425,0.00141177679168565
385,175,300,5.05,0.00119052813424326
385,175,300,5.0575,0.000886508073842085
385,175,300,5.065,0.00059081106090693
385,175,300,5.0725,0.000700618501204949
385,175,300,5.08,0.000604085371719545
385,175,300,5.0875,0.000817602505053784
385,175,300,5.095,0.00104191846772215
385,175,300,5.1025,0.00132561251072283
385,175,300,5.11,0.00183739067840593
385,175,300,5.1175,0.00227920677528617
385,175,300,5.125,0.00247925786584647
385,175,300,5.1325,0.00244947634311669
385,175,300,5.14,0.00206653807299143
385,175,300,5.1475,0.00189257825962512
385,175,300,5.155,0.00167194222596732
385,175,300,5.1625,0.00122764562140302
385,175,300,5.17,0.000648147463801525
385,175,300,5.1775,0.000167019018236149
385,175,300,5.185,0.00100876693863722
385,175,300,5.1925,0.000682948186447848
385,175,300,5.2,0.0014113397739092
385,175,300,5.2075,0.00145622188828249
385,175,300,5.215,0.00164396130439389
385,175,300,5.2225,0.0011429507949211
385,175,300,5.23,0.00153959242176102
385,175,300,5.2375,0.00192516980491314
385,175,300,5.245,0.00139024186020189
385,175,300,5.2525,0.00186998710658881
385,175,300,5.26,0.00126622846358219
385,175,300,5.2675,0.00137467955254437
385,175,300,5.275,0.00127483774992356
385,175,300,5.2825,0.00133265737844298
385,175,300,5.29,0.000756435123456477
385,175,300,5.2975,0.00043878142355937
385,175,300,5.305,0.000573912212100203
385,175,300,5.3125,0.00107639053282838
385,175,300,5.32,0.00105553299915917
385,175,300,5.3275,0.00121930134701937
385,175,300,5.335,0.00135374945124475
385,175,300,5.3425,0.00157910132625338
385,175,300,5.35,0.00179356069825214
385,175,300,5.3575,0.00180474036041241
385,175,300,5.365,0.0017464969625646
385,175,300,5.3725,0.00155526491577209
385,175,300,5.38,0.00202787287141575
385,175,300,5.3875,0.00127104490335154
385,175,300,5.395,0.0017747880777501
385,175,300,5.4025,0.00125177192408384
385,175,300,5.41,0.00139134044019435
385,175,300,5.4175,0.00127102966031929
385,175,300,5.425,0.0019565356913795
385,175,300,5.4325,0.00177772381512743
385,175,300,5.44,0.00167814237102443
385,175,300,5.4475,0.00177298871871167
385,175,300,5.455,0.00140614673967635
385,175,300,5.4625,0.00154575283752343
385,175,300,5.47,0.00160878300022869
385,175,300,5.4775,0.000915598982042776
385,175,300,5.485,0.00132517829685082
385,175,300,5.4925,0.000851546422842163
385,175,300,5.5,0.000767832378871382
385,175,300,5.5075,0.00149877149763644
385,175,300,5.515,0.000462782666598963
385,175,300,5.5225,0.00117685182623622
385,175,300,5.53,0.000893506283706365
385,175,300,5.5375,0.00105873610829553
385,175,300,5.545,0.000982583355770961
385,175,300,5.5525,0.00137901247200159
385,175,300,5.56,0.00162506406957499
385,175,300,5.5675,0.0015770680536873
385,175,300,5.575,0.00148734862226907
385,175,300,5.5825,0.00138319264525336
385,175,300,5.59,0.00137730176920298
385,175,300,5.5975,0.00165756176074818
385,175,300,5.605,0.00208637555878929
385,175,300,5.6125,0.00222376939732994
385,175,300,5.62,0.00224947370018068
385,175,300,5.6275,0.00174597375760216
385,175,300,5.635,0.0012462801169632
385,175,300,5.6425,0.00212873624675167
385,175,300,5.65,0.00168272042690159
385,175,300,5.6575,0.00121465411764797
385,175,300,5.665,0.000788266246141445
385,175,300,5.6725,0.000932906216435236
385,175,300,5.68,0.000540155045747134
385,175,300,5.6875,0.000662171755537493
385,175,300,5.695,0.000703482810869027
385,175,300,5.7025,0.000435516215890268
385,175,300,5.71,0.000573012745568349
385,175,300,5.7175,0.000405598509855361
385,175,300,5.725,0.000370522461314295
385,175,300,5.7325,0.000541649427900742
385,175,300,5.74,1.09274131958303e-05
385,175,300,5.7475,0.000891419542690498
385,175,300,5.755,0.00101967637117762
385,175,300,5.7625,0.00140048678833101
385,175,300,5.77,0.00129725515183381
385,175,300,5.7775,0.00177719626753832
385,175,300,5.785,0.00176812690812431
385,175,300,5.7925,0.00114769799117474
385,175,300,5.8,0.00138116567494477
385,175,300,5.8075,0.00157912016235728
385,175,300,5.815,0.0016143343618048
385,175,300,5.8225,0.00141919467387782
385,175,300,5.83,0.00140688779488209
385,175,300,5.8375,0.00173520282908187
385,175,300,5.845,0.0013570026230086
385,175,300,5.8525,0.00156435010976097
385,175,300,5.86,0.00180233866206109
385,175,300,5.8675,0.00200681653043248
385,175,300,5.875,0.00237235743834133
385,175,300,5.8825,0.00220609379801102
385,175,300,5.89,0.00235217290688365
385,175,300,5.8975,0.00225249876382884
385,175,300,5.905,0.00219296760184174
385,175,300,5.9125,0.00166243260913465
385,175,300,5.92,0.00168302711539953
385,175,300,5.9275,0.00175636528550351
385,175,300,5.935,0.00158279508292564
385,175,300,5.9425,0.00131057923977856
385,175,300,5.95,0.000922512044426287
385,175,300,5.9575,0.000747499275303584
385,175,300,5.965,0.000916710324327686
385,175,300,5.9725,0.000987341174433731
385,175,300,5.98,0.000970741775545071
385,175,300,5.9875,0.000827210688702802
385,175,300,5.995,0.000651960841060723
385,175,300,6.0025,0.000624150094405226
385,175,300,6.01,0.000578544689914184
385,175,300,6.0175,0.000854288668125171
385,175,300,6.025,0.000405417728701688
385,175,300,6.0325,0.00060658653322041
385,175,300,6.04,0.000446164801177285
385,175,300,6.0475,0.000631501985974205
385,175,300,6.055,0.000460454871626052
385,175,300,6.0625,0.000907177809136302
385,175,300,6.07,0.000892611056178018
385,175,300,6.0775,0.000795928590499499
385,175,300,6.085,0.00122711320327953
385,175,300,6.0925,0.00165940299667543
385,175,300,6.1,0.00161319906210129
385,175,300,6.1075,0.00215564148496479
385,175,300,6.115,0.00263434284756331
385,175,300,6.1225,0.00230139237720592
385,175,300,6.13,0.00249648337276405
385,175,300,6.1375,0.00246257812276187
385,175,300,6.145,0.00202049444254842
385,175,300,6.1525,0.001884713008507
385,175,300,6.16,0.0017109876862269
385,175,300,6.1675,0.00120864740928122
385,175,300,6.175,0.00131455288754304
385,175,300,6.1825,0.00110525447689984
385,175,300,6.19,0.000241506950214524
385,175,300,6.1975,0.000962977550844166
385,175,300,6.205,0.00024980060349898
385,175,300,6.2125,0.000802230782104839
385,175,300,6.22,0.000690957446517356
385,175,300,6.2275,0.000984494031557041
385,175,300,6.235,0.000959541034794862
385,175,300,6.2425,0.00149875472843346
385,175,300,6.25,0.00177767877862359
385,175,300,6.2575,0.00187004585588914
385,175,300,6.265,0.00180720700172846
385,175,300,6.2725,0.00186158969973753
385,175,300,6.28,0.0019019189608065
385,175,300,6.2875,0.00182384609831659
385,175,300,6.295,0.00177153574485604
385,175,300,6.3025,0.00143496234525315
385,175,300,6.31,0.00117398051200224
385,175,300,6.3175,0.00146969548371863
385,175,300,6.325,0.00174473007130874
385,175,300,6.3325,0.00217731702090971
385,175,300,6.34,0.00184306653278104
385,175,300,6.3475,0.0019837035460621
385,175,300,6.355,0.00183165063644279
385,175,300,6.3625,0.00157454527870174
385,175,300,6.37,0.00219916745420575
385,175,300,6.3775,0.00152305153032938
385,175,300,6.385,0.00149401117833257
385,175,300,6.3925,0.00128511569204482
385,175,300,6.4,0.000829815619432318
385,175,300,6.4075,0.000880117386885338
385,175,300,6.415,0.000704119913565032
385,175,300,6.4225,0.000929663021233227
385,175,300,6.43,0.000934855538220068
385,175,300,6.4375,0.000527448417282862
385,175,300,6.445,0.00102473214424376
385,175,300,6.4525,0.0012906186639484
385,175,300,6.46,0.00144455704307501
385,175,300,6.4675,0.00195025651563215
385,175,300,6.475,0.00179038100511992
385,175,300,6.4825,0.001707700330097
385,175,300,6.49,0.00176896457255558
385,175,300,6.4975,0.00190944127573963
385,175,300,6.505,0.00160731318808699
385,175,300,6.5125,0.00210274329523013
385,175,300,6.52,0.00170024783398759
385,175,300,6.5275,0.00206759799801229
385,175,300,6.535,0.00178074404766869
385,175,300,6.5425,0.00168017201898002
385,175,300,6.55,0.00174443143086389
385,175,300,6.5575,0.001825604804633
385,175,300,6.565,0.0017112815642458
385,175,300,6.5725,0.00191566702214303
385,175,300,6.58,0.00213132994459711
385,175,300,6.5875,0.00248472590846697
385,175,300,6.595,0.00220040668378969
385,175,300,6.6025,0.00271928781367575
385,175,300,6.61,0.00221658391202493
385,175,300,6.6175,0.00296393222796815
385,175,300,6.625,0.00282790033710349
385,175,300,6.6325,0.00219590139665069
385,175,300,6.64,0.00234642134582
385,175,300,6.6475,0.00185345078624468
385,175,300,6.655,0.0021624283599152
385,175,300,6.6625,0.00180588507715751
385,175,300,6.67,0.00174241710851974
385,175,300,6.6775,0.00185630436630179
385,175,300,6.685,0.00150065455268342
385,175,300,6.6925,0.000861062413032624
385,175,300,6.7,0.00132899039594989
385,175,300,6.7075,0.00119794769594417
385,175,300,6.715,0.00033585807366682
385,175,300,6.7225,0.000581066671376111
385,175,300,6.73,0.00120394998425755
385,175,300,6.7375,0.00129483303254257
385,175,300,6.745,0.0012763797669652
385,175,300,6.7525,0.00153807119646366
385,175,300,6.76,0.00129374788145075
385,175,300,6.7675,0.00142001495501961
385,175,300,6.775,0.00214219286446224
385,175,300,6.7825,0.00152442345423745
385,175,300,6.79,0.00130330698163009
385,175,300,6.7975,0.00183112780825198
385,175,300,6.805,0.00197860559277595
385,175,300,6.8125,0.00243616816599205
385,175,300,6.82,0.00314911938033864
385,175,300,6.8275,0.00213712131264722
385,175,300,6.835,0.00274902526626579
385,175,300,6.8425,0.00259675095273781
385,175,300,6.85,0.00236038985735913
385,175,300,6.8575,0.00304630710789612
385,175,300,6.865,0.00288172600538872
385,175,300,6.8725,0.00262079344613391
385,175,300,6.88,0.00315471646574587
385,175,300,6.8875,0.00246107359540894
385,175,300,6.895,0.00289365336689558
385,175,300,6.9025,0.00249306287771214
385,175,300,6.91,0.00224822585120013
385,175,300,6.9175,0.00231772625258761
385,175,300,6.925,0.00171262989994918
385,175,300,6.9325,0.00125541074547684
385,175,300,6.94,0.00109400063918926
385,175,300,6.9475,0.00128113599901049
385,175,300,6.955,0.000929904856483787
385,175,300,6.9625,0.00183078587504842
385,175,300,6.97,0.00159216438712807
385,175,300,6.9775,0.00221133447035322
385,175,300,6.985,0.00228610425396729
385,175,300,6.9925,0.00280195928935185
385,175,300,7,0.00299052981336053
385,175,300,7.0075,0.00301353022556789
385,175,300,7.015,0.00289099344318469
385,175,300,7.0225,0.003722838402465
385,175,300,7.03,0.00332479291540816
385,175,300,7.0375,0.00301485257207051
385,175,300,7.045,0.00314900946989153
385,175,300,7.0525,0.00243941793503926
385,175,300,7.06,0.00283111897800562
385,175,300,7.0675,0.00241318008713626
385,175,300,7.075,0.00210828544783285
385,175,300,7.0825,0.00226743263020586
385,175,300,7.09,0.00234821495446236
385,175,300,7.0975,0.00202702972826005
385,175,300,7.105,0.00227603880258795
385,175,300,7.1125,0.0021351992883562
385,175,300,7.12,0.00248520806584792
385,175,300,7.1275,0.00258064623632388
385,175,300,7.135,0.00323052005607715
385,175,300,7.1425,0.0027711269239029
385,175,300,7.15,0.00258657983980582
385,175,300,7.1575,0.00249330215312777
385,175,300,7.165,0.00256525483899445
385,175,300,7.1725,0.00224812125876988
385,175,300,7.18,0.00198526735619197
385,175,300,7.1875,0.0016659172356848
385,175,300,7.195,0.00133520731057035
385,175,300,7.2025,0.00154609275310272
385,175,300,7.21,0.00138934866109959
385,175,300,7.2175,0.00212104428755178
385,175,300,7.225,0.00147721278670372
385,175,300,7.2325,0.00194259335587376
385,175,300,7.24,0.00205216054021647
385,175,300,7.2475,0.00252125935446707
385,175,300,7.255,0.00271468839721017
385,175,300,7.2625,0.00270768246170127
385,175,300,7.27,0.00275001100670588
385,175,300,7.2775,0.00221439388499265
385,175,300,7.285,0.00239957605215647
385,175,300,7.2925,0.00252832254461224
385,175,300,7.3,0.00134173294425815
385,175,300,7.3075,0.00131444552643347
385,175,300,7.315,0.00132529229263765
385,175,300,7.3225,0.00170607282657482
385,175,300,7.33,0.00193247471402101
385,175,300,7.3375,0.0024741818214661
385,175,300,7.345,0.0026145408504416
385,175,300,7.3525,0.00258106184763151
385,175,300,7.36,0.00316710069058967
385,175,300,7.3675,0.00347907993559309
385,175,300,7.375,0.00341977192177575
385,175,300,7.3825,0.00354620823831569
385,175,300,7.39,0.00353145645066873
385,175,300,7.3975,0.00315462087677613
385,175,300,7.405,0.0033120123270596
385,175,300,7.4125,0.00303787888271728
385,175,300,7.42,0.00235606963252708
385,175,300,7.4275,0.00256070077125442
385,175,300,7.435,0.00202001076266112
385,175,300,7.4425,0.00170645027785936
385,175,300,7.45,0.0016490404696957
385,175,300,7.4575,0.00174185326501172
385,175,300,7.465,0.00152783453852298
385,175,300,7.4725,0.00174023940809802
385,175,300,7.48,0.00165261387016497
385,175,300,7.4875,0.00234476289126662
385,175,300,7.495,0.00163622842032869
385,175,300,7.5025,0.00253992689360466
385,175,300,7.51,0.00256043366851531
385,175,300,7.5175,0.00247925315253583
385,175,300,7.525,0.00236075674457232
385,175,300,7.5325,0.00294826225095737
385,175,300,7.54,0.00265869630331004
385,175,300,7.5475,0.00205178416674267
385,175,300,7.555,0.00254668384128778
385,175,300,7.5625,0.00226013029772273
385,175,300,7.57,0.0023114316158543
385,175,300,7.5775,0.00201514409119688
385,175,300,7.585,0.00239952608591933
385,175,300,7.5925,0.00274984283251756
385,175,300,7.6,0.00177976527143567
385,175,300,7.6075,0.00208133594655687
385,175,300,7.615,0.00208836962479239
385,175,300,7.6225,0.00292191595266833
385,175,300,7.63,0.00236146805128592
385,175,300,7.6375,0.00266219416872931
385,175,300,7.645,0.00253964346052481
385,175,300,7.6525,0.00268373709134739
385,175,300,7.66,0.00267534269557628
385,175,300,7.6675,0.00243380112336081
385,175,300,7.675,0.00181315754930095
385,175,300,7.6825,0.0014224066398614
385,175,300,7.69,0.00132966900795589
385,175,300,7.6975,0.00133057034607242
385,175,300,7.705,0.00136470942570871
385,175,300,7.7125,0.00162917474068978
385,175,300,7.72,0.0022021512432202
385,175,300,7.7275,0.00227746790642785
385,175,300,7.735,0.00269940343946541
385,175,300,7.7425,0.00328229898067024
385,175,300,7.75,0.00296822985039888
385,175,300,7.7575,0.003303636383051
385,175,300,7.765,0.00376304965099908
385,175,300,7.7725,0.00296249789374097
385,175,300,7.78,0.00327559292800507
385,175,300,7.7875,0.00289945451090654
385,175,300,7.795,0.00270852645938475
385,175,300,7.8025,0.00270758254691825
385,175,300,7.81,0.00280213712310126
385,175,300,7.8175,0.00270317480398898
385,175,300,7.825,0.00189665105901475
385,175,300,7.8325,0.00253265192736917
385,175,300,7.84,0.00248535752004693
385,175,300,7.8475,0.00222481615275387
385,175,300,7.855,0.00262015339307539
385,175,300,7.8625,0.00215654023479506
385,175,300,7.87,0.00198345248488298
385,175,300,7.8775,0.00314967115507451
385,175,300,7.885,0.00288258608942561
385,175,300,7.8925,0.00294690783699219
385,175,300,7.9,0.0028643917005337
385,175,300,7.9075,0.00278279492771538
385,175,300,7.915,0.00310535931301942
385,175,300,7.9225,0.00249804433638024
385,175,300,7.93,0.0021192775040575
385,175,300,7.9375,0.00199077028141006
385,175,300,7.945,0.00162624463012228
385,175,300,7.9525,0.000917028085254109
385,175,300,7.96,0.00124547728494628
385,175,300,7.9675,0.0011754870852572
385,175,300,7.975,0.00156395664665264
385,175,300,7.9825,0.00138373350057802
385,175,300,7.99,0.00176535727370365
385,175,300,7.9975,0.00236875534179058
385,175,300,8.005,0.00199763064729043
385,175,300,8.0125,0.00302805138434121
385,175,300,8.02,0.00256020576615875
385,175,300,8.0275,0.00253314354134206
385,175,300,8.035,0.00252718636702158
385,175,300,8.0425,0.00188755073826879
385,175,300,8.05,0.00231586479349355
385,175,300,8.0575,0.00241472071891566
385,175,300,8.065,0.0022426709719843
385,175,300,8.0725,0.00231734201575932
385,175,300,8.08,0.00206317070382006
385,175,300,8.0875,0.00252160783262177
385,175,300,8.095,0.00302356994955959
385,175,300,8.1025,0.00288171970818263
385,175,300,8.11,0.00349373295077508
385,175,300,8.1175,0.00330306232431676
385,175,300,8.125,0.00380418914917532
385,175,300,8.1325,0.00395104491144546
385,175,300,8.14,0.00314170308355255
385,175,300,8.1475,0.00377073385346192
385,175,300,8.155,0.00304095311479558
385,175,300,8.1625,0.00291185367909899
385,175,300,8.17,0.00336773926856421
385,175,300,8.1775,0.00246141533134506
385,175,300,8.185,0.0026215867754646
385,175,300,8.1925,0.00261705884370021
385,175,300,8.2,0.00242379648832333
385,175,300,8.2075,0.00234458179212502
385,175,300,8.215,0.00212436273228989
385,175,300,8.2225,0.00209391585448955
385,175,300,8.23,0.00198788609713492
385,175,300,8.2375,0.00231555404090915
385,175,300,8.245,0.00210774514322947
385,175,300,8.2525,0.0025894912172864
385,175,300,8.26,0.00283829970601527
385,175,300,8.2675,0.00235532537441746
385,175,300,8.275,0.00316477859845549
385,175,300,8.2825,0.00311709999294027
385,175,300,8.29,0.00288195096625473
385,175,300,8.2975,0.0029630332104435
385,175,300,8.305,0.00231621063030214
385,175,300,8.3125,0.00231421448663252
385,175,300,8.32,0.00224761529814158
385,175,300,8.3275,0.0018352732229061
385,175,300,8.335,0.00250467379296215
385,175,300,8.3425,0.0018755331497725
385,175,300,8.35,0.002405372065979
385,175,300,8.3575,0.00257970185943428
385,175,300,8.365,0.00236095880026109
385,175,300,8.3725,0.00237245481687074
385,175,300,8.38,0.00224743178314535
385,175,300,8.3875,0.00216222819566353
385,175,300,8.395,0.00287900198572156
385,175,300,8.4025,0.00275260800707378
385,175,300,8.41,0.00244760254069591
385,175,300,8.4175,0.00199915952386138
385,175,300,8.425,0.00264398601153599
385,175,300,8.4325,0.00248893250635415
385,175,300,8.44,0.00149868382638836
385,175,300,8.4475,0.00241592137060389
385,175,300,8.455,0.00192670778587161
385,175,300,8.4625,0.00204893332845472
385,175,300,8.47,0.00228055144074017
385,175,300,8.4775,0.00256918953718876
385,175,300,8.485,0.00316773038223579
385,175,300,8.4925,0.0026732049199468
385,175,300,8.5,0.00293881832805923
385,175,300,8.5075,0.00319616343998791
385,175,300,8.515,0.00335631137423562
385,175,300,8.5225,0.0034283602236351
385,175,300,8.53,0.00370247884515825
385,175,300,8.5375,0.00356661328917245
385,175,300,8.545,0.00391178155474582
385,175,300,8.5525,0.00327251194046435
385,175,300,8.56,0.00276865769385747
385,175,300,8.5675,0.00269271954749341
385,175,300,8.575,0.00228344191821024
385,175,300,8.5825,0.00161452256077226
385,175,300,8.59,0.00129385248332416
385,175,300,8.5975,0.00179403315522592
385,175,300,8.605,0.00246322349474631
385,175,300,8.6125,0.00240636109474851
385,175,300,8.62,0.00277103365808841
385,175,300,8.6275,0.00250829154610983
385,175,300,8.635,0.00270809702234409
385,175,300,8.6425,0.00273829576293985
385,175,300,8.65,0.00302229701440468
385,175,300,8.6575,0.00331315945009009
385,175,300,8.665,0.00315833654910283
385,175,300,8.6725,0.00276242743166969
385,175,300,8.68,0.00231374694110461
385,175,300,8.6875,0.00217767497717109
385,175,300,8.695,0.00217843849697707
385,175,300,8.7025,0.00182892080694243
385,175,300,8.71,0.0015260192926266
385,175,300,8.7175,0.00109749726055298
385,175,300,8.725,0.0011988216068538
385,175,300,8.7325,0.00137948591847479
385,175,300,8.74,0.00199102577083368
385,175,300,8.7475,0.00215929319129555
385,175,300,8.755,0.0018989881744343
385,175,300,8.7625,0.00289882739493555
385,175,300,8.77,0.00288446510449651
385,175,300,8.7775,0.0029326398534574
385,175,300,8.785,0.00243792507324554
385,175,300,8.7925,0.00241883552854852
385,175,300,8.8,0.00258749962344549
385,175,300,8.8075,0.00209300523663355
385,175,300,8.815,0.00182792897136868
385,175,300,8.8225,0.00183542416307868
385,175,300,8.83,0.00168087043381281
385,175,300,8.8375,0.00166081498520642
385,175,300,8.845,0.00199690621117393
385,175,300,8.8525,0.00225109211444084
385,175,300,8.86,0.002193966190524
385,175,300,8.8675,0.00275405155135002
385,175,300,8.875,0.00268956996090415
385,175,300,8.8825,0.00292108571761244
385,175,300,8.89,0.00282211428933031
385,175,300,8.8975,0.00252018109589958
385,175,300,8.905,0.00269734892459776
385,175,300,8.9125,0.00238172401153046
385,175,300,8.92,0.0019769117500523
385,175,300,8.9275,0.00221463613923902
385,175,300,8.935,0.00177123717775221
385,175,300,8.9425,0.00200770036233323
385,175,300,8.95,0.00148221248410748
385,175,300,8.9575,0.00209696418987248
385,175,300,8.965,0.00219790268533168
385,175,300,8.9725,0.00149128689722765
385,175,300,8.98,0.00223742881747847
385,175,300,8.9875,0.00243192955868099
385,175,300,8.995,0.00236056729010999
385,175,300,9.0025,0.00288686356378011
385,175,300,9.01,0.00295721549292679
385,175,300,9.0175,0.00314314390113047
385,175,300,9.025,0.0031503445374237
385,175,300,9.0325,0.00336481767666394
385,175,300,9.04,0.00260228065433529
385,175,300,9.0475,0.00265017039135256
385,175,300,9.055,0.00221779656555495
385,175,300,9.0625,0.00200864823295047
385,175,300,9.07,0.00195599140491413
385,175,300,9.0775,0.00142513877577376
385,175,300,9.085,0.00132326878950446
385,175,300,9.0925,0.00157453033236874
385,175,300,9.1,0.000877466140938427
385,175,300,9.1075,0.0010481621245357
385,175,300,9.115,0.00154861306183147
385,175,300,9.1225,0.00181788043674987
385,175,300,9.13,0.00245981581574688
385,175,300,9.1375,0.00200907915264493
385,175,300,9.145,0.00255269727597329
385,175,300,9.1525,0.0022830121844595
385,175,300,9.16,0.00205724577034184
385,175,300,9.1675,0.0019786269289571
385,175,300,9.175,0.00211057074311796
385,175,300,9.1825,0.00172195340305769
385,175,300,9.19,0.00162278148616179
385,175,300,9.1975,0.00187533795678357
385,175,300,9.205,0.0017920575473141
385,175,300,9.2125,0.00215175707065171
385,175,300,9.22,0.00158434737045558
385,175,300,9.2275,0.00205829240012944
385,175,300,9.235,0.00193405759429276
385,175,300,9.2425,0.00222085557363186
385,175,300,9.25,0.00228754164043563
385,175,300,9.2575,0.00230557092314827
385,175,300,9.265,0.00250005572722615
385,175,300,9.2725,0.00292830593377959
385,175,300,9.28,0.00255529339844238
385,175,300,9.2875,0.00279162545877807
385,175,300,9.295,0.00292746847854118
385,175,300,9.3025,0.0023039770969231
385,175,300,9.31,0.00234965182156026
385,175,300,9.3175,0.0027911908716223
385,175,300,9.325,0.00253012646597947
385,175,300,9.3325,0.00210829963714648
385,175,300,9.34,0.00233234117858995
385,175,300,9.3475,0.00208517154040202
385,175,300,9.355,0.00166674205551654
385,175,300,9.3625,0.00204881267575043
385,175,300,9.37,0.00164526922403222
385,175,300,9.3775,0.00173192531634482
385,175,300,9.385,0.00215818012167712
385,175,300,9.3925,0.00225089879366187
385,175,300,9.4,0.00255421847009049
385,175,300,9.4075,0.00251061161001164
385,175,300,9.415,0.00195882773570241
385,175,300,9.4225,0.0023685001877729
385,175,300,9.43,0.00229431857874273
385,175,300,9.4375,0.00167534879024203
385,175,300,9.445,0.00162863538699519
385,175,300,9.4525,0.00105205790168338
385,175,300,9.46,0.00121022010452462
385,175,300,9.4675,0.00129521784292034
385,175,300,9.475,0.00149962992176534
385,175,300,9.4825,0.0014279712136561
385,175,300,9.49,0.0016683944265027
385,175,300,9.4975,0.00200061169142469
385,175,300,9.505,0.00205575048889261
385,175,300,9.5125,0.00221312515100414
385,175,300,9.52,0.00211167249015324
385,175,300,9.5275,0.00265544424784652
385,175,300,9.535,0.00256890078624837
385,175,300,9.5425,0.00327263809137069
385,175,300,9.55,0.00228825504892417
385,175,300,9.5575,0.00233230513506202
385,175,300,9.565,0.00190622218908904
385,175,300,9.5725,0.00168639892765373
385,175,300,9.58,0.00178977408637264
385,175,300,9.5875,0.00129134376402086
385,175,300,9.595,0.0011240818515981
385,175,300,9.6025,0.000889638402774123
385,175,300,9.61,0.0014291735453305
385,175,300,9.6175,0.00130360846147821
385,175,300,9.625,0.00126658718482865
385,175,300,9.6325,0.00183615433662554
385,175,300,9.64,0.00173146055269262
385,175,300,9.6475,0.00223819204123474
385,175,300,9.655,0.00256423047921177
385,175,300,9.6625,0.00215291366246808
385,175,300,9.67,0.00238445842426545
385,175,300,9.6775,0.00253952194324043
385,175,300,9.685,0.00214153444503609
385,175,300,9.6925,0.00180920000050607
385,175,300,9.7,0.00144965539448612
385,175,300,9.7075,0.00150026794665478
385,175,300,9.715,0.00116103778364639
385,175,300,9.7225,0.00150942710404562
385,175,300,9.73,0.00177097327447736
385,175,300,9.7375,0.00206344956061762
385,175,300,9.745,0.00206480095233814
385,175,300,9.7525,0.0027677149964045
385,175,300,9.76,0.00278505349793063
385,175,300,9.7675,0.00321007393493322
385,175,300,9.775,0.00306366215737255
385,175,300,9.7825,0.00304224679607958
385,175,300,9.79,0.00309007716343814
385,175,300,9.7975,0.00218542304685462
385,175,300,9.805,0.00207929759712324
385,175,300,9.8125,0.00235419582789081
385,175,300,9.82,0.00215061440560603
385,175,300,9.8275,0.00171050370334836
385,175,300,9.835,0.00101603031740645
385,175,300,9.8425,0.00115620999723266
385,175,300,9.85,0.00157519386794708
385,175,300,9.8575,0.00182108125561371
385,175,300,9.865,0.00141186491989084
385,175,300,9.8725,0.00157307929255493
385,175,300,9.88,0.00178971098373138
385,175,300,9.8875,0.00170816859591727
385,175,300,9.895,0.0013539960939902
385,175,300,9.9025,0.00184386048445016
385,175,300,9.91,0.00162608126591872
385,175,300,9.9175,0.00166758073132734
385,175,300,9.925,0.00145273576348628
385,175,300,9.9325,0.00186311881607339
385,175,300,9.94,0.00192169238009247
385,175,300,9.9475,0.00132776312618651
385,175,300,9.955,0.00181780656107294
385,175,300,9.9625,0.00172473231276284
385,175,300,9.97,0.00161517568844472
385,175,300,9.9775,0.0021792053982929
385,175,300,9.985,0.00222862305122866
385,175,300,9.9925,0.00243058372625741
385,175,300,10,0.00255922275724591
385,175,300,10.0075,0.00336118348427114
385,175,300,10.015,0.00354590263599226
385,175,300,10.0225,0.00303611371772352
385,175,300,10.03,0.00339017507791144
385,175,300,10.0375,0.00352242275860025
385,175,300,10.045,0.00301892678394842
385,175,300,10.0525,0.00307965749770541
385,175,300,10.06,0.00304736747022539
385,175,300,10.0675,0.00254425397963238
385,175,300,10.075,0.00205907830751907
385,175,300,10.0825,0.00212497044057925
385,175,300,10.09,0.00207738955329305
385,175,300,10.0975,0.00213462926489
385,175,300,10.105,0.00130552173392495
385,175,300,10.1125,0.00166266506158055
385,175,300,10.12,0.00197671767175937
385,175,300,10.1275,0.00128856911303633
385,175,300,10.135,0.00208281731774037
385,175,300,10.1425,0.00207464806291412
385,175,300,10.15,0.00179164708955784
385,175,300,10.1575,0.00191886543257303
385,175,300,10.165,0.00187722879287012
385,175,300,10.1725,0.00167275361788466
385,175,300,10.18,0.00138713574870812
385,175,300,10.1875,0.00133356781945097
385,175,300,10.195,0.00160932886263633
385,175,300,10.2025,0.00152301259808435
385,175,300,10.21,0.00137630849906684
385,175,300,10.2175,0.000781051609263321
385,175,300,10.225,0.00132784189711874
385,175,300,10.2325,0.00172405234369206
385,175,300,10.24,0.00174208278458213
385,175,300,10.2475,0.00170037802722001
385,175,300,10.255,0.00146905840958949
385,175,300,10.2625,0.00160623148132749
385,175,300,10.27,0.00228129755195576
385,175,300,10.2775,0.00171855388878924
385,175,300,10.285,0.00182209166761867
385,175,300,10.2925,0.00203732435889464
385,175,300,10.3,0.00153740292536046
385,175,300,10.3075,0.00146867617578702
385,175,300,10.315,0.00139185556091276
385,175,300,10.3225,0.0012220670462792
385,175,300,10.33,0.000935638668407334
385,175,300,10.3375,0.000801528236865966
385,175,300,10.345,0.000737959024893599
385,175,300,10.3525,0.000917783216821602
385,175,300,10.36,0.00136104321626774
385,175,300,10.3675,0.000849757345114688
385,175,300,10.375,0.0011243677784337
385,175,300,10.3825,0.000945846085872286
385,175,300,10.39,0.00147089687415371
385,175,300,10.3975,0.00130511645155036
385,175,300,10.405,0.00166493144512353
385,175,300,10.4125,0.00172603162308422
385,175,300,10.42,0.00183490541342189
385,175,300,10.4275,0.00173726929510221
385,175,300,10.435,0.00184994058025187
385,175,300,10.4425,0.0013779016632734
385,175,300,10.45,0.00151781117869907
385,175,300,10.4575,0.00147642566915696
385,175,300,10.465,0.00111992872965057
385,175,300,10.4725,0.00110345623604495
385,175,300,10.48,0.00137182508716921
385,175,300,10.4875,0.00155490733897556
385,175,300,10.495,0.00143155530175503
385,175,300,10.5025,0.00191060288987062
385,175,300,10.51,0.00157535445234369
385,175,300,10.5175,0.00180086888154751
385,175,300,10.525,0.00158093334233148
385,175,300,10.5325,0.00161805547852836
385,175,300,10.54,0.00137931984150007
385,175,300,10.5475,0.0015179074448296
385,175,300,10.555,0.00193654764332797
385,175,300,10.5625,0.00154025342546389
385,175,300,10.57,0.00139121901600939
385,175,300,10.5775,0.00133502985075005
385,175,300,10.585,0.000910774194728466
385,175,300,10.5925,0.00122717634501151
385,175,300,10.6,0.00138120226350654
385,175,300,10.6075,0.000971009020636477
385,175,300,10.615,0.000628891906185489
385,175,300,10.6225,0.000418198199988678
385,175,300,10.63,2.75257645948842e-05
385,175,300,10.6375,0.000401626556325533
385,175,300,10.645,0.000393786093637917
385,175,300,10.6525,0.000331119412790633
385,175,300,10.66,0.00111322409894632
385,175,300,10.6675,0.00131829950891098
385,175,300,10.675,0.0010756847362946
385,175,300,10.6825,0.00119295256356371
385,175,300,10.69,0.00138874640294199
385,175,300,10.6975,0.00120909603259874
385,175,300,10.705,0.00109984791527672
385,175,300,10.7125,0.00133889670640699
385,175,300,10.72,0.00111380754382287
385,175,300,10.7275,0.00143233657975766
385,175,300,10.735,0.00105509005563776
385,175,300,10.7425,0.00117338489376312
385,175,300,10.75,0.00194795856065329
385,175,300,10.7575,0.00168402297507946
385,175,300,10.765,0.0021708410870991
385,175,300,10.7725,0.00191224265389239
385,175,300,10.78,0.00187539267745839
385,175,300,10.7875,0.00170519990906548
385,175,300,10.795,0.00175127894243764
385,175,300,10.8025,0.00122317188986023
385,175,300,10.81,0.0013788531387007
385,175,300,10.8175,0.00188250667712985
385,175,300,10.825,0.00188720589094548
385,175,300,10.8325,0.00132485123956247
385,175,300,10.84,0.000942611613170301
385,175,300,10.8475,0.000858534135542277
385,175,300,10.855,0.000442247341683418
385,175,300,10.8625,0.000584173074902468
385,175,300,10.87,0.00039367257690422
385,175,300,10.8775,0.000519271531177767
385,175,300,10.885,0.000654387944006884
385,175,300,10.8925,0.000773557022613227
385,175,300,10.9,0.00101843022404052
385,175,300,10.9075,0.000970373270506702
385,175,300,10.915,0.00104838924376051
385,175,300,10.9225,0.00155588031541757
385,175,300,10.93,0.0015411361324986
385,175,300,10.9375,0.00132920047461636
385,175,300,10.945,0.000912171435074746
385,175,300,10.9525,0.00130709284317596
385,175,300,10.96,0.00126028604705664
385,175,300,10.9675,0.001184626999583
385,175,300,10.975,0.00147044282339343
385,175,300,10.9825,0.00108706711000233
385,175,300,10.99,0.000765265047493646
385,175,300,10.9975,0.000584380436917791
385,175,300,11.005,0.00122372235896174
385,175,300,11.0125,0.000862803042152413
385,175,300,11.02,0.000469707072889265
385,175,300,11.0275,0.000967289976394096
385,175,300,11.035,0.000866207683240067
385,175,300,11.0425,0.00115849027043843
385,175,300,11.05,0.00122683429976063
385,175,300,11.0575,0.00175733781442016
385,175,300,11.065,0.00105966591512714
385,175,300,11.0725,0.000392127815010897
385,175,300,11.08,0.000786063693747052
385,175,300,11.0875,0.00081695905117765
385,175,300,11.095,0.000853347141716084
385,175,300,11.1025,0.000425397968286482
385,175,300,11.11,0.000491325883915773
385,175,300,11.1175,0.000413840964049292
385,175,300,11.125,0.000634015726887984
385,175,300,11.1325,0.00101325183053636
385,175,300,11.14,0.000966976623041775
385,175,300,11.1475,0.000907151264652758
385,175,300,11.155,0.00125402756708586
385,175,300,11.1625,0.00166955280332635
385,175,300,11.17,0.000762449443961634
385,175,300,11.1775,0.00123434402630002
385,175,300,11.185,0.00124206369910447
385,175,300,11.1925,0.00115147991834574
385,175,300,11.2,0.00147485355454293
385,175,300,11.2075,0.00112755100384669
385,175,300,11.215,0.00105893745586425
385,175,300,11.2225,0.00115401158414931
385,175,300,11.23,0.00156764524805012
385,175,300,11.2375,0.00157606950447267
385,175,300,11.245,0.00151716501602537
385,175,300,11.2525,0.00112247143402192
385,175,300,11.26,0.00178299769398112
385,175,300,11.2675,0.00214013799451874
385,175,300,11.275,0.00143309003306056
385,175,300,11.2825,0.00196102735757394
385,175,300,11.29,0.00215451542650236
385,175,300,11.2975,0.00204265206450501
385,175,300,11.305,0.002320045346578
385,175,300,11.3125,0.00126846760808879
385,175,300,11.32,0.00120248039066049
385,175,300,11.3275,0.000876810586605255
385,175,300,11.335,0.000689801986977457
385,175,300,11.3425,0.000387115349839863
385,175,300,11.35,0.00027720544196989
385,175,300,11.3575,9.18524356656929e-05
385,175,300,11.365,0.000560487944396762
385,175,300,11.3725,0.000419807115326012
385,175,300,11.38,0.000292932042673208
385,175,300,11.3875,0.000506529938463114
385,175,300,11.395,0.00113711765237361
385,175,300,11.4025,0.0010319159563413
385,175,300,11.41,0.001148891467431
385,175,300,11.4175,0.00115496342998501
385,175,300,11.425,0.0015747378128891
385,175,300,11.4325,0.00154699335639404
385,175,300,11.44,0.00145271824529228
385,175,300,11.4475,0.00138780544653504
385,175,300,11.455,0.00094602278519822
385,175,300,11.4625,0.00136416889762487
385,175,300,11.47,0.00105661053298557
385,175,300,11.4775,0.00108739988984317
385,175,300,11.485,0.000945595748240865
385,175,300,11.4925,0.00144907974832755
385,175,300,11.5,0.00134809327977195
385,175,300,11.5075,0.00154283465783031
385,175,300,11.515,0.00134444502294041
385,175,300,11.5225,0.00149656156537349
385,175,300,11.53,0.00181192159787199
385,175,300,11.5375,0.00180401758770889
385,175,300,11.545,0.00186077194507799
385,175,300,11.5525,0.00175587267477
385,175,300,11.56,0.00188288840751031
385,175,300,11.5675,0.00184385949007221
385,175,300,11.575,0.00128432239856445
385,175,300,11.5825,0.00103032854664672
385,175,300,11.59,0.00105168375265196
385,175,300,11.5975,0.000893420247089775
385,175,300,11.605,0.0014826586864629
385,175,300,11.6125,0.000755538777376226
385,175,300,11.62,0.00100227017016657
385,175,300,11.6275,0.00140593586495809
385,175,300,11.635,0.00125124962098139
385,175,300,11.6425,0.00121483915987172
385,175,300,11.65,0.00151280214534239
385,175,300,11.6575,0.00149453541168165
385,175,300,11.665,0.00133585176981335
385,175,300,11.6725,0.00153774690577568
385,175,300,11.68,0.00130490345155603
385,175,300,11.6875,0.00165102582913677
385,175,300,11.695,0.0017608721263514
385,175,300,11.7025,0.001514589556041
385,175,300,11.71,0.00133799082491082
385,175,300,11.7175,0.00176917691555857
385,175,300,11.725,0.00107887220257402
385,175,300,11.7325,0.000792846006370255
385,175,300,11.74,0.000872347400683934
385,175,300,11.7475,0.000572419724588883
385,175,300,11.755,0.000636412171118719
385,175,300,11.7625,0.00049402372343105
385,175,300,11.77,0.000362177446726475
385,175,300,11.7775,0.000713460005863802
385,175,300,11.785,0.000898024960125548
385,175,300,11.7925,0.000709977668103886
385,175,300,11.8,0.00159658418794834
385,175,300,11.8075,0.00160277749679246
385,175,300,11.815,0.00105790564043764
385,175,300,11.8225,0.000961952350620096
385,175,300,11.83,0.00134468341521725
385,175,300,11.8375,0.000929646663112151
385,175,300,11.845,0.000782682938360169
385,175,300,11.8525,0.000322405667034809
385,175,300,11.86,0.00123815455798135
385,175,300,11.8675,0.000986569954816813
385,175,300,11.875,0.00082685245370707
385,175,300,11.8825,0.00129682410737061
385,175,300,11.89,0.00170437929113131
385,175,300,11.8975,0.00153947515028033
385,175,300,11.905,0.00191830559059573
385,175,300,11.9125,0.00176571284008221
385,175,300,11.92,0.00155777531425416
385,175,300,11.9275,0.00157694323940091
385,175,300,11.935,0.00215146577723015
385,175,300,11.9425,0.00243348516494703
385,175,300,11.95,0.00208513715357191
385,175,300,11.9575,0.00203907311882266
385,175,300,11.965,0.00175573227294373
385,175,300,11.9725,0.00123082420094429
385,175,300,11.98,0.00137460519158309
385,175,300,11.9875,0.0014945866852452
385,175,300,11.995,0.00128118159109995
385,175,300,12.0025,0.000976388559388211
385,175,300,12.01,0.00132856299781361
385,175,300,12.0175,0.000888318925690254
385,175,300,12.025,0.00105294504956231
385,175,300,12.0325,0.000880847830701592
385,175,300,12.04,0.00102190081507875
385,175,300,12.0475,0.00103815860302489
385,175,300,12.055,0.00094964063450694
385,175,300,12.0625,0.00103526054856415
385,175,300,12.07,0.00127964282574421
385,175,300,12.0775,0.00140996353872795
385,175,300,12.085,0.000893288709868072
385,175,300,12.0925,0.000574180963370231
385,175,300,12.1,0.000601937720313399
385,175,300,12.1075,7.18970287159158e-05
385,175,300,12.115,0.000795991550378173
385,175,300,12.1225,0.000655671979171565
385,175,300,12.13,0.000940169461184948
385,175,300,12.1375,0.000736455041412387
385,175,300,12.145,0.000970349417395367
385,175,300,12.1525,0.00123399879053353
385,175,300,12.16,0.00133322964915598
385,175,300,12.1675,0.001792256863577
385,175,300,12.175,0.00163628916997817
385,175,300,12.1825,0.00187859325227765
385,175,300,12.19,0.00138180668272776
385,175,300,12.1975,0.00119533161149265
385,175,300,12.205,0.00170811726661385
385,175,300,12.2125,0.00149086768353011
385,175,300,12.22,0.0011444865405157
385,175,300,12.2275,0.000610380065076581
385,175,300,12.235,0.000903940607837178
385,175,300,12.2425,0.000601508959115657
385,175,300,12.25,0.00087095858115391
385,175,300,12.2575,0.000890543330660071
385,175,300,12.265,0.000739213903943721
385,175,300,12.2725,0.000687502600655436
385,175,300,12.28,0.00128386342796379
385,175,300,12.2875,0.00165119651002847
385,175,300,12.295,0.00137300607263901
385,175,300,12.3025,0.00150222697192373
385,175,300,12.31,0.00114519862660046
385,175,300,12.3175,0.00141080531774735
385,175,300,12.325,0.00102841808047322
385,175,300,12.3325,0.000890063566905311
385,175,300,12.34,0.00123448952832547
385,175,300,12.3475,0.00109450742824249
385,175,300,12.355,0.00105057088578221
385,175,300,12.3625,0.00129326476854846
385,175,300,12.37,0.0012891995463592
385,175,300,12.3775,0.00130869669065513
385,175,300,12.385,0.00157977875957573
385,175,300,12.3925,0.000942648197576167
385,175,300,12.4,0.0014408451282286
385,175,300,12.4075,0.00171452648312634
385,175,300,12.415,0.00147900834195003
385,175,300,12.4225,0.00163516085313063
385,175,300,12.43,0.00144189621028787
385,175,300,12.4375,0.00177559054440759
385,175,300,12.445,0.00173994393989963
385,175,300,12.4525,0.00120737209304594
385,175,300,12.46,0.00148497432828183
385,175,300,12.4675,0.00154101764958997
385,175,300,12.475,0.00082319107299658
385,175,300,12.4825,0.00110021664661125
385,175,300,12.49,0.00101231479358383
385,175,300,12.4975,0.000513965021622271
385,175,300,12.505,0.000368740730467052
385,175,300,12.5125,0.000345677834262723
385,175,300,12.52,0.000713188692001761
385,175,300,12.5275,0.000509608479976548
385,175,300,12.535,0.000774003808050691
385,175,300,12.5425,0.000941222349214915
385,175,300,12.55,0.00127897881837651
385,175,300,12.5575,0.00128906014862164
385,175,300,12.565,0.00069905844937205
385,175,300,12.5725,0.000822212984851898
385,175,300,12.58,0.00096918522793033
385,175,300,12.5875,0.00073251076291683
385,175,300,12.595,0.000593652536023837
385,175,300,12.6025,0.000728456441191182
385,175,300,12.61,0.0005089301527407
385,175,300,12.6175,0.00103877478276551
385,175,300,12.625,0.00109874222509207
385,175,300,12.6325,0.00128897911333334
385,175,300,12.64,0.000922881479785812
385,175,300,12.6475,0.00132084078543408
385,175,300,12.655,0.000952724850505868
385,175,300,12.6625,0.00156076825492541
385,175,300,12.67,0.00152714252168304
385,175,300,12.6775,0.00116111061738538
385,175,300,12.685,0.00110364035412253
385,175,300,12.6925,0.00135975970780602
385,175,300,12.7,0.00168786935230025
385,175,300,12.7075,0.0010823704025741
385,175,300,12.715,0.00140514260223962
385,175,300,12.7225,0.00145792810369804
385,175,300,12.73,0.000990619120184864
385,175,300,12.7375,0.000833928777804626
385,175,300,12.745,0.00114693657966159
385,175,300,12.7525,0.000869612003551123
385,175,300,12.76,0.000217212107705004
385,175,300,12.7675,0.000254047972978554
385,175,300,12.775,0.000663902129366191
385,175,300,12.7825,0.0007034346743784
385,175,300,12.79,0.000320714533868672
385,175,300,12.7975,0.000675340107299103
385,175,300,12.805,0.000801307499217044
385,175,300,12.8125,0.000997738261217577
385,175,300,12.82,0.000650979463571067
385,175,300,12.8275,0.000865260471056253
385,175,300,12.835,0.000951419968799082
385,175,300,12.8425,0.00102464568136676
385,175,300,12.85,0.00118666343157062
385,175,300,12.8575,0.000594581388541746
385,175,300,12.865,0.000451322782606857
385,175,300,12.8725,0.000987421379429143
385,175,300,12.88,0.000442149048456207
385,175,300,12.8875,0.00081329999937208
385,175,300,12.895,0.000787666961150579
385,175,300,12.9025,0.00150727942176422
385,175,300,12.91,0.000958531204498325
385,175,300,12.9175,0.000674524863208187
385,175,300,12.925,0.00103442593586064
385,175,300,12.9325,0.00120081901350551
385,175,300,12.94,0.00123430747721477
385,175,300,12.9475,0.00123868821931906
385,175,300,12.955,0.00092972768926287
385,175,300,12.9625,0.000914927203370746
385,175,300,12.97,0.00110388611656219
385,175,300,12.9775,0.00056396636418474
385,175,300,12.985,0.000393460905076665
385,175,300,12.9925,0.000795478902342606
385,175,300,13,0.000254917096467468
385,175,300,13.0075,0.0001702260906246
385,175,300,13.015,0.000386473837227404
385,175,300,13.0225,0.000408613949000753
385,175,300,13.03,0.000470724863184897
385,175,300,13.0375,0.00084447944378719
385,175,300,13.045,0.000777801380306065
385,175,300,13.0525,0.000467602991502676
385,175,300,13.06,0.000653039270985198
385,175,300,13.0675,0.001146242415108
385,175,300,13.075,0.000819605470124511
385,175,300,13.0825,0.00103884972375056
385,175,300,13.09,0.000656872709920482
385,175,300,13.0975,0.000874363957814444
385,175,300,13.105,0.000996098328223826
385,175,300,13.1125,0.000804077506071028
385,175,300,13.12,0.000820519158748416
385,175,300,13.1275,0.00102843202059713
385,175,300,13.135,0.00111641946259287
385,175,300,13.1425,0.00131245086575283
385,175,300,13.15,0.00123470116097785
385,175,300,13.1575,0.00125249832871058
385,175,300,13.165,0.000965765099069483
385,175,300,13.1725,0.00179351358740844
385,175,300,13.18,0.00129243512948373
385,175,300,13.1875,0.00149354894295977
385,175,300,13.195,0.00137081404569188
385,175,300,13.2025,0.00117153075068665
385,175,300,13.21,0.00170250805145632
385,175,300,13.2175,0.00118549468530194
385,175,300,13.225,0.00125491902674787
385,175,300,13.2325,0.0004535469519307
385,175,300,13.24,0.000180486879959787
385,175,300,13.2475,0.00046945031713606
385,175,300,13.255,0.000160759482888406
385,175,300,13.2625,0.000269179687295014
385,175,300,13.27,0.000815309146019465
385,175,300,13.2775,0.000156281266118357
385,175,300,13.285,0.000535213371180661
385,175,300,13.2925,0.000952757059905704
385,175,300,13.3,0.000865596724032767
385,175,300,13.3075,0.00116260264094552
385,175,300,13.315,0.000753254129686592
385,175,300,13.3225,0.00113376359978714
385,175,300,13.33,0.00132265839611146
385,175,300,13.3375,0.00116871022535837
385,175,300,13.345,0.000944404123873693
385,175,300,13.3525,0.00103960488804966
385,175,300,13.36,0.000984050661143822
385,175,300,13.3675,0.000660238331604784
385,175,300,13.375,0.00146486806422267
385,175,300,13.3825,0.00111686359434982
385,175,300,13.39,0.00117116871937451
385,175,300,13.3975,0.0013036248274086
385,175,300,13.405,0.00137272915731737
385,175,300,13.4125,0.00126914610188136
385,175,300,13.42,0.00144251115897291
385,175,300,13.4275,0.00169326126395167
385,175,300,13.435,0.00178637201399879
385,175,300,13.4425,0.00150103271791091
385,175,300,13.45,0.00120973214799159
385,175,300,13.4575,0.0011683303478965
385,175,300,13.465,0.00131973528134293
385,175,300,13.4725,0.000686454415771199
385,175,300,13.48,0.00134736374202667
385,175,300,13.4875,0.00075218843044512
385,175,300,13.495,0.00113449919805825
385,175,300,13.5025,0.00048722510180508
385,175,300,13.51,0.000238070983057126
385,175,300,13.5175,0.000612345773021407
385,175,300,13.525,0.00103623651313249
385,175,300,13.5325,0.00108204706552533
385,175,300,13.54,0.00103688216169748
385,175,300,13.5475,0.00117220868707394
385,175,300,13.555,0.00154441584917697
385,175,300,13.5625,0.0010723132815338
385,175,300,13.57,0.00109980795247549
385,175,300,13.5775,0.00129120503390771
385,175,300,13.585,0.000839620076611909
385,175,300,13.5925,0.000818358237980712
385,175,300,13.6,0.000919877787223195
385,175,300,13.6075,0.000868113884621679
385,175,300,13.615,0.000579436110672712
385,175,300,13.6225,0.000747816575043158
385,175,300,13.63,0.000428572471785565
385,175,300,13.6375,0.00054715175174171
385,175,300,13.645,0.000954355129678446
385,175,300,13.6525,0.000546216659497701
385,175,300,13.66,0.000993961573524338
385,175,300,13.6675,0.00128343626766061
385,175,300,13.675,0.000918755435079935
385,175,300,13.6825,0.0013370686991801
385,175,300,13.69,0.0015622373258241
385,175,300,13.6975,0.00135893215232654
385,175,300,13.705,0.00104607960096393
385,175,300,13.7125,0.000888587595669278
385,175,300,13.72,0.000527332792918404
385,175,300,13.7275,0.00048411570581589
385,175,300,13.735,0.00078039526377858
385,175,300,13.7425,0.000650768571022564
385,175,300,13.75,0.000197736128694266
385,175,300,13.7575,0.000479524390767356
385,175,300,13.765,0.000790328996392816
385,175,300,13.7725,0.00110524415905535
385,175,300,13.78,0.000727976030925192
385,175,300,13.7875,0.000711523977528404
385,175,300,13.795,0.00140760887167084
385,175,300,13.8025,0.00149847784294728
385,175,300,13.81,0.00160393162023342
385,175,300,13.8175,0.00159052845477388
385,175,300,13.825,0.00128456166463086
385,175,300,13.8325,0.00116096469463236
385,175,300,13.84,0.00101961325333334
385,175,300,13.8475,0.000834719911892766
385,175,300,13.855,0.0010939640044576
385,175,300,13.8625,0.00127909740932787
385,175,300,13.87,0.00109952251422115
385,175,300,13.8775,0.00147721415949946
385,175,300,13.885,0.00102955810858483
385,175,300,13.8925,0.000622789415692871
385,175,300,13.9,0.00125360911049077
385,175,300,13.9075,0.000997037640029109
385,175,300,13.915,0.0015224390850451
385,175,300,13.9225,0.00147085316123289
385,175,300,13.93,0.00127107651854376
385,175,300,13.9375,0.00129604378534374
385,175,300,13.945,0.00131535459441706
385,175,300,13.9525,0.00111149425976528
385,175,300,13.96,0.000762088135573459
385,175,300,13.9675,0.000601084414200216
385,175,300,13.975,0.000771765900184756
385,175,300,13.9825,0.000114100892752575
385,175,300,13.99,0.000256325484202408
385,175,300,13.9975,0.000247021512128315
385,175,300,14.005,0.000413521093202478
385,175,300,14.0125,0.00053666584401764
385,175,300,14.02,0.00062495250677477
385,175,300,14.0275,0.000686088649979652
385,175,300,14.035,0.000880954820789094
385,175,300,14.0425,0.000537145476612963
385,175,300,14.05,0.00125998780592955
385,175,300,14.0575,0.00101350076107304
385,175,300,14.065,0.00105373140011912
385,175,300,14.0725,0.00155663783148034
385,175,300,14.08,0.00135637505603887
385,175,300,14.0875,0.00096101249762079
385,175,300,14.095,0.00145929415535063
385,175,300,14.1025,0.0013473259301162
385,175,300,14.11,0.000651059466411797
385,175,300,14.1175,0.000950431950821934
385,175,300,14.125,0.0010037727777254
385,175,300,14.1325,0.000915347509522047
385,175,300,14.14,0.000566870744052598
385,175,300,14.1475,0.000610568431697729
385,175,300,14.155,0.000961218856274462
385,175,300,14.1625,0.000704443959326967
385,175,300,14.17,0.000788858665949843
385,175,300,14.1775,0.000571722125542833
385,175,300,14.185,0.00084408741836125
385,175,300,14.1925,0.0007101237044351
385,175,300,14.2,0.000869035082120151
385,175,300,14.2075,0.00138121484265466
385,175,300,14.215,0.000606464284058316
385,175,300,14.2225,0.000641423692776444
385,175,300,14.23,0.000813907948324702
385,175,300,14.2375,0.000549627725752533
385,175,300,14.245,0.000640224741522423
385,175,300,14.2525,0.00096178811495747
385,175,300,14.26,0.000524669675427433
385,175,300,14.2675,0.000609072810077399
385,175,300,14.275,0.0010627432478846
385,175,300,14.2825,0.000964174958544136
385,175,300,14.29,0.000947353510208487
385,175,300,14.2975,0.000659873057812658
385,175,300,14.305,0.00096800323719237
385,175,300,14.3125,0.000646069685339141
385,175,300,14.32,0.00135542360414999
385,175,300,14.3275,0.000495205880238522
385,175,300,14.335,0.00116856407404854
385,175,300,14.3425,0.00138242526793177
385,175,300,14.35,0.00111844925869452
385,175,300,14.3575,0.000996154048679691
385,175,300,14.365,0.00092440069061746
385,175,300,14.3725,0.000514936838543089
385,175,300,14.38,0.000750470877068758
385,175,300,14.3875,0.00030384150183672
385,175,300,14.395,0.000475459874182007
385,175,300,14.4025,0.00064363724537338
385,175,300,14.41,0.000626191573094899
385,175,300,14.4175,0.000817779084510899
385,175,300,14.425,0.000608886289413972
385,175,300,14.4325,0.000712009774820458
385,175,300,14.44,0.000591144783227181
385,175,300,14.4475,0.000901341774919054
385,175,300,14.455,0.00086953138379199
385,175,300,14.4625,0.000510705504972775
385,175,300,14.47,0.00076182083400147
385,175,300,14.4775,0.000606550984974757
385,175,300,14.485,0.000491591875667197
385,175,300,14.4925,0.000330085211871262
385,175,300,14.5,0.000677732640285758
385,175,300,14.5075,0.000392486636455659
385,175,300,14.515,9.06233821882396e-05
385,175,300,14.5225,0.00043514941751359
385,175,300,14.53,0.000487056233770908
385,175,300,14.5375,0.00074751414576129
385,175,300,14.545,0.000450437798248038
385,175,300,14.5525,0.00112057197051545
385,175,300,14.56,0.000685808177759992
385,175,300,14.5675,0.000730832257125852
385,175,300,14.575,0.0011606379155375
385,175,300,14.5825,0.000596014331203174
385,175,300,14.59,0.000541173433801175
385,175,300,14.5975,0.000629650718826245
385,175,300,14.605,0.0006027225992932
385,175,300,14.6125,0.000634616664233816
385,175,300,14.62,0.00109567571573191
385,175,300,14.6275,0.00102349908654872
385,175,300,14.635,0.000309338130818805
385,175,300,14.6425,0.000400691082235651
385,175,300,14.65,0.000841466517710133
385,175,300,14.6575,0.000278327584388396
385,175,300,14.665,0.000430737686335816
385,175,300,14.6725,0.000628916198992344
385,175,300,14.68,0.000317283148694905
385,175,300,14.6875,0.000587123746808387
385,175,300,14.695,0.000717952066189042
385,175,300,14.7025,0.000573186721488291
385,175,300,14.71,0.000805802058497014
385,175,300,14.7175,0.000968669750245183
385,175,300,14.725,0.000859037503995836
385,175,300,14.7325,0.000476181212619718
385,175,300,14.74,0.000779077342496569
385,175,300,14.7475,0.000249390602135086
385,175,300,14.755,0.000687886492533712
385,175,300,14.7625,0.000522670632375844
385,175,300,14.77,0.000972384116167968
385,175,300,14.7775,0.000592168386065444
385,175,300,14.785,0.000736915948114185
385,175,300,14.7925,0.000669753864914468
385,175,300,14.8,0.000670564294846591
385,175,300,14.8075,0.000510242287049412
385,175,300,14.815,0.000417954310970959
385,175,300,14.8225,0.000843269811956321
385,175,300,14.83,0.000408284313279971
385,175,300,14.8375,0.000409624683679843
385,175,300,14.845,0.000713130505339934
385,175,300,14.8525,0.00119051845885644
385,175,300,14.86,0.000778303214376155
385,175,300,14.8675,0.000275506269591118
385,175,300,14.875,0.000174257909916262
385,175,300,14.8825,0.000408130617170798
385,175,300,14.89,0.000350921962149344
385,175,300,14.8975,0.000136751273044796
385,175,300,14.905,0.000309479396100895
385,175,300,14.9125,0.00050356896111303
385,175,300,14.92,0.000392449611082924
385,175,300,14.9275,0.000697309232267297
385,175,300,14.935,5.10239446606523e-05
385,175,300,14.9425,0.000882653286808785
385,175,300,14.95,0.000795817504414568
385,175,300,14.9575,0.000543919800865685
385,175,300,14.965,0.000522369573471076
385,175,300,14.9725,0.00099014006494615
385,175,300,14.98,0.000458715035914651
385,175,300,14.9875,0.000797509438101274
385,175,300,14.995,0.000347219618820238
385,175,300,15.0025,0.00044530479409458
385,175,300,15.01,0.000552492823837672
385,175,300,15.0175,0.000523359142583134
385,175,300,15.025,0.000574610741366565
385,175,300,15.0325,0.000548565148752168
385,175,300,15.04,0.0010517058461403
385,175,300,15.0475,0.000520327779104225
385,175,300,15.055,0.000531907320322871
385,175,300,15.0625,0.000608865233276584
385,175,300,15.07,0.000838087829298595
385,175,300,15.0775,0.000996242096244137
385,175,300,15.085,0.000383459995691094
385,175,300,15.0925,0.000950863432815018
385,175,300,15.1,0.000942108140289695
385,175,300,15.1075,0.000968848906396284
385,175,300,15.115,0.00078482066073435
385,175,300,15.1225,0.000660340263391817
385,175,300,15.13,0.000439334267608951
385,175,300,15.1375,0.000566256078558561
385,175,300,15.145,0.000622820194027276
385,175,300,15.1525,0.000101050241019292
385,175,300,15.16,0.000421910028990486
385,175,300,15.1675,0.000489129096981352
385,175,300,15.175,0.00034751501441619
385,175,300,15.1825,0.000618970436045842
385,175,300,15.19,0.00040292945713633
385,175,300,15.1975,0.000243427775234648
385,175,300,15.205,0.000779144635958264
385,175,300,15.2125,0.000289164687893772
385,175,300,15.22,0.000201226121488602
385,175,300,15.2275,0.000774115310005935
385,175,300,15.235,5.24839439280317e-05
385,175,300,15.2425,0.000475414034420755
385,175,300,15.25,0.000147852882841009
385,175,300,15.2575,0.000389012720964864
385,175,300,15.265,0.000426227891127965
385,175,300,15.2725,0.000564003173906744
385,175,300,15.28,0.000536261498963424
385,175,300,15.2875,0.000589764380976839
385,175,300,15.295,0.000874095287316877
385,175,300,15.3025,0.00111016308312276
385,175,300,15.31,0.000730498175953286
385,175,300,15.3175,0.00132528199209048
385,175,300,15.325,0.000755641707764133
385,175,300,15.3325,0.000677775475013382
385,175,300,15.34,0.00106963182012097
385,175,300,15.3475,0.000761789810711455
385,175,300,15.355,0.000775638248201221
385,175,300,15.3625,0.000524880554921849
385,175,300,15.37,0.00049607747030103
385,175,300,15.3775,0.00044111159105032
385,175,300,15.385,0.00039341673630102
385,175,300,15.3925,0.000171269168312082
385,175,300,15.4,0.000358838144999565
385,175,300,15.4075,0.000457718020888936
385,175,300,15.415,0.00032331156337703
385,175,300,15.4225,0.000641196463572319
385,175,300,15.43,0.000601901727932306
385,175,300,15.4375,0.000533064900376815
385,175,300,15.445,0.000482573108817431
385,175,300,15.4525,0.000830597387304435
385,175,300,15.46,0.000765252280793331
385,175,300,15.4675,0.00113204586074836
385,175,300,15.475,0.000774233804758862
385,175,300,15.4825,0.00093156159828256
385,175,300,15.49,0.00093193285793041
385,175,300,15.4975,0.000723071746358701
385,175,300,15.505,0.000619066634207233
385,175,300,15.5125,0.000834783231906867
385,175,300,15.52,0.000307686005246258
385,175,300,15.5275,7.16440750911575e-05
385,175,300,15.535,0.000561066366791166
385,175,300,15.5425,9.40717304560306e-05
385,175,300,15.55,0.000393110841094826
385,175,300,15.5575,0.000354618542446899
385,175,300,15.565,0.000515957250657754
385,175,300,15.5725,0.000522383137264341
385,175,300,15.58,0.000842315468552207
385,175,300,15.5875,0.00061634290915784
385,175,300,15.595,0.000191177565168701
385,175,300,15.6025,0.000331977817721388
385,175,300,15.61,0.000284306717287744
385,175,300,15.6175,0.000490010417597129
385,175,300,15.625,0.000244176174399726
385,175,300,15.6325,0.000113151498248665
385,175,300,15.64,0.000358921970098231
385,175,300,15.6475,0.000388761647462533
385,175,300,15.655,0.000304257252679212
385,175,300,15.6625,0.000497165502922593
385,175,300,15.67,0.000756278093018466
385,175,300,15.6775,0.000991017697558583
385,175,300,15.685,0.00112985368042241
385,175,300,15.6925,0.00112416220076238
385,175,300,15.7,0.000924639154410518
385,175,300,15.7075,0.00110802648242086
385,175,300,15.715,0.000702299800680534
385,175,300,15.7225,0.000246456365390272
385,175,300,15.73,0.000698470905295549
385,175,300,15.7375,0.000453380007545018
385,175,300,15.745,0.000394008887144965
385,175,300,15.7525,0.000497638722205078
385,175,300,15.76,0.000382708768506357
385,175,300,15.7675,0.000378671208988061
385,175,300,15.775,0.000293807837723571
385,175,300,15.7825,0.000312281624365218
385,175,300,15.79,0.000528542268144851
385,175,300,15.7975,0.000305434444203244
385,175,300,15.805,0.000799729171886381
385,175,300,15.8125,0.000445544554072017
385,175,300,15.82,0.00105890125597448
385,175,300,15.8275,0.00108570143846039
385,175,300,15.835,0.00100637257604328
385,175,300,15.8425,0.000802662705344086
385,175,300,15.85,0.000697649927617165
385,175,300,15.8575,0.000908751047341481
385,175,300,15.865,0.000433924998173975
385,175,300,15.8725,0.000886086465947167
385,175,300,15.88,0.000930936927597696
385,175,300,15.8875,0.000322897467954891
385,175,300,15.895,0.000215768830088027
385,175,300,15.9025,0.00053403896472648
385,175,300,15.91,0.00036135143843803
385,175,300,15.9175,0.000555542651006794
385,175,300,15.925,0.000255028735877461
385,175,300,15.9325,0.000123556842520158
385,175,300,15.94,0.00040543296156666
385,175,300,15.9475,0.000262323058982475
385,175,300,15.955,0.000370579290730391
385,175,300,15.9625,0.000479704193458607
385,175,300,15.97,0.000613295734035821
385,175,300,15.9775,2.6635690758467e-05
385,175,300,15.985,0.000601943604968544
385,175,300,15.9925,0.000232829253439058
385,175,300,16,0.0004210641549475
385,175,299,4,0.00653642582926033
385,175,299,4.0075,0.00640092153858811
385,175,299,4.015,0.00621093070316785
385,175,299,4.0225,0.00512871429758797
385,175,299,4.03,0.00508400848836328
385,175,299,4.0375,0.00473980091624186
385,175,299,4.045,0.0039689886614874
385,175,299,4.0525,0.00424274096254753
385,175,299,4.06,0.00400511441730911
385,175,299,4.0675,0.00452850921936459
385,175,299,4.075,0.00518926015296389
385,175,299,4.0825,0.00484856500833652
385,175,299,4.09,0.00469681613707937
385,175,299,4.0975,0.00423145417692101
385,175,299,4.105,0.00380199090230786
385,175,299,4.1125,0.0036985320578572
385,175,299,4.12,0.00342056200209155
385,175,299,4.1275,0.00397090686603398
385,175,299,4.135,0.00477834211282327
385,175,299,4.1425,0.00387447930950421
385,175,299,4.15,0.00377729316892099
385,175,299,4.1575,0.00374973898317587
385,175,299,4.165,0.00318351808695903
385,175,299,4.1725,0.00360473438917867
385,175,299,4.18,0.00282818567742122
385,175,299,4.1875,0.00291633739297036
385,175,299,4.195,0.00330288535957567
385,175,299,4.2025,0.00339906268590921
385,175,299,4.21,0.00364730776440415
385,175,299,4.2175,0.00342950588308135
385,175,299,4.225,0.00470798945838073
385,175,299,4.2325,0.00427072403116342
385,175,299,4.24,0.00414659733542281
385,175,299,4.2475,0.00439196113015927
385,175,299,4.255,0.00366014025302397
385,175,299,4.2625,0.00324522492860397
385,175,299,4.27,0.00296896106523001
385,175,299,4.2775,0.00322578766334147
385,175,299,4.285,0.00281711880440453
385,175,299,4.2925,0.00277211715754518
385,175,299,4.3,0.00283384052446995
385,175,299,4.3075,0.00252186758608447
385,175,299,4.315,0.00266956828156873
385,175,299,4.3225,0.00230658271392167
385,175,299,4.33,0.00222634567025041
385,175,299,4.3375,0.00238734939359103
385,175,299,4.345,0.00238779282463808
385,175,299,4.3525,0.00289100959960375
385,175,299,4.36,0.00262939449993991
385,175,299,4.3675,0.00260237247714962
385,175,299,4.375,0.00278437976117399
385,175,299,4.3825,0.00327337258993284
385,175,299,4.39,0.0035306190760111
385,175,299,4.3975,0.00433080136372327
385,175,299,4.405,0.00355239473704909
385,175,299,4.4125,0.00325688522983168
385,175,299,4.42,0.00350005688560384
385,175,299,4.4275,0.00335870175825901
385,175,299,4.435,0.00347434931956249
385,175,299,4.4425,0.00267441199986501
385,175,299,4.45,0.00282124856449972
385,175,299,4.4575,0.00288119547266925
385,175,299,4.465,0.00348224732780995
385,175,299,4.4725,0.00326260021011341
385,175,299,4.48,0.00349763932602302
385,175,299,4.4875,0.00378416012578824
385,175,299,4.495,0.0036445467723221
385,175,299,4.5025,0.00342842293976118
385,175,299,4.51,0.00284863080511219
385,175,299,4.5175,0.00285620361841667
385,175,299,4.525,0.00306400431296708
385,175,299,4.5325,0.00256740730558295
385,175,299,4.54,0.00253477961629022
385,175,299,4.5475,0.00258832434675153
385,175,299,4.555,0.00224285388954406
385,175,299,4.5625,0.0021534156985701
385,175,299,4.57,0.00143894976021374
385,175,299,4.5775,0.001247386521097
385,175,299,4.585,0.00113168324613715
385,175,299,4.5925,0.000920910252679355
385,175,299,4.6,0.000817700215279876
385,175,299,4.6075,0.000901325783976087
385,175,299,4.615,0.00124270215507929
385,175,299,4.6225,0.00134762480459303
385,175,299,4.63,0.00130116840211542
385,175,299,4.6375,0.00181070194647376
385,175,299,4.645,0.00188762411489369
385,175,299,4.6525,0.00228288010636351
385,175,299,4.66,0.00211409922062616
385,175,299,4.6675,0.00243484651624752
385,175,299,4.675,0.00287483029224564
385,175,299,4.6825,0.00209912537063025
385,175,299,4.69,0.00208359439820681
385,175,299,4.6975,0.00187308918251844
385,175,299,4.705,0.00238300399190695
385,175,299,4.7125,0.0015960440401189
385,175,299,4.72,0.00290599818046544
385,175,299,4.7275,0.00256833553582585
385,175,299,4.735,0.00320443117106576
385,175,299,4.7425,0.00286042447198192
385,175,299,4.75,0.00282264688688996
385,175,299,4.7575,0.00273695686300613
385,175,299,4.765,0.00206845588626277
385,175,299,4.7725,0.00242123678134751
385,175,299,4.78,0.00194237212478977
385,175,299,4.7875,0.00160805694068066
385,175,299,4.795,0.00187764737329457
385,175,299,4.8025,0.00134901063708526
385,175,299,4.81,0.00155250968232739
385,175,299,4.8175,0.000970694205765051
385,175,299,4.825,0.0010167302610817
385,175,299,4.8325,0.00102871451294232
385,175,299,4.84,0.000987313127818994
385,175,299,4.8475,0.00122724002650316
385,175,299,4.855,0.00170959099328809
385,175,299,4.8625,0.00185644737296502
385,175,299,4.87,0.00212978758718308
385,175,299,4.8775,0.0033542328406904
385,175,299,4.885,0.00230506101385308
385,175,299,4.8925,0.00249562513635129
385,175,299,4.9,0.00251802805093022
385,175,299,4.9075,0.00227199384047015
385,175,299,4.915,0.0018500367765235
385,175,299,4.9225,0.00210104324333488
385,175,299,4.93,0.00177144450973402
385,175,299,4.9375,0.00175811413296275
385,175,299,4.945,0.00101272255441301
385,175,299,4.9525,0.0010182902345126
385,175,299,4.96,0.000776624913707641
385,175,299,4.9675,0.000809400501286471
385,175,299,4.975,0.000948996116672342
385,175,299,4.9825,0.00084342063568685
385,175,299,4.99,0.00132101882775067
385,175,299,4.9975,0.00104451411925352
385,175,299,5.005,0.00127764227801148
385,175,299,5.0125,0.000932702255260004
385,175,299,5.02,0.00101950574503047
385,175,299,5.0275,0.00115187521704696
385,175,299,5.035,0.0010218262123704
385,175,299,5.0425,0.000467328697061012
385,175,299,5.05,0.000360981629985499
385,175,299,5.0575,0.000736347332279753
385,175,299,5.065,0.000505824932033723
385,175,299,5.0725,0.000768371240364306
385,175,299,5.08,0.0014587210562002
385,175,299,5.0875,0.00148775900359257
385,175,299,5.095,0.00185071400668608
385,175,299,5.1025,0.00184657856814315
385,175,299,5.11,0.002124810961174
385,175,299,5.1175,0.00204957261427394
385,175,299,5.125,0.00240421117528939
385,175,299,5.1325,0.00249375517134943
385,175,299,5.14,0.00257096795573986
385,175,299,5.1475,0.00204967389750111
385,175,299,5.155,0.00207193378105478
385,175,299,5.1625,0.00179849923116403
385,175,299,5.17,0.00100982785360388
385,175,299,5.1775,0.000459885783958182
385,175,299,5.185,0.000775204249332573
385,175,299,5.1925,0.000691028127140499
385,175,299,5.2,0.00104552907208559
385,175,299,5.2075,0.000944950212034795
385,175,299,5.215,0.00102859247072758
385,175,299,5.2225,0.00139915994470941
385,175,299,5.23,0.00122244828072251
385,175,299,5.2375,0.00115216752033239
385,175,299,5.245,0.00119220668533748
385,175,299,5.2525,0.00128943563761848
385,175,299,5.26,0.00138509447151565
385,175,299,5.2675,0.000825218086298505
385,175,299,5.275,0.000892429052071493
385,175,299,5.2825,0.000694315885620256
385,175,299,5.29,0.000531111102157946
385,175,299,5.2975,0.00020972257297178
385,175,299,5.305,0.000217733003333698
385,175,299,5.3125,0.000227847931900003
385,175,299,5.32,0.000791310383434658
385,175,299,5.3275,0.000749781104505826
385,175,299,5.335,0.00114539754033741
385,175,299,5.3425,0.00152148790225602
385,175,299,5.35,0.0016139763687597
385,175,299,5.3575,0.00183318587663318
385,175,299,5.365,0.00192855873351437
385,175,299,5.3725,0.0018534816901358
385,175,299,5.38,0.00172839016029
385,175,299,5.3875,0.00159025015550107
385,175,299,5.395,0.00168815735345404
385,175,299,5.4025,0.00159081160262123
385,175,299,5.41,0.00171995630598475
385,175,299,5.4175,0.00107158575820471
385,175,299,5.425,0.00102068822258794
385,175,299,5.4325,0.00126445636628577
385,175,299,5.44,0.00101973004703353
385,175,299,5.4475,0.00089501546972675
385,175,299,5.455,0.000468284640342705
385,175,299,5.4625,0.000977409092393425
385,175,299,5.47,0.000450448961680195
385,175,299,5.4775,0.00031771829659227
385,175,299,5.485,0.000424814259020749
385,175,299,5.4925,0.00128652404333014
385,175,299,5.5,0.0013180943116256
385,175,299,5.5075,0.00180566222169208
385,175,299,5.515,0.00135439837529608
385,175,299,5.5225,0.00202101456315302
385,175,299,5.53,0.00160967977407067
385,175,299,5.5375,0.00120100584407836
385,175,299,5.545,0.0017014802561408
385,175,299,5.5525,0.000932966184000509
385,175,299,5.56,0.00155984132530673
385,175,299,5.5675,0.0012656512904098
385,175,299,5.575,0.00181524684017876
385,175,299,5.5825,0.00200980081893727
385,175,299,5.59,0.00216580279840634
385,175,299,5.5975,0.00195258742166947
385,175,299,5.605,0.0019274544508367
385,175,299,5.6125,0.00247646542754464
385,175,299,5.62,0.00229194734055118
385,175,299,5.6275,0.00269683155133937
385,175,299,5.635,0.00235985110681624
385,175,299,5.6425,0.00225335007595444
385,175,299,5.65,0.00179286246856135
385,175,299,5.6575,0.0015539384785228
385,175,299,5.665,0.00154720969734429
385,175,299,5.6725,0.00191349522384799
385,175,299,5.68,0.00106046587064214
385,175,299,5.6875,0.000634484295129119
385,175,299,5.695,0.000438213754564264
385,175,299,5.7025,0.000557614924754784
385,175,299,5.71,0.000406401038707473
385,175,299,5.7175,0.000191999769898875
385,175,299,5.725,0.000604317136959992
385,175,299,5.7325,0.000910670347307422
385,175,299,5.74,0.00101479678478418
385,175,299,5.7475,0.00138359738751892
385,175,299,5.755,0.00133866941762987
385,175,299,5.7625,0.00123405082441628
385,175,299,5.77,0.00188317853643053
385,175,299,5.7775,0.00195989693551172
385,175,299,5.785,0.00175111996654908
385,175,299,5.7925,0.00134118483429619
385,175,299,5.8,0.00137613627045671
385,175,299,5.8075,0.00127087239987578
385,175,299,5.815,0.00116471741833403
385,175,299,5.8225,0.00115907785359037
385,175,299,5.83,0.00172119312785667
385,175,299,5.8375,0.00157383346841178
385,175,299,5.845,0.00182501324322032
385,175,299,5.8525,0.00176469046611219
385,175,299,5.86,0.00176997304356506
385,175,299,5.8675,0.00226172348049772
385,175,299,5.875,0.00227929974051646
385,175,299,5.8825,0.00169111709373184
385,175,299,5.89,0.00175251541978872
385,175,299,5.8975,0.00202136976786085
385,175,299,5.905,0.00152976859234387
385,175,299,5.9125,0.00161014596040288
385,175,299,5.92,0.00179306190920322
385,175,299,5.9275,0.00100290203625391
385,175,299,5.935,0.00151259590423597
385,175,299,5.9425,0.000855652934606186
385,175,299,5.95,0.000594434194104764
385,175,299,5.9575,0.000688118467380786
385,175,299,5.965,0.000751634445446307
385,175,299,5.9725,0.000912978460148025
385,175,299,5.98,0.00122524018615179
385,175,299,5.9875,0.00144812948498319
385,175,299,5.995,0.00118992564853483
385,175,299,6.0025,0.0013298440040258
385,175,299,6.01,0.00143869751671321
385,175,299,6.0175,0.00132974260271923
385,175,299,6.025,0.000991930147446752
385,175,299,6.0325,0.00102665068357981
385,175,299,6.04,0.000890463966692788
385,175,299,6.0475,0.000626569002761185
385,175,299,6.055,0.000555212785906769
385,175,299,6.0625,0.000629912520546017
385,175,299,6.07,0.000516767493274928
385,175,299,6.0775,0.000809216797179164
385,175,299,6.085,0.00110449251668185
385,175,299,6.0925,0.00166897308061641
385,175,299,6.1,0.00175711626762587
385,175,299,6.1075,0.00162590746425471
385,175,299,6.115,0.00167425576515478
385,175,299,6.1225,0.00199989241241336
385,175,299,6.13,0.00186267935115142
385,175,299,6.1375,0.00209278897230937
385,175,299,6.145,0.00176570296765364
385,175,299,6.1525,0.00120043022389213
385,175,299,6.16,0.00112645610929485
385,175,299,6.1675,0.000288553928802874
385,175,299,6.175,0.000582945469690984
385,175,299,6.1825,0.000328855073770651
385,175,299,6.19,0.000190640456001753
385,175,299,6.1975,0.000382391196215129
385,175,299,6.205,0.000818033846885457
385,175,299,6.2125,0.00132002520646042
385,175,299,6.22,0.00128284058475502
385,175,299,6.2275,0.00172862657866856
385,175,299,6.235,0.00156194601901323
385,175,299,6.2425,0.00216877016814574
385,175,299,6.25,0.00230737373347103
385,175,299,6.2575,0.00213992870316957
385,175,299,6.265,0.00211497001183421
385,175,299,6.2725,0.00217288276104133
385,175,299,6.28,0.00192203008169899
385,175,299,6.2875,0.00233817574246174
385,175,299,6.295,0.00150892145824632
385,175,299,6.3025,0.00157799610003498
385,175,299,6.31,0.00162621723963679
385,175,299,6.3175,0.00130055479830556
385,175,299,6.325,0.00152239721948825
385,175,299,6.3325,0.00156188279352158
385,175,299,6.34,0.00181642181496987
385,175,299,6.3475,0.00193688734284495
385,175,299,6.355,0.00196065829556025
385,175,299,6.3625,0.00222880310527825
385,175,299,6.37,0.00196443607716631
385,175,299,6.3775,0.00178735283554051
385,175,299,6.385,0.00173617876343496
385,175,299,6.3925,0.00176423545582639
385,175,299,6.4,0.00104930977809309
385,175,299,6.4075,0.000824993163295554
385,175,299,6.415,0.000897239268995991
385,175,299,6.4225,7.59729431357123e-05
385,175,299,6.43,0.00027360093261768
385,175,299,6.4375,0.000816212148907776
385,175,299,6.445,0.00134957441269986
385,175,299,6.4525,0.000934077032505018
385,175,299,6.46,0.000911160079600555
385,175,299,6.4675,0.00153170771479182
385,175,299,6.475,0.00198572838037148
385,175,299,6.4825,0.0017579184438679
385,175,299,6.49,0.00152476379617633
385,175,299,6.4975,0.001739220791644
385,175,299,6.505,0.00191244255482275
385,175,299,6.5125,0.00197917810165729
385,175,299,6.52,0.00111340454523504
385,175,299,6.5275,0.00175714598211572
385,175,299,6.535,0.00163791141292453
385,175,299,6.5425,0.00135408750311321
385,175,299,6.55,0.00207115454453907
385,175,299,6.5575,0.0025061505781294
385,175,299,6.565,0.00238705837207898
385,175,299,6.5725,0.00234284460655507
385,175,299,6.58,0.0019008974757561
385,175,299,6.5875,0.00235050448993443
385,175,299,6.595,0.00237290409218849
385,175,299,6.6025,0.00238115085538265
385,175,299,6.61,0.00266515970518075
385,175,299,6.6175,0.00246869002343352
385,175,299,6.625,0.00255649355050028
385,175,299,6.6325,0.00242878088770851
385,175,299,6.64,0.00222042281586501
385,175,299,6.6475,0.00176857883085372
385,175,299,6.655,0.00186613591091158
385,175,299,6.6625,0.00191439997292599
385,175,299,6.67,0.00174413377381647
385,175,299,6.6775,0.00171823087060521
385,175,299,6.685,0.00115623408481946
385,175,299,6.6925,0.00100193859274242
385,175,299,6.7,0.00172964179944717
385,175,299,6.7075,0.00107819085309741
385,175,299,6.715,0.000897812920522403
385,175,299,6.7225,0.0011651032078493
385,175,299,6.73,0.00189164868418512
385,175,299,6.7375,0.00174018037170771
385,175,299,6.745,0.00178333712248775
385,175,299,6.7525,0.00173497449616074
385,175,299,6.76,0.00180086936645423
385,175,299,6.7675,0.0016817648356867
385,175,299,6.775,0.00162950572136734
385,175,299,6.7825,0.00157598784974393
385,175,299,6.79,0.00168213675416478
385,175,299,6.7975,0.00142103250079038
385,175,299,6.805,0.00152488264513713
385,175,299,6.8125,0.00223112339566378
385,175,299,6.82,0.00227153908432776
385,175,299,6.8275,0.00249821704963068
385,175,299,6.835,0.00231881211064874
385,175,299,6.8425,0.00212743623046253
385,175,299,6.85,0.00223393582664641
385,175,299,6.8575,0.00235123093719721
385,175,299,6.865,0.00201133556147899
385,175,299,6.8725,0.00231553606584091
385,175,299,6.88,0.00270187830015576
385,175,299,6.8875,0.00245993174665777
385,175,299,6.895,0.00225671963711388
385,175,299,6.9025,0.00224927342122217
385,175,299,6.91,0.00163791127865684
385,175,299,6.9175,0.00169209739082234
385,175,299,6.925,0.00147018863607748
385,175,299,6.9325,0.00106374953572914
385,175,299,6.94,0.00069464237990841
385,175,299,6.9475,0.000918782845171935
385,175,299,6.955,0.00119554081604667
385,175,299,6.9625,0.00188843495513856
385,175,299,6.97,0.00163054201596704
385,175,299,6.9775,0.00240866630388712
385,175,299,6.985,0.00241098638687911
385,175,299,6.9925,0.00308201457389986
385,175,299,7,0.00304350961261147
385,175,299,7.0075,0.00351435737926936
385,175,299,7.015,0.00337304889339361
385,175,299,7.0225,0.00350819467949528
385,175,299,7.03,0.00347796508313009
385,175,299,7.0375,0.00264861217915523
385,175,299,7.045,0.00242784678968279
385,175,299,7.0525,0.0027106424941342
385,175,299,7.06,0.00208533646898786
385,175,299,7.0675,0.00282261551400948
385,175,299,7.075,0.00207560475793389
385,175,299,7.0825,0.0020398048425184
385,175,299,7.09,0.00206459193624646
385,175,299,7.0975,0.00216592935556201
385,175,299,7.105,0.00254349544817937
385,175,299,7.1125,0.00272323263114229
385,175,299,7.12,0.00219487133681956
385,175,299,7.1275,0.00268139435193994
385,175,299,7.135,0.00255740089530208
385,175,299,7.1425,0.0029007954731033
385,175,299,7.15,0.00302375011570213
385,175,299,7.1575,0.00268717165053958
385,175,299,7.165,0.00229119137051876
385,175,299,7.1725,0.00203081492033652
385,175,299,7.18,0.00219886339518436
385,175,299,7.1875,0.0015488969099609
385,175,299,7.195,0.00130139933016381
385,175,299,7.2025,0.00175102078954895
385,175,299,7.21,0.00206324886257946
385,175,299,7.2175,0.00241951347137275
385,175,299,7.225,0.00209732023902893
385,175,299,7.2325,0.00210363820235907
385,175,299,7.24,0.001954336498037
385,175,299,7.2475,0.003182282965668
385,175,299,7.255,0.00269137494707934
385,175,299,7.2625,0.00281151632335662
385,175,299,7.27,0.00285022778339142
385,175,299,7.2775,0.00296591200519048
385,175,299,7.285,0.0024424256321323
385,175,299,7.2925,0.00256229009967077
385,175,299,7.3,0.00171966683948046
385,175,299,7.3075,0.00199801494662775
385,175,299,7.315,0.00147293307317282
385,175,299,7.3225,0.00118837303981719
385,175,299,7.33,0.00157854342653077
385,175,299,7.3375,0.00215147634051845
385,175,299,7.345,0.0023429848203938
385,175,299,7.3525,0.00258296117092927
385,175,299,7.36,0.0029240134229671
385,175,299,7.3675,0.00285518268467693
385,175,299,7.375,0.00284514563566253
385,175,299,7.3825,0.00357420994353796
385,175,299,7.39,0.00324320208144883
385,175,299,7.3975,0.00304652285284134
385,175,299,7.405,0.00352435242926677
385,175,299,7.4125,0.00290766416225776
385,175,299,7.42,0.00242391107089929
385,175,299,7.4275,0.00220585492580224
385,175,299,7.435,0.00166851015798276
385,175,299,7.4425,0.00143778403940789
385,175,299,7.45,0.00193654172670127
385,175,299,7.4575,0.00100347684968642
385,175,299,7.465,0.00171959931081332
385,175,299,7.4725,0.00200781933129595
385,175,299,7.48,0.00187671285536264
385,175,299,7.4875,0.00277430792800156
385,175,299,7.495,0.0025392621967251
385,175,299,7.5025,0.00273363170656192
385,175,299,7.51,0.00282245360776154
385,175,299,7.5175,0.00241435091574607
385,175,299,7.525,0.00233412326564333
385,175,299,7.5325,0.00277790878199004
385,175,299,7.54,0.00301701233627387
385,175,299,7.5475,0.00260379492937711
385,175,299,7.555,0.00312692093891547
385,175,299,7.5625,0.00236612249750996
385,175,299,7.57,0.00216325804050152
385,175,299,7.5775,0.0026938161743397
385,175,299,7.585,0.00206787839459403
385,175,299,7.5925,0.00236884162074567
385,175,299,7.6,0.00253349665788138
385,175,299,7.6075,0.00213152113627454
385,175,299,7.615,0.00279445624716382
385,175,299,7.6225,0.00263422801418698
385,175,299,7.63,0.00261302014080998
385,175,299,7.6375,0.00279773806188833
385,175,299,7.645,0.00239822123493896
385,175,299,7.6525,0.00274306393524313
385,175,299,7.66,0.00229293111565576
385,175,299,7.6675,0.00203881904542449
385,175,299,7.675,0.00135357677182999
385,175,299,7.6825,0.00129495213713225
385,175,299,7.69,0.00155421613093093
385,175,299,7.6975,0.000653766872850583
385,175,299,7.705,0.0011720189155386
385,175,299,7.7125,0.00100646702038351
385,175,299,7.72,0.00191167745383192
385,175,299,7.7275,0.0023936767496857
385,175,299,7.735,0.0023873495308773
385,175,299,7.7425,0.00243683855472409
385,175,299,7.75,0.00271509542161733
385,175,299,7.7575,0.00303829926501966
385,175,299,7.765,0.00343090112929656
385,175,299,7.7725,0.00321996918695235
385,175,299,7.78,0.00298634827557819
385,175,299,7.7875,0.00292396365018288
385,175,299,7.795,0.00257243475689586
385,175,299,7.8025,0.00273807411478402
385,175,299,7.81,0.00257539750216859
385,175,299,7.8175,0.00203769158256488
385,175,299,7.825,0.00260270725047689
385,175,299,7.8325,0.00201516775387779
385,175,299,7.84,0.00207756740122628
385,175,299,7.8475,0.0020342027826859
385,175,299,7.855,0.00273426742563776
385,175,299,7.8625,0.0025718668763152
385,175,299,7.87,0.0031143069843807
385,175,299,7.8775,0.00307020343263446
385,175,299,7.885,0.0030637020602569
385,175,299,7.8925,0.00354583868298727
385,175,299,7.9,0.00334355086979435
385,175,299,7.9075,0.00265811397612167
385,175,299,7.915,0.00311329758013299
385,175,299,7.9225,0.00288417533490017
385,175,299,7.93,0.002555302646729
385,175,299,7.9375,0.00225537460013686
385,175,299,7.945,0.00157585311107092
385,175,299,7.9525,0.00175829096304616
385,175,299,7.96,0.00154857123236021
385,175,299,7.9675,0.00185648693420664
385,175,299,7.975,0.00234108909912403
385,175,299,7.9825,0.00177860276244856
385,175,299,7.99,0.00209012219969725
385,175,299,7.9975,0.00237360635922887
385,175,299,8.005,0.0023109696372843
385,175,299,8.0125,0.0026170053945954
385,175,299,8.02,0.00251649305873695
385,175,299,8.0275,0.00282720162128478
385,175,299,8.035,0.00275009096616543
385,175,299,8.0425,0.00170676912224051
385,175,299,8.05,0.00141229217937677
385,175,299,8.0575,0.00178606750374232
385,175,299,8.065,0.00179374334891039
385,175,299,8.0725,0.00138706578465916
385,175,299,8.08,0.00209822732343618
385,175,299,8.0875,0.00222894257042068
385,175,299,8.095,0.00232337386310471
385,175,299,8.1025,0.00218383829359972
385,175,299,8.11,0.00325119519461662
385,175,299,8.1175,0.00304099865738507
385,175,299,8.125,0.00361540531482641
385,175,299,8.1325,0.00355519195599236
385,175,299,8.14,0.00325452158305948
385,175,299,8.1475,0.00357609926972388
385,175,299,8.155,0.00307077947842665
385,175,299,8.1625,0.00321398202185883
385,175,299,8.17,0.00276539516822114
385,175,299,8.1775,0.00303186441026166
385,175,299,8.185,0.00257469033456166
385,175,299,8.1925,0.00291096580655676
385,175,299,8.2,0.00232263199186114
385,175,299,8.2075,0.0024826326144555
385,175,299,8.215,0.00286760087771526
385,175,299,8.2225,0.00284852480021437
385,175,299,8.23,0.00288131039925231
385,175,299,8.2375,0.00266177024562558
385,175,299,8.245,0.00260984198123511
385,175,299,8.2525,0.00259983131634982
385,175,299,8.26,0.00268316628441098
385,175,299,8.2675,0.00290433933530274
385,175,299,8.275,0.00369469465790103
385,175,299,8.2825,0.00265681167912879
385,175,299,8.29,0.00288708243548663
385,175,299,8.2975,0.0031984241581579
385,175,299,8.305,0.00281441898332103
385,175,299,8.3125,0.00280240807990961
385,175,299,8.32,0.00215336138595112
385,175,299,8.3275,0.00194123736059694
385,175,299,8.335,0.00209714742158845
385,175,299,8.3425,0.00203811249067423
385,175,299,8.35,0.00244698148227939
385,175,299,8.3575,0.00196438509086657
385,175,299,8.365,0.00206900752157757
385,175,299,8.3725,0.00225399680193667
385,175,299,8.38,0.00216502289070303
385,175,299,8.3875,0.00272184207948684
385,175,299,8.395,0.00241585571693726
385,175,299,8.4025,0.00211059853322003
385,175,299,8.41,0.00235802784933489
385,175,299,8.4175,0.00221155090762696
385,175,299,8.425,0.00203386620523856
385,175,299,8.4325,0.00197156355472306
385,175,299,8.44,0.00183270193369294
385,175,299,8.4475,0.00164147619823962
385,175,299,8.455,0.00176333693894086
385,175,299,8.4625,0.00247915650556971
385,175,299,8.47,0.00267607565810562
385,175,299,8.4775,0.00255863813398909
385,175,299,8.485,0.00373108641273098
385,175,299,8.4925,0.00309470428562823
385,175,299,8.5,0.00338680169571844
385,175,299,8.5075,0.00347113332966316
385,175,299,8.515,0.00328530594116192
385,175,299,8.5225,0.00277859919717875
385,175,299,8.53,0.00333291486928073
385,175,299,8.5375,0.00311941628533643
385,175,299,8.545,0.00295628187269819
385,175,299,8.5525,0.00270058510760474
385,175,299,8.56,0.00199347909144761
385,175,299,8.5675,0.0023343054322715
385,175,299,8.575,0.00170883463274157
385,175,299,8.5825,0.00205553797082083
385,175,299,8.59,0.00169317430432586
385,175,299,8.5975,0.00120294224172978
385,175,299,8.605,0.00181644511234274
385,175,299,8.6125,0.00231155276159659
385,175,299,8.62,0.00247400442442315
385,175,299,8.6275,0.00220453118806616
385,175,299,8.635,0.00305252962700764
385,175,299,8.6425,0.00298675206614695
385,175,299,8.65,0.00311623373570937
385,175,299,8.6575,0.00333761274417868
385,175,299,8.665,0.00288244886536965
385,175,299,8.6725,0.0030263717870527
385,175,299,8.68,0.00241867040247626
385,175,299,8.6875,0.00233376770587182
385,175,299,8.695,0.00223509034818951
385,175,299,8.7025,0.00169399546589674
385,175,299,8.71,0.00159854636158802
385,175,299,8.7175,0.00133950699449086
385,175,299,8.725,0.0021238088588623
385,175,299,8.7325,0.00188459803934437
385,175,299,8.74,0.00246158250906482
385,175,299,8.7475,0.00253174838703751
385,175,299,8.755,0.0032805513748502
385,175,299,8.7625,0.00300282292145015
385,175,299,8.77,0.00302739393882162
385,175,299,8.7775,0.00312066182439056
385,175,299,8.785,0.00235532751301549
385,175,299,8.7925,0.00228362095574553
385,175,299,8.8,0.00210822732100303
385,175,299,8.8075,0.00144488659687641
385,175,299,8.815,0.00172764891159879
385,175,299,8.8225,0.00171558541954192
385,175,299,8.83,0.00120821819696705
385,175,299,8.8375,0.00114173082661679
385,175,299,8.845,0.00186094718344566
385,175,299,8.8525,0.00163060163717666
385,175,299,8.86,0.00183862216009156
385,175,299,8.8675,0.00218221378175462
385,175,299,8.875,0.00228359375448327
385,175,299,8.8825,0.0020973915960744
385,175,299,8.89,0.00241919343430129
385,175,299,8.8975,0.00201892476422144
385,175,299,8.905,0.003006230426799
385,175,299,8.9125,0.00226176179482062
385,175,299,8.92,0.00215964516848344
385,175,299,8.9275,0.00234494175007864
385,175,299,8.935,0.00238328054115127
385,175,299,8.9425,0.00204659980552027
385,175,299,8.95,0.00191167205084555
385,175,299,8.9575,0.00247672105429134
385,175,299,8.965,0.00214891534584047
385,175,299,8.9725,0.0028093450370705
385,175,299,8.98,0.00219001640674924
385,175,299,8.9875,0.0027015074264517
385,175,299,8.995,0.00310404287586811
385,175,299,9.0025,0.00353113979875393
385,175,299,9.01,0.00346988510729837
385,175,299,9.0175,0.00342023232931292
385,175,299,9.025,0.00353258884288862
385,175,299,9.0325,0.00318775863693926
385,175,299,9.04,0.00297447866474589
385,175,299,9.0475,0.00253651850128904
385,175,299,9.055,0.00279109479755523
385,175,299,9.0625,0.00200331349278777
385,175,299,9.07,0.00152364991381023
385,175,299,9.0775,0.00158944101111717
385,175,299,9.085,0.00162762952339465
385,175,299,9.0925,0.00153408890845096
385,175,299,9.1,0.00146195188774512
385,175,299,9.1075,0.00132228408608648
385,175,299,9.115,0.00158257095463166
385,175,299,9.1225,0.00170658153643567
385,175,299,9.13,0.00177053664323711
385,175,299,9.1375,0.0017063409216466
385,175,299,9.145,0.00228153260292082
385,175,299,9.1525,0.00229253346945777
385,175,299,9.16,0.00196656328836047
385,175,299,9.1675,0.00235325236515894
385,175,299,9.175,0.00216692897599893
385,175,299,9.1825,0.00191697576662261
385,175,299,9.19,0.001627600299792
385,175,299,9.1975,0.00126890254611202
385,175,299,9.205,0.00179490009494846
385,175,299,9.2125,0.00188492418179361
385,175,299,9.22,0.00160577970736134
385,175,299,9.2275,0.00152741761276092
385,175,299,9.235,0.00168801141065391
385,175,299,9.2425,0.00227533857986375
385,175,299,9.25,0.00216719453559491
385,175,299,9.2575,0.00240515698501187
385,175,299,9.265,0.00250402692297203
385,175,299,9.2725,0.00268360879290772
385,175,299,9.28,0.00232806302290213
385,175,299,9.2875,0.00278121168717114
385,175,299,9.295,0.00177004868454566
385,175,299,9.3025,0.00204932922445165
385,175,299,9.31,0.00186753307004835
385,175,299,9.3175,0.0022384459779132
385,175,299,9.325,0.00234205504422768
385,175,299,9.3325,0.00202729967976991
385,175,299,9.34,0.00154875577969334
385,175,299,9.3475,0.00182357286402822
385,175,299,9.355,0.00137248038149515
385,175,299,9.3625,0.00195269967475371
385,175,299,9.37,0.00144703606620241
385,175,299,9.3775,0.00165807472124471
385,175,299,9.385,0.00226617267298699
385,175,299,9.3925,0.00226118675853903
385,175,299,9.4,0.00278453047049758
385,175,299,9.4075,0.00212779945095889
385,175,299,9.415,0.00221305197100438
385,175,299,9.4225,0.00273620179575892
385,175,299,9.43,0.00222239589803261
385,175,299,9.4375,0.0026503382518651
385,175,299,9.445,0.00164815472416251
385,175,299,9.4525,0.00208099657480092
385,175,299,9.46,0.00186430615890912
385,175,299,9.4675,0.0015036905879099
385,175,299,9.475,0.00181682173074281
385,175,299,9.4825,0.00192733615461907
385,175,299,9.49,0.00197667748882649
385,175,299,9.4975,0.00182920787936427
385,175,299,9.505,0.00243140701683365
385,175,299,9.5125,0.00275036246726991
385,175,299,9.52,0.00193963267624171
385,175,299,9.5275,0.0026831435430721
385,175,299,9.535,0.00248143316790326
385,175,299,9.5425,0.00277717853474882
385,175,299,9.55,0.00270236817286596
385,175,299,9.5575,0.00236371888822649
385,175,299,9.565,0.00203757118588932
385,175,299,9.5725,0.00146558181106938
385,175,299,9.58,0.00090792376284433
385,175,299,9.5875,0.0011141019547774
385,175,299,9.595,0.000951806953795913
385,175,299,9.6025,0.000562163927078489
385,175,299,9.61,0.000816835369016866
385,175,299,9.6175,0.00105721637106416
385,175,299,9.625,0.00128131728385915
385,175,299,9.6325,0.0015747456614732
385,175,299,9.64,0.00191410653441874
385,175,299,9.6475,0.00243970606441814
385,175,299,9.655,0.00218639480295369
385,175,299,9.6625,0.00267011136180689
385,175,299,9.67,0.00243970506129936
385,175,299,9.6775,0.00236117185595069
385,175,299,9.685,0.00162779970349093
385,175,299,9.6925,0.00188256000770828
385,175,299,9.7,0.00210628982771427
385,175,299,9.7075,0.00171443448045376
385,175,299,9.715,0.00202116630445947
385,175,299,9.7225,0.00188503282726455
385,175,299,9.73,0.00196851762901959
385,175,299,9.7375,0.00246354127606517
385,175,299,9.745,0.00262102689104364
385,175,299,9.7525,0.00244680592584204
385,175,299,9.76,0.00291310058666902
385,175,299,9.7675,0.00315993595763288
385,175,299,9.775,0.0030229471768481
385,175,299,9.7825,0.00295657952869135
385,175,299,9.79,0.0028033302859317
385,175,299,9.7975,0.00301283433804926
385,175,299,9.805,0.0025153308413594
385,175,299,9.8125,0.0021481552577806
385,175,299,9.82,0.00194792179194366
385,175,299,9.8275,0.00184353796097639
385,175,299,9.835,0.00146012552481789
385,175,299,9.8425,0.00136332312838137
385,175,299,9.85,0.00121612292587839
385,175,299,9.8575,0.00131160518112416
385,175,299,9.865,0.0019790066833398
385,175,299,9.8725,0.00150581222302709
385,175,299,9.88,0.00167306454113832
385,175,299,9.8875,0.00116628895448149
385,175,299,9.895,0.00180294427596102
385,175,299,9.9025,0.00232819433059095
385,175,299,9.91,0.00169094218888769
385,175,299,9.9175,0.00161700606033873
385,175,299,9.925,0.00206485200366847
385,175,299,9.9325,0.00173384686542424
385,175,299,9.94,0.00205572523917655
385,175,299,9.9475,0.00152941805948879
385,175,299,9.955,0.00154063497199475
385,175,299,9.9625,0.00179692604755402
385,175,299,9.97,0.00178391758612035
385,175,299,9.9775,0.00207660643176126
385,175,299,9.985,0.00199101183876291
385,175,299,9.9925,0.00229005760999298
385,175,299,10,0.0025618601153237
385,175,299,10.0075,0.0031895016295893
385,175,299,10.015,0.00259676578981075
385,175,299,10.0225,0.00279821499906879
385,175,299,10.03,0.00289116889837612
385,175,299,10.0375,0.00236972746574979
385,175,299,10.045,0.00281103053582742
385,175,299,10.0525,0.00256986322227639
385,175,299,10.06,0.00225945352184524
385,175,299,10.0675,0.00211700803432889
385,175,299,10.075,0.00148914126754533
385,175,299,10.0825,0.00176633042071165
385,175,299,10.09,0.00197129984487677
385,175,299,10.0975,0.00159584053287102
385,175,299,10.105,0.00131179155060184
385,175,299,10.1125,0.00169390106156387
385,175,299,10.12,0.00163085827838655
385,175,299,10.1275,0.0019491403644645
385,175,299,10.135,0.00211550228790901
385,175,299,10.1425,0.00217097349955394
385,175,299,10.15,0.00207354453231331
385,175,299,10.1575,0.00239863880866347
385,175,299,10.165,0.00231932777398017
385,175,299,10.1725,0.00204714982712315
385,175,299,10.18,0.00218275562362784
385,175,299,10.1875,0.0018455510378259
385,175,299,10.195,0.0021969020948534
385,175,299,10.2025,0.0018035016738921
385,175,299,10.21,0.00173777837452999
385,175,299,10.2175,0.00228459923733324
385,175,299,10.225,0.00192625712558234
385,175,299,10.2325,0.00179874077552351
385,175,299,10.24,0.00180535035939661
385,175,299,10.2475,0.0021321886470046
385,175,299,10.255,0.00159416644075426
385,175,299,10.2625,0.00210853329391075
385,175,299,10.27,0.0021152720246804
385,175,299,10.2775,0.00191123235888782
385,175,299,10.285,0.00207362618578128
385,175,299,10.2925,0.00155082358367015
385,175,299,10.3,0.00176578284414033
385,175,299,10.3075,0.00114173177579148
385,175,299,10.315,0.00130972435735086
385,175,299,10.3225,0.00124136056744438
385,175,299,10.33,0.000982530559200991
385,175,299,10.3375,0.000590809302898776
385,175,299,10.345,0.000710308317491864
385,175,299,10.3525,0.00040915731642193
385,175,299,10.36,0.000463714895398976
385,175,299,10.3675,0.000570005830559249
385,175,299,10.375,0.000600062651343388
385,175,299,10.3825,0.00103322606637132
385,175,299,10.39,0.00107815267702246
385,175,299,10.3975,0.00157948757621134
385,175,299,10.405,0.00179849645735639
385,175,299,10.4125,0.0017958607234614
385,175,299,10.42,0.00202425657780911
385,175,299,10.4275,0.00165120030158629
385,175,299,10.435,0.00141859571203612
385,175,299,10.4425,0.00200339006736224
385,175,299,10.45,0.00178970076150431
385,175,299,10.4575,0.00212291198705219
385,175,299,10.465,0.00138655844901757
385,175,299,10.4725,0.00162476741098754
385,175,299,10.48,0.00153287071277296
385,175,299,10.4875,0.00175330823094185
385,175,299,10.495,0.00129800326632814
385,175,299,10.5025,0.00121123959458698
385,175,299,10.51,0.00180593809295433
385,175,299,10.5175,0.00166896508887757
385,175,299,10.525,0.0018409327140414
385,175,299,10.5325,0.00163588032780913
385,175,299,10.54,0.00161677957361447
385,175,299,10.5475,0.00185000794843218
385,175,299,10.555,0.00182189319589802
385,175,299,10.5625,0.0019733782142701
385,175,299,10.57,0.00147613173462713
385,175,299,10.5775,0.0020103995338731
385,175,299,10.585,0.000724265275810237
385,175,299,10.5925,0.000648445204586733
385,175,299,10.6,0.000932992205910428
385,175,299,10.6075,0.000448671293875761
385,175,299,10.615,0.00038143999129439
385,175,299,10.6225,0.000260564043522315
385,175,299,10.63,0.000757809149526123
385,175,299,10.6375,0.000755133379466666
385,175,299,10.645,0.000319590229842564
385,175,299,10.6525,0.000837406258653232
385,175,299,10.66,0.00114363067339099
385,175,299,10.6675,0.000871875501495508
385,175,299,10.675,0.00119551993785352
385,175,299,10.6825,0.00116486150581465
385,175,299,10.69,0.00107987509628886
385,175,299,10.6975,0.00131916648569117
385,175,299,10.705,0.0014573425503957
385,175,299,10.7125,0.00126969204520578
385,175,299,10.72,0.000986602654252322
385,175,299,10.7275,0.00164093508837821
385,175,299,10.735,0.000773941634962153
385,175,299,10.7425,0.00079676417597317
385,175,299,10.75,0.000931453022634673
385,175,299,10.7575,0.00153603866331854
385,175,299,10.765,0.00125007501123473
385,175,299,10.7725,0.00141635472800306
385,175,299,10.78,0.00147552459041636
385,175,299,10.7875,0.00150155281314881
385,175,299,10.795,0.00136665341263196
385,175,299,10.8025,0.00123887996021847
385,175,299,10.81,0.000937189083679744
385,175,299,10.8175,0.00112505450926374
385,175,299,10.825,0.00100617151978128
385,175,299,10.8325,0.00088645738967504
385,175,299,10.84,0.000705945320802535
385,175,299,10.8475,0.000722908008402328
385,175,299,10.855,0.000878894039601131
385,175,299,10.8625,0.000809402898833873
385,175,299,10.87,0.000910070722393394
385,175,299,10.8775,0.00120103356612817
385,175,299,10.885,0.000943122201387745
385,175,299,10.8925,0.00167491600335166
385,175,299,10.9,0.0019078124596782
385,175,299,10.9075,0.00203960669944428
385,175,299,10.915,0.00147300881471669
385,175,299,10.9225,0.00180142358450697
385,175,299,10.93,0.0020578646550505
385,175,299,10.9375,0.00212163431092877
385,175,299,10.945,0.00164258590479045
385,175,299,10.9525,0.00183560910917041
385,175,299,10.96,0.00158957763672302
385,175,299,10.9675,0.00119749796392236
385,175,299,10.975,0.00150507612286832
385,175,299,10.9825,0.000712735489238925
385,175,299,10.99,0.000820237306551268
385,175,299,10.9975,0.000546857167883855
385,175,299,11.005,0.000571573570856673
385,175,299,11.0125,0.000615429566757346
385,175,299,11.02,0.000720040168041599
385,175,299,11.0275,0.000998008612643392
385,175,299,11.035,0.00093109495350077
385,175,299,11.0425,0.000749644282048486
385,175,299,11.05,0.00121954991957973
385,175,299,11.0575,0.00131239729224302
385,175,299,11.065,0.00125674110466198
385,175,299,11.0725,0.000381459152284765
385,175,299,11.08,0.000787549094272882
385,175,299,11.0875,0.00057105969875332
385,175,299,11.095,0.000466653238119219
385,175,299,11.1025,0.00081171163729265
385,175,299,11.11,0.000877745653785085
385,175,299,11.1175,0.000723275876813536
385,175,299,11.125,0.000583687656042638
385,175,299,11.1325,0.000925140868057534
385,175,299,11.14,0.000832042135593085
385,175,299,11.1475,0.00115056900130698
385,175,299,11.155,0.00106572684839695
385,175,299,11.1625,0.00143336002621269
385,175,299,11.17,0.00127687915808441
385,175,299,11.1775,0.00144270591119322
385,175,299,11.185,0.00114658717788822
385,175,299,11.1925,0.00110048795296233
385,175,299,11.2,0.00145593967267639
385,175,299,11.2075,0.00102365825289193
385,175,299,11.215,0.000873828100488751
385,175,299,11.2225,0.00107083003728218
385,175,299,11.23,0.000688316572421529
385,175,299,11.2375,0.00114379460243501
385,175,299,11.245,0.0010272211216567
385,175,299,11.2525,0.0010835731642613
385,175,299,11.26,0.00136242757727492
385,175,299,11.2675,0.00139064083424519
385,175,299,11.275,0.00119446592085159
385,175,299,11.2825,0.00157959966291673
385,175,299,11.29,0.00184117289532328
385,175,299,11.2975,0.0012756617034887
385,175,299,11.305,0.00159221189519719
385,175,299,11.3125,0.00125398671674578
385,175,299,11.32,0.00147185479553112
385,175,299,11.3275,0.000656784510317984
385,175,299,11.335,0.000854429377383377
385,175,299,11.3425,0.00108509123462821
385,175,299,11.35,0.00107818117142807
385,175,299,11.3575,0.00105409850474436
385,175,299,11.365,0.000676128840972897
385,175,299,11.3725,0.000868000058538895
385,175,299,11.38,0.00112838510304022
385,175,299,11.3875,0.00124500841880315
385,175,299,11.395,0.00136948993130004
385,175,299,11.4025,0.00146253808107388
385,175,299,11.41,0.00142029235950074
385,175,299,11.4175,0.00163476296877497
385,175,299,11.425,0.00118162547286279
385,175,299,11.4325,0.00165113642419336
385,175,299,11.44,0.00168828415175395
385,175,299,11.4475,0.0015492564839001
385,175,299,11.455,0.00112071751342785
385,175,299,11.4625,0.00102180754366066
385,175,299,11.47,0.00138228910202399
385,175,299,11.4775,0.00073697291743262
385,175,299,11.485,0.000601760070494524
385,175,299,11.4925,0.000509172793276751
385,175,299,11.5,0.000391378811658254
385,175,299,11.5075,0.000512145040052645
385,175,299,11.515,0.000444855019223296
385,175,299,11.5225,0.00078496503914064
385,175,299,11.53,0.00066948485342975
385,175,299,11.5375,0.00129244968340207
385,175,299,11.545,0.00162569676918248
385,175,299,11.5525,0.00183878153641551
385,175,299,11.56,0.00153693225091238
385,175,299,11.5675,0.00150934336023447
385,175,299,11.575,0.00134612908218309
385,175,299,11.5825,0.00175182955052219
385,175,299,11.59,0.00127341315617005
385,175,299,11.5975,0.00125284969592332
385,175,299,11.605,0.00115046163715666
385,175,299,11.6125,0.00136118956527324
385,175,299,11.62,0.0017424321904633
385,175,299,11.6275,0.00176623340725147
385,175,299,11.635,0.00183391365192885
385,175,299,11.6425,0.0017472777561758
385,175,299,11.65,0.00208226395626204
385,175,299,11.6575,0.00197875402415117
385,175,299,11.665,0.00203983691591043
385,175,299,11.6725,0.00180388777547134
385,175,299,11.68,0.0019189214754555
385,175,299,11.6875,0.00200742521910436
385,175,299,11.695,0.00205657315706646
385,175,299,11.7025,0.00152161118157784
385,175,299,11.71,0.00162918979152796
385,175,299,11.7175,0.00177661657310559
385,175,299,11.725,0.00100168236631562
385,175,299,11.7325,0.000836880375553273
385,175,299,11.74,0.000355681977695818
385,175,299,11.7475,0.000338812072401255
385,175,299,11.755,0.000699215635110907
385,175,299,11.7625,0.000424499592749239
385,175,299,11.77,0.000500328447432647
385,175,299,11.7775,0.00104562997793999
385,175,299,11.785,0.00116037160746632
385,175,299,11.7925,0.00107499287453953
385,175,299,11.8,0.0013302816574698
385,175,299,11.8075,0.00143126606825268
385,175,299,11.815,0.00172913698406134
385,175,299,11.8225,0.00108779791147046
385,175,299,11.83,0.00117453354074891
385,175,299,11.8375,0.00082226015632994
385,175,299,11.845,0.000663514879378465
385,175,299,11.8525,0.000885853439194968
385,175,299,11.86,0.0010214866350487
385,175,299,11.8675,0.00053628146683975
385,175,299,11.875,0.00100522698567288
385,175,299,11.8825,0.0012387024971217
385,175,299,11.89,0.00133343887155324
385,175,299,11.8975,0.00128330451942337
385,175,299,11.905,0.00145494493029031
385,175,299,11.9125,0.00173272523252391
385,175,299,11.92,0.00115090721358873
385,175,299,11.9275,0.00135665066243521
385,175,299,11.935,0.001486765972885
385,175,299,11.9425,0.00168938829628738
385,175,299,11.95,0.00129842372468749
385,175,299,11.9575,0.00128571449070701
385,175,299,11.965,0.00094576065159611
385,175,299,11.9725,0.000859366154398259
385,175,299,11.98,0.000831468474685142
385,175,299,11.9875,0.000937671623528634
385,175,299,11.995,0.000700388361568454
385,175,299,12.0025,0.000621338008317683
385,175,299,12.01,0.000502740148843528
385,175,299,12.0175,0.000998077883236302
385,175,299,12.025,0.00124640356124459
385,175,299,12.0325,0.0013523495817112
385,175,299,12.04,0.00165558007025923
385,175,299,12.0475,0.00187706944237219
385,175,299,12.055,0.00209560400035722
385,175,299,12.0625,0.00198290743712862
385,175,299,12.07,0.00170763354818886
385,175,299,12.0775,0.00134838402520226
385,175,299,12.085,0.0014873937704348
385,175,299,12.0925,0.00126023191961943
385,175,299,12.1,0.00152265414187595
385,175,299,12.1075,0.00126040512916524
385,175,299,12.115,0.00115530560241665
385,175,299,12.1225,0.000837593251015511
385,175,299,12.13,0.00121593912630526
385,175,299,12.1375,0.00127164668055832
385,175,299,12.145,0.00123910696192383
385,175,299,12.1525,0.00164574319350896
385,175,299,12.16,0.00162102884946699
385,175,299,12.1675,0.00147633640447821
385,175,299,12.175,0.00151719643880776
385,175,299,12.1825,0.00157080305544231
385,175,299,12.19,0.00128049444787472
385,175,299,12.1975,0.00159082737236697
385,175,299,12.205,0.00121614736655449
385,175,299,12.2125,0.000692578897804856
385,175,299,12.22,0.000626720662312154
385,175,299,12.2275,0.000145541752836436
385,175,299,12.235,0.000327434593325331
385,175,299,12.2425,0.000539797719416193
385,175,299,12.25,0.00058984117919172
385,175,299,12.2575,0.00107701409743343
385,175,299,12.265,0.00116138649584792
385,175,299,12.2725,0.00126179438398901
385,175,299,12.28,0.00134833779283494
385,175,299,12.2875,0.00164223609433405
385,175,299,12.295,0.00186687106454997
385,175,299,12.3025,0.00183011149177029
385,175,299,12.31,0.00212002475205785
385,175,299,12.3175,0.00196739718412996
385,175,299,12.325,0.00141190803552731
385,175,299,12.3325,0.00185637477358302
385,175,299,12.34,0.00164863736889317
385,175,299,12.3475,0.00164016020428769
385,175,299,12.355,0.00155196164523465
385,175,299,12.3625,0.00116401068190107
385,175,299,12.37,0.00140164645126389
385,175,299,12.3775,0.00134497321173779
385,175,299,12.385,0.00150135754419566
385,175,299,12.3925,0.00108967342988906
385,175,299,12.4,0.00155825816427957
385,175,299,12.4075,0.00134895307010503
385,175,299,12.415,0.00161934175320242
385,175,299,12.4225,0.00153950493215339
385,175,299,12.43,0.00159492872139064
385,175,299,12.4375,0.00148376000557813
385,175,299,12.445,0.00144366495259095
385,175,299,12.4525,0.00134932383549867
385,175,299,12.46,0.00133954270488323
385,175,299,12.4675,0.00101299861436242
385,175,299,12.475,0.00082906547162861
385,175,299,12.4825,0.00067013153016449
385,175,299,12.49,0.000325460105870921
385,175,299,12.4975,0.000483412956772342
385,175,299,12.505,0.000245574421685228
385,175,299,12.5125,0.000601858466807823
385,175,299,12.52,0.000865179909077213
385,175,299,12.5275,0.000698968939421174
385,175,299,12.535,0.00113779074556031
385,175,299,12.5425,0.00120392435817619
385,175,299,12.55,0.00122400082211475
385,175,299,12.5575,0.00126599655592395
385,175,299,12.565,0.000983822667448997
385,175,299,12.5725,0.0015516880152482
385,175,299,12.58,0.00113510077082492
385,175,299,12.5875,0.000794206602987118
385,175,299,12.595,0.00116629877257084
385,175,299,12.6025,0.0012186279034945
385,175,299,12.61,0.000697154920707193
385,175,299,12.6175,0.000719157660689983
385,175,299,12.625,0.000584133237962817
385,175,299,12.6325,0.000796975949592584
385,175,299,12.64,0.000981361466907458
385,175,299,12.6475,0.000486802301303762
385,175,299,12.655,0.00110870850145331
385,175,299,12.6625,0.00112674842628904
385,175,299,12.67,0.00144468249978055
385,175,299,12.6775,0.000844327831343459
385,175,299,12.685,0.000974689690574566
385,175,299,12.6925,0.00113959905489324
385,175,299,12.7,0.00110624685644048
385,175,299,12.7075,0.00160607015357631
385,175,299,12.715,0.000565106159183499
385,175,299,12.7225,0.000855817556105776
385,175,299,12.73,0.000740577691851931
385,175,299,12.7375,0.000404200484604089
385,175,299,12.745,0.000471938496635855
385,175,299,12.7525,0.000207627098118575
385,175,299,12.76,0.000797352234444272
385,175,299,12.7675,0.000416212189594104
385,175,299,12.775,0.000690796833012681
385,175,299,12.7825,0.000618289312908478
385,175,299,12.79,0.000976222296213894
385,175,299,12.7975,0.00139305977899864
385,175,299,12.805,0.00136283022768415
385,175,299,12.8125,0.00101453096028972
385,175,299,12.82,0.00111838270737099
385,175,299,12.8275,0.00158765143184775
385,175,299,12.835,0.0011692906517374
385,175,299,12.8425,0.000960801974506539
385,175,299,12.85,0.00140132442630715
385,175,299,12.8575,0.00118906220146089
385,175,299,12.865,0.00093546557578521
385,175,299,12.8725,0.00077993541146875
385,175,299,12.88,0.000569663808558356
385,175,299,12.8875,0.000341709663041833
385,175,299,12.895,0.000603606636259663
385,175,299,12.9025,0.00111459830440523
385,175,299,12.91,0.000697464258162698
385,175,299,12.9175,0.000599572584644784
385,175,299,12.925,0.000493217789805724
385,175,299,12.9325,0.00081009193423122
385,175,299,12.94,0.000527834235712887
385,175,299,12.9475,0.000688857089816436
385,175,299,12.955,0.000336279672447762
385,175,299,12.9625,0.000242040473368292
385,175,299,12.97,7.66891126679844e-05
385,175,299,12.9775,0.000500380117305697
385,175,299,12.985,0.000128776091621601
385,175,299,12.9925,0.000358438384008406
385,175,299,13,0.000634017257343814
385,175,299,13.0075,0.00064775836022583
385,175,299,13.015,0.000187915741300816
385,175,299,13.0225,0.00106186174390435
385,175,299,13.03,0.000835557984287479
385,175,299,13.0375,0.00134951519976931
385,175,299,13.045,0.00097674734660931
385,175,299,13.0525,0.00104866887664509
385,175,299,13.06,0.00106713324659828
385,175,299,13.0675,0.000949628153886566
385,175,299,13.075,0.000773513486726213
385,175,299,13.0825,0.00121586701157689
385,175,299,13.09,0.000911664695926178
385,175,299,13.0975,0.00078056370950667
385,175,299,13.105,0.0010310424474906
385,175,299,13.1125,0.00097826957677998
385,175,299,13.12,0.000610933171693574
385,175,299,13.1275,0.000788419389984149
385,175,299,13.135,0.000494741964439575
385,175,299,13.1425,0.00085328674645885
385,175,299,13.15,0.000976172562522199
385,175,299,13.1575,0.00081185452435017
385,175,299,13.165,0.00107036763548432
385,175,299,13.1725,0.000995639138470793
385,175,299,13.18,0.000957116574290023
385,175,299,13.1875,0.00137604762432106
385,175,299,13.195,0.000648587359485191
385,175,299,13.2025,0.00096225776601585
385,175,299,13.21,0.000767005603845634
385,175,299,13.2175,0.000962032059466715
385,175,299,13.225,0.000845361399619278
385,175,299,13.2325,0.000686080402191852
385,175,299,13.24,0.000638347504955402
385,175,299,13.2475,0.000349554052405904
385,175,299,13.255,0.000330099466868658
385,175,299,13.2625,0.00126785977172415
385,175,299,13.27,0.000600679383899557
385,175,299,13.2775,0.000661273324135206
385,175,299,13.285,0.000224468649322146
385,175,299,13.2925,0.000757348777712791
385,175,299,13.3,0.00127522600978492
385,175,299,13.3075,0.0010718153968971
385,175,299,13.315,0.000644825664323825
385,175,299,13.3225,0.00107880059193229
385,175,299,13.33,0.000327715086809239
385,175,299,13.3375,0.000385668316889719
385,175,299,13.345,0.000751442850441786
385,175,299,13.3525,0.000906586797649697
385,175,299,13.36,0.00052856775299891
385,175,299,13.3675,0.000576018213344781
385,175,299,13.375,0.000728086324008236
385,175,299,13.3825,0.000583193192305956
385,175,299,13.39,0.000387684765451139
385,175,299,13.3975,7.35857212239858e-05
385,175,299,13.405,0.000749505025587212
385,175,299,13.4125,0.000733754499261125
385,175,299,13.42,0.00115833763018788
385,175,299,13.4275,0.000804340904893807
385,175,299,13.435,0.00070994223078538
385,175,299,13.4425,0.000833492449486604
385,175,299,13.45,0.000859762408100731
385,175,299,13.4575,0.000957292489930447
385,175,299,13.465,0.000627557634839865
385,175,299,13.4725,0.000652548273002965
385,175,299,13.48,0.000871196801701017
385,175,299,13.4875,0.000648730941086095
385,175,299,13.495,0.00051170966045813
385,175,299,13.5025,0.00118523153754454
385,175,299,13.51,0.00100457551776351
385,175,299,13.5175,0.000984063506151357
385,175,299,13.525,0.000943687781886055
385,175,299,13.5325,0.00135237240992112
385,175,299,13.54,0.0014979466448762
385,175,299,13.5475,0.00142526476552469
385,175,299,13.555,0.00179621064341601
385,175,299,13.5625,0.00165150851522046
385,175,299,13.57,0.00147338847100892
385,175,299,13.5775,0.00121052957290018
385,175,299,13.585,0.0014478442727561
385,175,299,13.5925,0.00179032085982782
385,175,299,13.6,0.0010255161696457
385,175,299,13.6075,0.000984582622342151
385,175,299,13.615,0.0011964691231977
385,175,299,13.6225,0.000427272391195451
385,175,299,13.63,0.000667595151577499
385,175,299,13.6375,0.000434132974105906
385,175,299,13.645,0.000841382821073982
385,175,299,13.6525,0.000305682857520833
385,175,299,13.66,0.00116464689537135
385,175,299,13.6675,0.00100744396251576
385,175,299,13.675,0.000889586194560053
385,175,299,13.6825,0.00115453679259647
385,175,299,13.69,0.00110600630752873
385,175,299,13.6975,0.000964042409530241
385,175,299,13.705,0.0014991384426182
385,175,299,13.7125,0.00124038302512913
385,175,299,13.72,0.000775665108890289
385,175,299,13.7275,0.000448750284853249
385,175,299,13.735,0.000739263651981656
385,175,299,13.7425,0.000134844053627924
385,175,299,13.75,0.000553188364201567
385,175,299,13.7575,0.000404782308064441
385,175,299,13.765,0.00102072286252384
385,175,299,13.7725,0.00107826840724646
385,175,299,13.78,0.000865561045417336
385,175,299,13.7875,0.000935379528814582
385,175,299,13.795,0.001366379930867
385,175,299,13.8025,0.00113802001017007
385,175,299,13.81,0.00120735856827798
385,175,299,13.8175,0.000967957575723536
385,175,299,13.825,0.00108875850882636
385,175,299,13.8325,0.0014596966088483
385,175,299,13.84,0.00118841339260584
385,175,299,13.8475,0.00100534125579684
385,175,299,13.855,0.000967988936426048
385,175,299,13.8625,0.00100174799332241
385,175,299,13.87,0.000623912267997135
385,175,299,13.8775,0.000947510175255721
385,175,299,13.885,0.000954459985085572
385,175,299,13.8925,0.000810807795673581
385,175,299,13.9,0.000689022032032243
385,175,299,13.9075,0.00134090366315534
385,175,299,13.915,0.000702116098116019
385,175,299,13.9225,0.000921926977764726
385,175,299,13.93,0.00105183534325799
385,175,299,13.9375,0.00111165748310614
385,175,299,13.945,0.00131287056507457
385,175,299,13.9525,0.00115779334703736
385,175,299,13.96,0.000701771994582464
385,175,299,13.9675,0.00091732318321741
385,175,299,13.975,0.00104628357754133
385,175,299,13.9825,0.000594592930591787
385,175,299,13.99,0.000670521537791629
385,175,299,13.9975,0.000556766450772868
385,175,299,14.005,0.00053156440047497
385,175,299,14.0125,0.000742550927982819
385,175,299,14.02,0.000643556416516259
385,175,299,14.0275,0.00155680135838637
385,175,299,14.035,0.000604054462836641
385,175,299,14.0425,0.00123329206898687
385,175,299,14.05,0.00131422050291094
385,175,299,14.0575,0.00107539757708331
385,175,299,14.065,0.000824353423129147
385,175,299,14.0725,0.00118852000296106
385,175,299,14.08,0.00092704395506217
385,175,299,14.0875,0.000872685259485285
385,175,299,14.095,0.000834479865716172
385,175,299,14.1025,0.000714302744790259
385,175,299,14.11,0.000594402890253166
385,175,299,14.1175,0.000158127305089398
385,175,299,14.125,0.000213123259371969
385,175,299,14.1325,0.000386949914352666
385,175,299,14.14,0.000331191627362541
385,175,299,14.1475,0.000674568857235211
385,175,299,14.155,0.00036026295405846
385,175,299,14.1625,0.00117789554839755
385,175,299,14.17,0.000801075093314822
385,175,299,14.1775,0.000794224389222081
385,175,299,14.185,0.000733474178569369
385,175,299,14.1925,0.00117666855348333
385,175,299,14.2,0.00149257604458434
385,175,299,14.2075,0.000951751120868445
385,175,299,14.215,0.000680229385724308
385,175,299,14.2225,0.000991596725550652
385,175,299,14.23,0.00118596385225953
385,175,299,14.2375,0.000954054993923348
385,175,299,14.245,0.000732431129725375
385,175,299,14.2525,0.000644985766537802
385,175,299,14.26,0.000648532180605641
385,175,299,14.2675,0.00093511889135792
385,175,299,14.275,0.000685388960579457
385,175,299,14.2825,0.000914847345466803
385,175,299,14.29,0.000924458453084975
385,175,299,14.2975,0.00127969358839585
385,175,299,14.305,0.000957217767962892
385,175,299,14.3125,0.00134009289029565
385,175,299,14.32,0.000732132500286691
385,175,299,14.3275,0.00099453847441044
385,175,299,14.335,0.000988069328554508
385,175,299,14.3425,0.00097965998268121
385,175,299,14.35,0.00108011381891535
385,175,299,14.3575,0.000999532191110623
385,175,299,14.365,0.000719330405318631
385,175,299,14.3725,0.000499202706957361
385,175,299,14.38,0.00061351667893456
385,175,299,14.3875,0.000198368201767849
385,175,299,14.395,0.000670201673738548
385,175,299,14.4025,0.000549768874589277
385,175,299,14.41,0.000835923295672175
385,175,299,14.4175,0.000465394676375123
385,175,299,14.425,0.000458974835169209
385,175,299,14.4325,0.000902263038571671
385,175,299,14.44,0.00115983593529984
385,175,299,14.4475,0.00041670445679557
385,175,299,14.455,0.00109253921768731
385,175,299,14.4625,0.000557563418604621
385,175,299,14.47,0.0010540028344003
385,175,299,14.4775,0.00122444242925654
385,175,299,14.485,0.000700200553855075
385,175,299,14.4925,0.00082404247863357
385,175,299,14.5,0.000977230058003125
385,175,299,14.5075,0.000340164562128915
385,175,299,14.515,0.000627027011943273
385,175,299,14.5225,0.000277402084324385
385,175,299,14.53,0.000480576079025345
385,175,299,14.5375,0.000418014641496741
385,175,299,14.545,0.000483895050674569
385,175,299,14.5525,0.000256413467438392
385,175,299,14.56,0.00069861662271719
385,175,299,14.5675,0.00112144142888763
385,175,299,14.575,0.00125804273635173
385,175,299,14.5825,0.000695097111680234
385,175,299,14.59,0.00119311511076466
385,175,299,14.5975,0.000576665684938099
385,175,299,14.605,0.000717785523493184
385,175,299,14.6125,0.000134090591011312
385,175,299,14.62,0.000179831159422008
385,175,299,14.6275,0.000506354785336315
385,175,299,14.635,0.000327850020494774
385,175,299,14.6425,2.0977609908687e-05
385,175,299,14.65,0.000316309593318584
385,175,299,14.6575,0.000612146029041071
385,175,299,14.665,0.00034965998748331
385,175,299,14.6725,0.000618991718821209
385,175,299,14.68,0.000642124846104803
385,175,299,14.6875,0.00100934120493441
385,175,299,14.695,0.000712406491887429
385,175,299,14.7025,0.000762494712037501
385,175,299,14.71,0.000838938840768807
385,175,299,14.7175,0.00110054153624879
385,175,299,14.725,0.000775383681769897
385,175,299,14.7325,0.00108070843149565
385,175,299,14.74,0.000608577367681136
385,175,299,14.7475,0.00102165856248893
385,175,299,14.755,0.000816948213025399
385,175,299,14.7625,0.000568197707748409
385,175,299,14.77,0.000759128419187946
385,175,299,14.7775,0.000796948983375569
385,175,299,14.785,0.000560654602866542
385,175,299,14.7925,0.000879074341503332
385,175,299,14.8,0.000460354551637792
385,175,299,14.8075,0.000773850180789197
385,175,299,14.815,0.000568637776884168
385,175,299,14.8225,0.000651069173882516
385,175,299,14.83,0.00140276949412532
385,175,299,14.8375,0.000703669171891466
385,175,299,14.845,0.00103170992542908
385,175,299,14.8525,0.000692911957272428
385,175,299,14.86,0.000666462027870202
385,175,299,14.8675,0.00054008920998612
385,175,299,14.875,0.000347992757286417
385,175,299,14.8825,0.00035098017968101
385,175,299,14.89,0.000105834304619865
385,175,299,14.8975,0.000642657791443509
385,175,299,14.905,0.000264832408883224
385,175,299,14.9125,0.00075488844777984
385,175,299,14.92,0.000842246833037714
385,175,299,14.9275,0.000726698549840244
385,175,299,14.935,0.000583755925691788
385,175,299,14.9425,0.000891482398397096
385,175,299,14.95,0.00108790966395769
385,175,299,14.9575,0.0008578686173584
385,175,299,14.965,0.000662828535685785
385,175,299,14.9725,0.000624640077952292
385,175,299,14.98,0.00103594311815424
385,175,299,14.9875,0.000734544622181854
385,175,299,14.995,0.000701007739419367
385,175,299,15.0025,0.00052221003354258
385,175,299,15.01,0.000758995837624616
385,175,299,15.0175,0.000257243746572811
385,175,299,15.025,0.000630841548707622
385,175,299,15.0325,0.000284582478484238
385,175,299,15.04,0.000147491557070127
385,175,299,15.0475,0.000628102163745471
385,175,299,15.055,0.000251325663085691
385,175,299,15.0625,0.000358364847553414
385,175,299,15.07,0.000744990977368888
385,175,299,15.0775,0.000616192760178238
385,175,299,15.085,0.000123996395169928
385,175,299,15.0925,0.000180587569206741
385,175,299,15.1,0.000726484916536249
385,175,299,15.1075,0.00089365904457662
385,175,299,15.115,0.000467184180171511
385,175,299,15.1225,0.000415686385232694
385,175,299,15.13,0.000187774441675413
385,175,299,15.1375,0.000409756233951429
385,175,299,15.145,0.000175496788699412
385,175,299,15.1525,0.000496032162224678
385,175,299,15.16,1.11995661820884e-05
385,175,299,15.1675,0.000295797249049043
385,175,299,15.175,0.000574379044275606
385,175,299,15.1825,0.0007452106207403
385,175,299,15.19,0.000680885008106201
385,175,299,15.1975,0.00102278706713191
385,175,299,15.205,0.000965677115999914
385,175,299,15.2125,0.000666130150011944
385,175,299,15.22,0.000644930433701454
385,175,299,15.2275,0.000755506165092907
385,175,299,15.235,0.000989181365920893
385,175,299,15.2425,0.000690371211638789
385,175,299,15.25,0.00031393687119524
385,175,299,15.2575,0.000324466070401941
385,175,299,15.265,0.000275533959389706
385,175,299,15.2725,0.000304096897222449
385,175,299,15.28,0.000424997419250209
385,175,299,15.2875,0.000136481513181211
385,175,299,15.295,0.000474743146776341
385,175,299,15.3025,0.000371367315463474
385,175,299,15.31,0.000350718831040127
385,175,299,15.3175,0.000509765290863479
385,175,299,15.325,0.000377067044927395
385,175,299,15.3325,0.000484031789680822
385,175,299,15.34,0.000224280446980049
385,175,299,15.3475,0.000288443472021496
385,175,299,15.355,0.000321396762739802
385,175,299,15.3625,0.000409142056571969
385,175,299,15.37,0.000228832047347428
385,175,299,15.3775,0.000139966620306105
385,175,299,15.385,0.000408138362093269
385,175,299,15.3925,0.000285914843146908
385,175,299,15.4,0.000767253641645273
385,175,299,15.4075,0.000516482611537892
385,175,299,15.415,0.000591761245228245
385,175,299,15.4225,0.000786506580952433
385,175,299,15.43,0.000895579056875758
385,175,299,15.4375,0.00100161032191777
385,175,299,15.445,0.00107152172881498
385,175,299,15.4525,0.000918379090584257
385,175,299,15.46,0.00150637743446424
385,175,299,15.4675,0.00106323363524178
385,175,299,15.475,0.000747196369858764
385,175,299,15.4825,0.000683715838367593
385,175,299,15.49,0.000852484341337841
385,175,299,15.4975,0.000664634318984937
385,175,299,15.505,0.00103298095419352
385,175,299,15.5125,0.000330040509089251
385,175,299,15.52,0.000312037418705258
385,175,299,15.5275,0.000632494410046442
385,175,299,15.535,0.000296912353200478
385,175,299,15.5425,0.000239811672491803
385,175,299,15.55,0.000423601588907485
385,175,299,15.5575,0.000611442495930308
385,175,299,15.565,0.000512433615861225
385,175,299,15.5725,0.000138111629466439
385,175,299,15.58,0.000550546314735036
385,175,299,15.5875,0.000482267951133896
385,175,299,15.595,0.000485210103921075
385,175,299,15.6025,0.00056690452757544
385,175,299,15.61,0.000481214226935508
385,175,299,15.6175,0.000287615817201604
385,175,299,15.625,0.000685153404690518
385,175,299,15.6325,0.000216883816572409
385,175,299,15.64,0.000430193704633133
385,175,299,15.6475,0.000201170094219869
385,175,299,15.655,0.000533435792137446
385,175,299,15.6625,0.000348864143896242
385,175,299,15.67,0.000456767771842741
385,175,299,15.6775,0.000183870879694966
385,175,299,15.685,0.000363421177199773
385,175,299,15.6925,0.000794357984048061
385,175,299,15.7,0.000410946128456688
385,175,299,15.7075,0.000605962390467655
385,175,299,15.715,0.000808478343114935
385,175,299,15.7225,0.000765289188298797
385,175,299,15.73,0.000874292480470972
385,175,299,15.7375,0.000628097297068905
385,175,299,15.745,7.57008429097811e-05
385,175,299,15.7525,0.000375136887543335
385,175,299,15.76,0.000237558813934527
385,175,299,15.7675,0.000149129325225251
385,175,299,15.775,2.98547238994532e-05
385,175,299,15.7825,0.00045236122454705
385,175,299,15.79,0.000479239902284347
385,175,299,15.7975,0.000742025931216684
385,175,299,15.805,0.000544927669396338
385,175,299,15.8125,0.00072936438780081
385,175,299,15.82,0.00035505163585544
385,175,299,15.8275,0.000236590343010332
385,175,299,15.835,0.000779807683219149
385,175,299,15.8425,0.000778344681197478
385,175,299,15.85,0.000433006130142358
385,175,299,15.8575,0.000524550358144008
385,175,299,15.865,0.00050928268316712
385,175,299,15.8725,0.000217755154105142
385,175,299,15.88,0.000294486057199458
385,175,299,15.8875,0.000133618107697538
385,175,299,15.895,0.000567211801817377
385,175,299,15.9025,0.000166878667068877
385,175,299,15.91,8.36946398391023e-05
385,175,299,15.9175,0.000201913123515399
385,175,299,15.925,0.00019348967369412
385,175,299,15.9325,0.000354530066945466
385,175,299,15.94,0.000704522114713025
385,175,299,15.9475,0.000916611281065921
385,175,299,15.955,0.000425532802853704
385,175,299,15.9625,0.000658688200709068
385,175,299,15.97,0.000498805554526136
385,175,299,15.9775,0.000894086483826789
385,175,299,15.985,0.000768604901925818
385,175,299,15.9925,0.000544978760923193
385,175,299,16,0.000450368866267054
385,175,298,4,0.00584984266843747
385,175,298,4.0075,0.00573538392167109
385,175,298,4.015,0.00553733409152248
385,175,298,4.0225,0.00459077528508846
385,175,298,4.03,0.004428000981166
385,175,298,4.0375,0.00443946006324985
385,175,298,4.045,0.00431742104806853
385,175,298,4.0525,0.00401548740725027
385,175,298,4.06,0.00406004196405877
385,175,298,4.0675,0.00438093752856542
385,175,298,4.075,0.00505606865452078
385,175,298,4.0825,0.00483427892258937
385,175,298,4.09,0.00466422641853339
385,175,298,4.0975,0.00551003468443068
385,175,298,4.105,0.00464227097561731
385,175,298,4.1125,0.00430054728145733
385,175,298,4.12,0.003539463431593
385,175,298,4.1275,0.00366740027517543
385,175,298,4.135,0.00429691089297773
385,175,298,4.1425,0.00369068418009322
385,175,298,4.15,0.0039989490377549
385,175,298,4.1575,0.00419558858757479
385,175,298,4.165,0.00349771787884511
385,175,298,4.1725,0.00356967668408149
385,175,298,4.18,0.0026302371424384
385,175,298,4.1875,0.00305917350181941
385,175,298,4.195,0.00313893113293149
385,175,298,4.2025,0.00400837712454121
385,175,298,4.21,0.0034094416163196
385,175,298,4.2175,0.00369110063377021
385,175,298,4.225,0.00443984107454401
385,175,298,4.2325,0.00474496259732878
385,175,298,4.24,0.00444666985148435
385,175,298,4.2475,0.00394787743122204
385,175,298,4.255,0.00394661982072354
385,175,298,4.2625,0.00288535945957699
385,175,298,4.27,0.00325040201106978
385,175,298,4.2775,0.00282321942648387
385,175,298,4.285,0.00245801741415157
385,175,298,4.2925,0.0030137564847717
385,175,298,4.3,0.00224942418194713
385,175,298,4.3075,0.00258355915715082
385,175,298,4.315,0.00177778091469025
385,175,298,4.3225,0.0015723528522696
385,175,298,4.33,0.00196148030242361
385,175,298,4.3375,0.00175332321430791
385,175,298,4.345,0.00179420457866132
385,175,298,4.3525,0.00256957415648759
385,175,298,4.36,0.00233662921691069
385,175,298,4.3675,0.00241827451843093
385,175,298,4.375,0.00283967582430916
385,175,298,4.3825,0.00342937737263405
385,175,298,4.39,0.00378393317199895
385,175,298,4.3975,0.00441001615991433
385,175,298,4.405,0.00422452741005645
385,175,298,4.4125,0.00410756968753461
385,175,298,4.42,0.00403180883364692
385,175,298,4.4275,0.00383076161694032
385,175,298,4.435,0.00381918493364384
385,175,298,4.4425,0.00370652691384858
385,175,298,4.45,0.00289783215790862
385,175,298,4.4575,0.00283954768461787
385,175,298,4.465,0.00303518375813106
385,175,298,4.4725,0.00368934696692089
385,175,298,4.48,0.00348897258902249
385,175,298,4.4875,0.00308775499977891
385,175,298,4.495,0.00323571419710898
385,175,298,4.5025,0.0032308104803693
385,175,298,4.51,0.00316774952420665
385,175,298,4.5175,0.0031041267697104
385,175,298,4.525,0.0033587423233557
385,175,298,4.5325,0.00240236281260467
385,175,298,4.54,0.00255628286153321
385,175,298,4.5475,0.0022184465219054
385,175,298,4.555,0.00226847880125697
385,175,298,4.5625,0.0017875589293909
385,175,298,4.57,0.00150803773206048
385,175,298,4.5775,0.00141676851135202
385,175,298,4.585,0.000898210943453332
385,175,298,4.5925,0.00117459415631594
385,175,298,4.6,0.000749633779894463
385,175,298,4.6075,0.00112611723490716
385,175,298,4.615,0.00169732134112047
385,175,298,4.6225,0.00229523159174921
385,175,298,4.63,0.00198880602756409
385,175,298,4.6375,0.00172255118192548
385,175,298,4.645,0.002067356576352
385,175,298,4.6525,0.00212687901033602
385,175,298,4.66,0.00189172990100392
385,175,298,4.6675,0.00206587608733475
385,175,298,4.675,0.00236753817582627
385,175,298,4.6825,0.00174304519159642
385,175,298,4.69,0.00159605141508639
385,175,298,4.6975,0.0017140546022942
385,175,298,4.705,0.00218619621573633
385,175,298,4.7125,0.00177503109135974
385,175,298,4.72,0.00159121538051288
385,175,298,4.7275,0.00180607899083667
385,175,298,4.735,0.00184194889508289
385,175,298,4.7425,0.00238507579245888
385,175,298,4.75,0.00218251411406397
385,175,298,4.7575,0.00190476957571096
385,175,298,4.765,0.00173906819251155
385,175,298,4.7725,0.00183307702152746
385,175,298,4.78,0.00165348981567799
385,175,298,4.7875,0.00101319828167
385,175,298,4.795,0.00121832427214931
385,175,298,4.8025,0.000951267836461042
385,175,298,4.81,0.000788753513098075
385,175,298,4.8175,0.00164872202617053
385,175,298,4.825,0.00144481695555791
385,175,298,4.8325,0.00164920423552369
385,175,298,4.84,0.00206860146790556
385,175,298,4.8475,0.00222363630546811
385,175,298,4.855,0.00185893550974416
385,175,298,4.8625,0.00240454668152018
385,175,298,4.87,0.00291815207938074
385,175,298,4.8775,0.0027808281286636
385,175,298,4.885,0.00294132510136817
385,175,298,4.8925,0.00347576639506915
385,175,298,4.9,0.00318519779934428
385,175,298,4.9075,0.00270440976950318
385,175,298,4.915,0.00220408018943865
385,175,298,4.9225,0.00214754600771724
385,175,298,4.93,0.00160395790573261
385,175,298,4.9375,0.001567203879747
385,175,298,4.945,0.00177295885487028
385,175,298,4.9525,0.00100971345016816
385,175,298,4.96,0.00105022761550781
385,175,298,4.9675,0.000908981223234284
385,175,298,4.975,0.000883913335865094
385,175,298,4.9825,0.00124081281040485
385,175,298,4.99,0.000830595963963406
385,175,298,4.9975,0.000910602696317598
385,175,298,5.005,0.000512490166289538
385,175,298,5.0125,0.000647777594848792
385,175,298,5.02,0.000780910371446507
385,175,298,5.0275,0.000350421631708804
385,175,298,5.035,0.000415308387550896
385,175,298,5.0425,0.00027539336801077
385,175,298,5.05,0.000917728105516056
385,175,298,5.0575,0.000734434861044183
385,175,298,5.065,0.00110908987178483
385,175,298,5.0725,0.00139636559605724
385,175,298,5.08,0.00169942565182545
385,175,298,5.0875,0.00244339832584274
385,175,298,5.095,0.0022425831863672
385,175,298,5.1025,0.00200303005819265
385,175,298,5.11,0.00174211804174015
385,175,298,5.1175,0.00233991833436806
385,175,298,5.125,0.00276610498797042
385,175,298,5.1325,0.00237882114830189
385,175,298,5.14,0.00198045239759944
385,175,298,5.1475,0.00192354725975547
385,175,298,5.155,0.00188074019755815
385,175,298,5.1625,0.00185296892622726
385,175,298,5.17,0.00165124940099376
385,175,298,5.1775,0.000519753751208234
385,175,298,5.185,0.000589773851318501
385,175,298,5.1925,0.000975234987753732
385,175,298,5.2,0.000818145180012227
385,175,298,5.2075,0.000598232941248767
385,175,298,5.215,0.000810410089024599
385,175,298,5.2225,0.000339474975659374
385,175,298,5.23,0.000753646679221658
385,175,298,5.2375,0.00110053975118679
385,175,298,5.245,0.000950407415488043
385,175,298,5.2525,0.000955086905954117
385,175,298,5.26,0.000935229754735095
385,175,298,5.2675,0.000833130589112274
385,175,298,5.275,0.00107863167561979
385,175,298,5.2825,0.000882628704966305
385,175,298,5.29,0.000368865277306874
385,175,298,5.2975,0.00101078774678749
385,175,298,5.305,0.00119029522789519
385,175,298,5.3125,0.000701691883611329
385,175,298,5.32,0.000937895298367543
385,175,298,5.3275,0.000465868107110036
385,175,298,5.335,0.00114858550146887
385,175,298,5.3425,0.00115675876442344
385,175,298,5.35,0.00113225473100961
385,175,298,5.3575,0.00144868348169006
385,175,298,5.365,0.000822896137493466
385,175,298,5.3725,0.00112747479562348
385,175,298,5.38,0.00158291205010579
385,175,298,5.3875,0.00144997881946083
385,175,298,5.395,0.00105966128922009
385,175,298,5.4025,0.00100421949552171
385,175,298,5.41,0.0013812421453554
385,175,298,5.4175,0.000758667294173983
385,175,298,5.425,0.00132046048732398
385,175,298,5.4325,0.00075305936723989
385,175,298,5.44,0.00068509433513164
385,175,298,5.4475,0.000218452805354658
385,175,298,5.455,0.000237270251569086
385,175,298,5.4625,0.000522463564396583
385,175,298,5.47,0.000593589287697665
385,175,298,5.4775,0.000705472764241248
385,175,298,5.485,0.00134488203061401
385,175,298,5.4925,0.00191698836852141
385,175,298,5.5,0.00186875107972888
385,175,298,5.5075,0.00214344421434528
385,175,298,5.515,0.0017157151105
385,175,298,5.5225,0.00214407264222908
385,175,298,5.53,0.00218409749159731
385,175,298,5.5375,0.00203400325226391
385,175,298,5.545,0.00194089407351362
385,175,298,5.5525,0.00145780587997074
385,175,298,5.56,0.00113480827272858
385,175,298,5.5675,0.00168652986757733
385,175,298,5.575,0.00214700152281159
385,175,298,5.5825,0.00189604985533795
385,175,298,5.59,0.00239652353064568
385,175,298,5.5975,0.00209342188931969
385,175,298,5.605,0.00229400118496116
385,175,298,5.6125,0.00221942926655417
385,175,298,5.62,0.00197219650373821
385,175,298,5.6275,0.00271378786370671
385,175,298,5.635,0.0024257145713485
385,175,298,5.6425,0.00231896393035886
385,175,298,5.65,0.00245627373564002
385,175,298,5.6575,0.00199792018755082
385,175,298,5.665,0.00174754183336776
385,175,298,5.6725,0.00192781804612222
385,175,298,5.68,0.00114665503052858
385,175,298,5.6875,0.00123695802350992
385,175,298,5.695,0.000974744281436399
385,175,298,5.7025,0.000704464815653932
385,175,298,5.71,0.000947047588861356
385,175,298,5.7175,0.0008765210260663
385,175,298,5.725,0.00133337367175781
385,175,298,5.7325,0.0013923804439899
385,175,298,5.74,0.00175119418347264
385,175,298,5.7475,0.00196389546091615
385,175,298,5.755,0.00236221323365065
385,175,298,5.7625,0.00201109313034369
385,175,298,5.77,0.00187221398882434
385,175,298,5.7775,0.00239410552841826
385,175,298,5.785,0.00214974154560666
385,175,298,5.7925,0.00199254774890114
385,175,298,5.8,0.00127522334565812
385,175,298,5.8075,0.00131812838383768
385,175,298,5.815,0.00150157049254133
385,175,298,5.8225,0.00101098421935836
385,175,298,5.83,0.000840699364916136
385,175,298,5.8375,0.00123548817334475
385,175,298,5.845,0.000956312306630422
385,175,298,5.8525,0.00111817534351567
385,175,298,5.86,0.00213248201632167
385,175,298,5.8675,0.00186978284283954
385,175,298,5.875,0.00178447435452171
385,175,298,5.8825,0.0018040573267969
385,175,298,5.89,0.0017010691735072
385,175,298,5.8975,0.000922524648212247
385,175,298,5.905,0.00116917015017004
385,175,298,5.9125,0.000611752831210832
385,175,298,5.92,0.000659538681643536
385,175,298,5.9275,0.000383822672741083
385,175,298,5.935,0.000652087325909997
385,175,298,5.9425,0.000928677387059804
385,175,298,5.95,0.000628756618162792
385,175,298,5.9575,0.000835119969962364
385,175,298,5.965,0.00144416601449607
385,175,298,5.9725,0.0011895140544505
385,175,298,5.98,0.00191459167820214
385,175,298,5.9875,0.00241273932350125
385,175,298,5.995,0.00266309326062167
385,175,298,6.0025,0.00227908855627199
385,175,298,6.01,0.00190204765796742
385,175,298,6.0175,0.00226179748136059
385,175,298,6.025,0.0017996222461423
385,175,298,6.0325,0.00154189222747108
385,175,298,6.04,0.00134084065014261
385,175,298,6.0475,0.000879865067958001
385,175,298,6.055,0.000499662611707223
385,175,298,6.0625,0.000723405592641665
385,175,298,6.07,0.000688669107573902
385,175,298,6.0775,0.000626111993487543
385,175,298,6.085,0.000805419012508697
385,175,298,6.0925,0.000906151754862394
385,175,298,6.1,0.00120392675562941
385,175,298,6.1075,0.00151139127760069
385,175,298,6.115,0.00155646925619902
385,175,298,6.1225,0.00186862096208698
385,175,298,6.13,0.00175039736933633
385,175,298,6.1375,0.00228213743871217
385,175,298,6.145,0.00113683579725872
385,175,298,6.1525,0.00120269702859393
385,175,298,6.16,0.00111431441080334
385,175,298,6.1675,0.000638006346476512
385,175,298,6.175,0.000605372734911051
385,175,298,6.1825,0.000531274561815134
385,175,298,6.19,0.000893526956835964
385,175,298,6.1975,0.00106697096688112
385,175,298,6.205,0.00135469968204705
385,175,298,6.2125,0.00195943256014795
385,175,298,6.22,0.00194524547073632
385,175,298,6.2275,0.00204584548455824
385,175,298,6.235,0.00231264424825337
385,175,298,6.2425,0.00282153820721588
385,175,298,6.25,0.00241556904809355
385,175,298,6.2575,0.00247522946664061
385,175,298,6.265,0.00255816338742402
385,175,298,6.2725,0.00228580963910286
385,175,298,6.28,0.00199365503861213
385,175,298,6.2875,0.00177963702729358
385,175,298,6.295,0.00174202514169159
385,175,298,6.3025,0.00193858207140115
385,175,298,6.31,0.00118159492009079
385,175,298,6.3175,0.00105422415389335
385,175,298,6.325,0.00174955178608231
385,175,298,6.3325,0.00147771473745491
385,175,298,6.34,0.00203810865107865
385,175,298,6.3475,0.00185567676130859
385,175,298,6.355,0.00177707732588023
385,175,298,6.3625,0.00193692254719879
385,175,298,6.37,0.0018813305507572
385,175,298,6.3775,0.00191694814146323
385,175,298,6.385,0.00202467525432933
385,175,298,6.3925,0.0018379613499246
385,175,298,6.4,0.00151650261086684
385,175,298,6.4075,0.000946081010116076
385,175,298,6.415,0.000999645716203328
385,175,298,6.4225,0.000114612176022104
385,175,298,6.43,0.000199532257063738
385,175,298,6.4375,0.000370342625670214
385,175,298,6.445,0.000837608575653434
385,175,298,6.4525,0.00108664528161324
385,175,298,6.46,0.0019367696351008
385,175,298,6.4675,0.00211896984780037
385,175,298,6.475,0.00161256078784703
385,175,298,6.4825,0.00166222070774622
385,175,298,6.49,0.00181878269109416
385,175,298,6.4975,0.00196890183982842
385,175,298,6.505,0.00193734778215674
385,175,298,6.5125,0.00198470236543406
385,175,298,6.52,0.00187284773676447
385,175,298,6.5275,0.00168325867160637
385,175,298,6.535,0.00154423240281701
385,175,298,6.5425,0.00142883310646997
385,175,298,6.55,0.0017153499444861
385,175,298,6.5575,0.00169901247837927
385,175,298,6.565,0.00182252111741662
385,175,298,6.5725,0.00194540039567436
385,175,298,6.58,0.00160936003728109
385,175,298,6.5875,0.00217037808192413
385,175,298,6.595,0.00174009469140849
385,175,298,6.6025,0.00225021460534125
385,175,298,6.61,0.00154295630715776
385,175,298,6.6175,0.00225860586507977
385,175,298,6.625,0.00288835803032992
385,175,298,6.6325,0.00219755343396171
385,175,298,6.64,0.00228722814399138
385,175,298,6.6475,0.00224620157333049
385,175,298,6.655,0.00146935424363462
385,175,298,6.6625,0.00156212242480498
385,175,298,6.67,0.00187937776136976
385,175,298,6.6775,0.00113724615948294
385,175,298,6.685,0.00105464790018597
385,175,298,6.6925,0.00100816054246464
385,175,298,6.7,0.00143896282360658
385,175,298,6.7075,0.00180014991717205
385,175,298,6.715,0.00156863265020917
385,175,298,6.7225,0.00178721283633666
385,175,298,6.73,0.00192374402450662
385,175,298,6.7375,0.00238393224230911
385,175,298,6.745,0.00174371996485944
385,175,298,6.7525,0.00232293616633598
385,175,298,6.76,0.00208009404194578
385,175,298,6.7675,0.00168651131642545
385,175,298,6.775,0.00213957164063739
385,175,298,6.7825,0.0024036169062146
385,175,298,6.79,0.00185842333303294
385,175,298,6.7975,0.00129889266968227
385,175,298,6.805,0.00113270965299898
385,175,298,6.8125,0.00151334722224102
385,175,298,6.82,0.00162794517280602
385,175,298,6.8275,0.0019219895365211
385,175,298,6.835,0.00219303868506511
385,175,298,6.8425,0.0024023626697983
385,175,298,6.85,0.00215426934606319
385,175,298,6.8575,0.0023532472580865
385,175,298,6.865,0.0019067496681727
385,175,298,6.8725,0.00184502798909438
385,175,298,6.88,0.00238144547875513
385,175,298,6.8875,0.0021458189375758
385,175,298,6.895,0.00249280337278594
385,175,298,6.9025,0.00200540764309246
385,175,298,6.91,0.0016313051817125
385,175,298,6.9175,0.00179195431231574
385,175,298,6.925,0.00161845824353598
385,175,298,6.9325,0.00154616752745483
385,175,298,6.94,0.000571924067025455
385,175,298,6.9475,0.000914238581557596
385,175,298,6.955,0.00102489671399696
385,175,298,6.9625,0.00177124984631549
385,175,298,6.97,0.0017693676354664
385,175,298,6.9775,0.00221387073587342
385,175,298,6.985,0.00265016410095156
385,175,298,6.9925,0.00323525304355487
385,175,298,7,0.00367547529650654
385,175,298,7.0075,0.00346751710656197
385,175,298,7.015,0.00310241433345664
385,175,298,7.0225,0.0030603777869257
385,175,298,7.03,0.00337652582764109
385,175,298,7.0375,0.00311446627654656
385,175,298,7.045,0.00281395902253352
385,175,298,7.0525,0.00223328960455428
385,175,298,7.06,0.0021070930008935
385,175,298,7.0675,0.0021573792143874
385,175,298,7.075,0.00187556774367304
385,175,298,7.0825,0.00186371264965758
385,175,298,7.09,0.00207193808638965
385,175,298,7.0975,0.00252511231311443
385,175,298,7.105,0.00243032410194844
385,175,298,7.1125,0.00243002723471302
385,175,298,7.12,0.00224439003861473
385,175,298,7.1275,0.00229294315873293
385,175,298,7.135,0.00301129088601819
385,175,298,7.1425,0.00281426882279005
385,175,298,7.15,0.00267327474075568
385,175,298,7.1575,0.00245322943541207
385,175,298,7.165,0.00212599002968622
385,175,298,7.1725,0.00248132856079936
385,175,298,7.18,0.001936583809434
385,175,298,7.1875,0.00163718978868471
385,175,298,7.195,0.00193528209301012
385,175,298,7.2025,0.00188238712508267
385,175,298,7.21,0.00209336594387322
385,175,298,7.2175,0.00248566357986898
385,175,298,7.225,0.00227338906355519
385,175,298,7.2325,0.0022544283174312
385,175,298,7.24,0.0023532303104732
385,175,298,7.2475,0.00296418183222265
385,175,298,7.255,0.00333070430037681
385,175,298,7.2625,0.00288585178556542
385,175,298,7.27,0.00299326362427996
385,175,298,7.2775,0.0031363793145157
385,175,298,7.285,0.00326533230239322
385,175,298,7.2925,0.00285244420577491
385,175,298,7.3,0.00209814397015719
385,175,298,7.3075,0.00222171423023955
385,175,298,7.315,0.00108150778681728
385,175,298,7.3225,0.00136672853831987
385,175,298,7.33,0.00157484639378599
385,175,298,7.3375,0.00208925866971037
385,175,298,7.345,0.00237959954519659
385,175,298,7.3525,0.00237754909310739
385,175,298,7.36,0.00300116665396043
385,175,298,7.3675,0.00238309154266816
385,175,298,7.375,0.00325015185350411
385,175,298,7.3825,0.0039972075296958
385,175,298,7.39,0.00273105970778806
385,175,298,7.3975,0.00299826215815659
385,175,298,7.405,0.00312538735951484
385,175,298,7.4125,0.00267459066996787
385,175,298,7.42,0.00227154488850872
385,175,298,7.4275,0.0026822745052403
385,175,298,7.435,0.00165816615865637
385,175,298,7.4425,0.00155584331438769
385,175,298,7.45,0.00173877780708129
385,175,298,7.4575,0.0016729782482455
385,175,298,7.465,0.00232396849653592
385,175,298,7.4725,0.00209287170665913
385,175,298,7.48,0.00252407131740708
385,175,298,7.4875,0.00351681030290421
385,175,298,7.495,0.00288978032951252
385,175,298,7.5025,0.00306201798462451
385,175,298,7.51,0.00277339211965628
385,175,298,7.5175,0.00306372594900995
385,175,298,7.525,0.00282267013379449
385,175,298,7.5325,0.00295029087500011
385,175,298,7.54,0.00287172729341824
385,175,298,7.5475,0.00256719208362054
385,175,298,7.555,0.00242060710235709
385,175,298,7.5625,0.00213338381947211
385,175,298,7.57,0.00204390726162537
385,175,298,7.5775,0.00235671972542677
385,175,298,7.585,0.00169372483268622
385,175,298,7.5925,0.00247565163195769
385,175,298,7.6,0.0019528832169163
385,175,298,7.6075,0.00235244246375999
385,175,298,7.615,0.00296111686433124
385,175,298,7.6225,0.00314497049445134
385,175,298,7.63,0.00308498936359966
385,175,298,7.6375,0.00303134750912478
385,175,298,7.645,0.00312687622280605
385,175,298,7.6525,0.00261697442913422
385,175,298,7.66,0.00255500102095606
385,175,298,7.6675,0.00229765333652939
385,175,298,7.675,0.00160277718077424
385,175,298,7.6825,0.0014185799605193
385,175,298,7.69,0.00105401584746969
385,175,298,7.6975,0.00096679468811699
385,175,298,7.705,0.00128309758460091
385,175,298,7.7125,0.000901375780593408
385,175,298,7.72,0.00204274861657476
385,175,298,7.7275,0.00202566952020864
385,175,298,7.735,0.00299429852178623
385,175,298,7.7425,0.00237182635714913
385,175,298,7.75,0.00304706446741783
385,175,298,7.7575,0.0026747577215643
385,175,298,7.765,0.00374744279287388
385,175,298,7.7725,0.00323730510322522
385,175,298,7.78,0.0027266875707047
385,175,298,7.7875,0.00255325006958166
385,175,298,7.795,0.002259777898658
385,175,298,7.8025,0.00192811415700012
385,175,298,7.81,0.00170127866541728
385,175,298,7.8175,0.00133477414885623
385,175,298,7.825,0.001311497837203
385,175,298,7.8325,0.00144985290418992
385,175,298,7.84,0.00132894945243469
385,175,298,7.8475,0.00195628477933055
385,175,298,7.855,0.00289021451419848
385,175,298,7.8625,0.00307083461581978
385,175,298,7.87,0.00340030486331034
385,175,298,7.8775,0.0034227085374587
385,175,298,7.885,0.00352585547982012
385,175,298,7.8925,0.00346364859753847
385,175,298,7.9,0.00368411488766392
385,175,298,7.9075,0.00327191166240255
385,175,298,7.915,0.00280142741338019
385,175,298,7.9225,0.0024734626462516
385,175,298,7.93,0.0023817853014515
385,175,298,7.9375,0.00225908286048912
385,175,298,7.945,0.00200398988799517
385,175,298,7.9525,0.0020638260461803
385,175,298,7.96,0.00175151654205347
385,175,298,7.9675,0.00260312210166898
385,175,298,7.975,0.00280310883629651
385,175,298,7.9825,0.00256541552108493
385,175,298,7.99,0.00291936987554043
385,175,298,7.9975,0.00269972202957196
385,175,298,8.005,0.00256597007348426
385,175,298,8.0125,0.00286246426120764
385,175,298,8.02,0.00273687330291597
385,175,298,8.0275,0.00282550878476957
385,175,298,8.035,0.00266306368609867
385,175,298,8.0425,0.00224395152141486
385,175,298,8.05,0.00211145900393766
385,175,298,8.0575,0.00174850050022306
385,175,298,8.065,0.00104325245537358
385,175,298,8.0725,0.00141390464032318
385,175,298,8.08,0.000927432238010348
385,175,298,8.0875,0.0016569701776759
385,175,298,8.095,0.00192635223168435
385,175,298,8.1025,0.00218632421770447
385,175,298,8.11,0.00247789844904036
385,175,298,8.1175,0.00266337013028306
385,175,298,8.125,0.00318422968719359
385,175,298,8.1325,0.00335463635587026
385,175,298,8.14,0.0029654463953544
385,175,298,8.1475,0.00324104497288364
385,175,298,8.155,0.00250832159088459
385,175,298,8.1625,0.00310629663004167
385,175,298,8.17,0.00269243791617445
385,175,298,8.1775,0.00256058194069299
385,175,298,8.185,0.00240808910373112
385,175,298,8.1925,0.00249315732963175
385,175,298,8.2,0.00223066509301705
385,175,298,8.2075,0.00264078751156788
385,175,298,8.215,0.00294018605159697
385,175,298,8.2225,0.00308206546308222
385,175,298,8.23,0.00349483359285142
385,175,298,8.2375,0.0032639808954774
385,175,298,8.245,0.0033476888329448
385,175,298,8.2525,0.00338477858557179
385,175,298,8.26,0.00357530230708686
385,175,298,8.2675,0.00331030700828125
385,175,298,8.275,0.00369397187339085
385,175,298,8.2825,0.00320635037598791
385,175,298,8.29,0.00285871570305386
385,175,298,8.2975,0.00350183915690042
385,175,298,8.305,0.00312995556834829
385,175,298,8.3125,0.00233224073808812
385,175,298,8.32,0.00223749668359387
385,175,298,8.3275,0.00169552849114569
385,175,298,8.335,0.00210850537433766
385,175,298,8.3425,0.00149375274183619
385,175,298,8.35,0.0018838687055799
385,175,298,8.3575,0.00263819108971278
385,175,298,8.365,0.00236387831285058
385,175,298,8.3725,0.00239379679395478
385,175,298,8.38,0.00298602152629022
385,175,298,8.3875,0.00270772416581368
385,175,298,8.395,0.00255562121410249
385,175,298,8.4025,0.00244319844137568
385,175,298,8.41,0.00259252906555123
385,175,298,8.4175,0.00206748947097134
385,175,298,8.425,0.0021770786493022
385,175,298,8.4325,0.00250967859712737
385,175,298,8.44,0.00182634828436322
385,175,298,8.4475,0.00186897307505519
385,175,298,8.455,0.00190348875924304
385,175,298,8.4625,0.00211546042985637
385,175,298,8.47,0.00224580142864818
385,175,298,8.4775,0.0020543658356434
385,175,298,8.485,0.00319117100954569
385,175,298,8.4925,0.00340291148169446
385,175,298,8.5,0.00348582915521054
385,175,298,8.5075,0.00305061406947525
385,175,298,8.515,0.00329967782058164
385,175,298,8.5225,0.00310654781712214
385,175,298,8.53,0.00279035749715938
385,175,298,8.5375,0.00261395701027289
385,175,298,8.545,0.00218015387856885
385,175,298,8.5525,0.00210622191095508
385,175,298,8.56,0.00134853528875868
385,175,298,8.5675,0.00156563193040637
385,175,298,8.575,0.00203003427337495
385,175,298,8.5825,0.00115456902044173
385,175,298,8.59,0.00174969536742738
385,175,298,8.5975,0.00168510979456518
385,175,298,8.605,0.00164308659447421
385,175,298,8.6125,0.00227749672762347
385,175,298,8.62,0.00305665304656465
385,175,298,8.6275,0.00298779921043154
385,175,298,8.635,0.00339508436616485
385,175,298,8.6425,0.00361585013983196
385,175,298,8.65,0.00291424866091605
385,175,298,8.6575,0.00334491058800578
385,175,298,8.665,0.0037942936491915
385,175,298,8.6725,0.00289666571660589
385,175,298,8.68,0.00274290039228944
385,175,298,8.6875,0.00249251994222308
385,175,298,8.695,0.00201645682125381
385,175,298,8.7025,0.00199212284583857
385,175,298,8.71,0.00160650969844458
385,175,298,8.7175,0.00209998013761441
385,175,298,8.725,0.00222786035386798
385,175,298,8.7325,0.00224108289121284
385,175,298,8.74,0.00246866646877913
385,175,298,8.7475,0.00243490008097855
385,175,298,8.755,0.00233907229758216
385,175,298,8.7625,0.00292136624791303
385,175,298,8.77,0.00284422071911915
385,175,298,8.7775,0.00253915052192424
385,175,298,8.785,0.00277997750254058
385,175,298,8.7925,0.00240094640757589
385,175,298,8.8,0.00210014914991256
385,175,298,8.8075,0.00167912677606474
385,175,298,8.815,0.00149263334589086
385,175,298,8.8225,0.00122767422785361
385,175,298,8.83,0.000917005612460137
385,175,298,8.8375,0.00106148716836448
385,175,298,8.845,0.00139847002418473
385,175,298,8.8525,0.00124439506570672
385,175,298,8.86,0.00187621769082355
385,175,298,8.8675,0.00252666549240189
385,175,298,8.875,0.00216619804280747
385,175,298,8.8825,0.00267777382433132
385,175,298,8.89,0.00230654746761766
385,175,298,8.8975,0.00280310243125026
385,175,298,8.905,0.00248172372861542
385,175,298,8.9125,0.00251866782817918
385,175,298,8.92,0.00222257342796636
385,175,298,8.9275,0.00204934914570919
385,175,298,8.935,0.0019936314480143
385,175,298,8.9425,0.00210492612889397
385,175,298,8.95,0.0016445911120302
385,175,298,8.9575,0.00217938993488628
385,175,298,8.965,0.00178151715793671
385,175,298,8.9725,0.00300212357930465
385,175,298,8.98,0.00333005613603289
385,175,298,8.9875,0.0024637989811311
385,175,298,8.995,0.00306768810790585
385,175,298,9.0025,0.00331078402832118
385,175,298,9.01,0.00337460458956313
385,175,298,9.0175,0.00311622621668334
385,175,298,9.025,0.00307060440697621
385,175,298,9.0325,0.00338524135191647
385,175,298,9.04,0.00293625660539569
385,175,298,9.0475,0.00221507656529788
385,175,298,9.055,0.00206054257634142
385,175,298,9.0625,0.00200214601898413
385,175,298,9.07,0.00164099609509802
385,175,298,9.0775,0.0018165060189357
385,175,298,9.085,0.00185119161698712
385,175,298,9.0925,0.0016066093280687
385,175,298,9.1,0.00152397359174473
385,175,298,9.1075,0.00158951530646592
385,175,298,9.115,0.00216167539644816
385,175,298,9.1225,0.00254251218526474
385,175,298,9.13,0.00226378297761546
385,175,298,9.1375,0.00174331841531675
385,175,298,9.145,0.00230682265261557
385,175,298,9.1525,0.00190069670671104
385,175,298,9.16,0.00185017345956073
385,175,298,9.1675,0.00265681596005995
385,175,298,9.175,0.0021121539382415
385,175,298,9.1825,0.00188406417361008
385,175,298,9.19,0.00170733752152757
385,175,298,9.1975,0.00161027994216578
385,175,298,9.205,0.00167333642944987
385,175,298,9.2125,0.00158334365859159
385,175,298,9.22,0.00141949974989905
385,175,298,9.2275,0.0020442163830389
385,175,298,9.235,0.00202449361266894
385,175,298,9.2425,0.00182523644601232
385,175,298,9.25,0.00196655392458529
385,175,298,9.2575,0.00225161330583437
385,175,298,9.265,0.00180926524933674
385,175,298,9.2725,0.00240767965274594
385,175,298,9.28,0.00220503307095524
385,175,298,9.2875,0.00214112374591205
385,175,298,9.295,0.00216967590464352
385,175,298,9.3025,0.00162832975826675
385,175,298,9.31,0.00145460156202361
385,175,298,9.3175,0.00142409020922288
385,175,298,9.325,0.00169228860995566
385,175,298,9.3325,0.00116910891701382
385,175,298,9.34,0.00101091981098446
385,175,298,9.3475,0.00123043149594433
385,175,298,9.355,0.00169001571792071
385,175,298,9.3625,0.00185168154139398
385,175,298,9.37,0.00176539621204755
385,175,298,9.3775,0.0020699924724239
385,175,298,9.385,0.00233644710409117
385,175,298,9.3925,0.00268654487109369
385,175,298,9.4,0.00243585626901818
385,175,298,9.4075,0.00244816206996804
385,175,298,9.415,0.00267568240705689
385,175,298,9.4225,0.00305981023866688
385,175,298,9.43,0.00290277446507008
385,175,298,9.4375,0.00241428409983672
385,175,298,9.445,0.00262512783272551
385,175,298,9.4525,0.00271159896305214
385,175,298,9.46,0.0019237220471882
385,175,298,9.4675,0.00204173245098869
385,175,298,9.475,0.00215181183582237
385,175,298,9.4825,0.00209855688485757
385,175,298,9.49,0.00194835853986188
385,175,298,9.4975,0.00205903856789336
385,175,298,9.505,0.0024470495090478
385,175,298,9.5125,0.00226166068797861
385,175,298,9.52,0.00227697968724113
385,175,298,9.5275,0.00250247873074125
385,175,298,9.535,0.00211343068735341
385,175,298,9.5425,0.00245022411866683
385,175,298,9.55,0.00228294634724802
385,175,298,9.5575,0.00188715711618948
385,175,298,9.565,0.00190232000059161
385,175,298,9.5725,0.00146523562028385
385,175,298,9.58,0.00177587994926834
385,175,298,9.5875,0.000805638535267748
385,175,298,9.595,0.000764418346063095
385,175,298,9.6025,0.000934319918535396
385,175,298,9.61,0.00107324681928081
385,175,298,9.6175,0.00142730162130966
385,175,298,9.625,0.00194263769541589
385,175,298,9.6325,0.00169147174363424
385,175,298,9.64,0.00209104992620169
385,175,298,9.6475,0.00173656434159878
385,175,298,9.655,0.00240174708909464
385,175,298,9.6625,0.00180175221746614
385,175,298,9.67,0.00196276314518599
385,175,298,9.6775,0.00224576596670946
385,175,298,9.685,0.00207663430722495
385,175,298,9.6925,0.0016266729562039
385,175,298,9.7,0.00140979048970739
385,175,298,9.7075,0.00182228952302855
385,175,298,9.715,0.00178099278655017
385,175,298,9.7225,0.0016884196888576
385,175,298,9.73,0.00170358724006528
385,175,298,9.7375,0.0019650083259193
385,175,298,9.745,0.00256705061762134
385,175,298,9.7525,0.00222114979047853
385,175,298,9.76,0.00252425349403172
385,175,298,9.7675,0.0025735626644357
385,175,298,9.775,0.00300659928061106
385,175,298,9.7825,0.00298871445700504
385,175,298,9.79,0.00280343188827471
385,175,298,9.7975,0.00214415490842503
385,175,298,9.805,0.00267004609597925
385,175,298,9.8125,0.00188413834640672
385,175,298,9.82,0.00168045837109614
385,175,298,9.8275,0.00163945269297501
385,175,298,9.835,0.00126354445402201
385,175,298,9.8425,0.00138515053098391
385,175,298,9.85,0.00170710654741177
385,175,298,9.8575,0.00189242850235723
385,175,298,9.865,0.00180943160595563
385,175,298,9.8725,0.00219719300245618
385,175,298,9.88,0.00213748911627688
385,175,298,9.8875,0.00253104494265648
385,175,298,9.895,0.0025625175966415
385,175,298,9.9025,0.00274196280223586
385,175,298,9.91,0.00248627451982774
385,175,298,9.9175,0.0026759048541842
385,175,298,9.925,0.00270443675009053
385,175,298,9.9325,0.00266655870579535
385,175,298,9.94,0.00209786573480513
385,175,298,9.9475,0.00181885149587064
385,175,298,9.955,0.00173879680607561
385,175,298,9.9625,0.00193275633835098
385,175,298,9.97,0.00177200979321393
385,175,298,9.9775,0.00178455356112066
385,175,298,9.985,0.00207803609223945
385,175,298,9.9925,0.00226503998131668
385,175,298,10,0.00200056802306915
385,175,298,10.0075,0.00219704604392385
385,175,298,10.015,0.00214929472096182
385,175,298,10.0225,0.00233121739103199
385,175,298,10.03,0.00225885969336389
385,175,298,10.0375,0.00248272809375965
385,175,298,10.045,0.00185081789796862
385,175,298,10.0525,0.00208627411936474
385,175,298,10.06,0.00157494798842215
385,175,298,10.0675,0.00164084736242905
385,175,298,10.075,0.00110987512630318
385,175,298,10.0825,0.00131886405247483
385,175,298,10.09,0.00165166489299012
385,175,298,10.0975,0.00134039624617908
385,175,298,10.105,0.00134274958973415
385,175,298,10.1125,0.00157152775905892
385,175,298,10.12,0.00179415834726337
385,175,298,10.1275,0.00228535710429369
385,175,298,10.135,0.00236140426202138
385,175,298,10.1425,0.00205120085970149
385,175,298,10.15,0.00221799694127757
385,175,298,10.1575,0.00228333096604477
385,175,298,10.165,0.00280873098003094
385,175,298,10.1725,0.00270424527262439
385,175,298,10.18,0.00264039042752466
385,175,298,10.1875,0.00206145941226831
385,175,298,10.195,0.00210207217795696
385,175,298,10.2025,0.0019095515094846
385,175,298,10.21,0.00215945704211414
385,175,298,10.2175,0.00210504570591988
385,175,298,10.225,0.00207470203522181
385,175,298,10.2325,0.00224118635714958
385,175,298,10.24,0.00199181119101859
385,175,298,10.2475,0.00205322526525048
385,175,298,10.255,0.00202850338090978
385,175,298,10.2625,0.00198163551486848
385,175,298,10.27,0.0022221098206778
385,175,298,10.2775,0.00194631162789205
385,175,298,10.285,0.00197610435337208
385,175,298,10.2925,0.00176684645584588
385,175,298,10.3,0.00156169610813582
385,175,298,10.3075,0.00106872507492578
385,175,298,10.315,0.00116707627414693
385,175,298,10.3225,0.00140852176877524
385,175,298,10.33,0.00122771228985179
385,175,298,10.3375,0.0011601287092999
385,175,298,10.345,0.00103828185395167
385,175,298,10.3525,0.00033007873531496
385,175,298,10.36,0.000895814015725584
385,175,298,10.3675,0.0011232078077023
385,175,298,10.375,0.000947198962810153
385,175,298,10.3825,0.00121655233743286
385,175,298,10.39,0.0013837475144126
385,175,298,10.3975,0.00116920423795914
385,175,298,10.405,0.00154654075305228
385,175,298,10.4125,0.00185071574368368
385,175,298,10.42,0.00139403930564222
385,175,298,10.4275,0.00129586538611773
385,175,298,10.435,0.00147645243574387
385,175,298,10.4425,0.0016002745857952
385,175,298,10.45,0.0013455804509292
385,175,298,10.4575,0.00132605671480236
385,175,298,10.465,0.00122238951796271
385,175,298,10.4725,0.000624031907345433
385,175,298,10.48,0.000793621824817792
385,175,298,10.4875,0.000542996913457597
385,175,298,10.495,0.00150344650206955
385,175,298,10.5025,0.00112879168751504
385,175,298,10.51,0.0019605949638785
385,175,298,10.5175,0.0019389564381502
385,175,298,10.525,0.00147070820691205
385,175,298,10.5325,0.00157311451269054
385,175,298,10.54,0.00191465723268015
385,175,298,10.5475,0.00158524458120311
385,175,298,10.555,0.00210863185604075
385,175,298,10.5625,0.0019773742755072
385,175,298,10.57,0.00221841257804256
385,175,298,10.5775,0.00191698696229241
385,175,298,10.585,0.000924244148451428
385,175,298,10.5925,0.00141828601175261
385,175,298,10.6,0.00131598283824354
385,175,298,10.6075,0.000820743835338072
385,175,298,10.615,0.000854539558999231
385,175,298,10.6225,0.000570774320524244
385,175,298,10.63,0.00130266509445516
385,175,298,10.6375,0.00123040344945652
385,175,298,10.645,0.000936736650324883
385,175,298,10.6525,0.00152508725240835
385,175,298,10.66,0.00110888578392273
385,175,298,10.6675,0.00121384483190665
385,175,298,10.675,0.00130658859753329
385,175,298,10.6825,0.000912949520795762
385,175,298,10.69,0.00108115293884122
385,175,298,10.6975,0.00125507199811509
385,175,298,10.705,0.000640310366071414
385,175,298,10.7125,0.000699376381751429
385,175,298,10.72,0.000463261074515928
385,175,298,10.7275,0.000261460471859559
385,175,298,10.735,0.000428267962143055
385,175,298,10.7425,0.00108878147364388
385,175,298,10.75,0.000454607720289686
385,175,298,10.7575,0.000934808104617577
385,175,298,10.765,0.000998526481007311
385,175,298,10.7725,0.00038083660427238
385,175,298,10.78,0.00135239142334207
385,175,298,10.7875,0.00108416024784655
385,175,298,10.795,0.00134132038497761
385,175,298,10.8025,0.00115706626071897
385,175,298,10.81,0.00130392975761562
385,175,298,10.8175,0.00143631673857937
385,175,298,10.825,0.0010806463405655
385,175,298,10.8325,0.00150493704435917
385,175,298,10.84,0.00123739995941576
385,175,298,10.8475,0.000905093588542464
385,175,298,10.855,0.000903227050544856
385,175,298,10.8625,0.000902953469438949
385,175,298,10.87,0.00142869036703814
385,175,298,10.8775,0.00124171174159366
385,175,298,10.885,0.00139983556458657
385,175,298,10.8925,0.00118691547025211
385,175,298,10.9,0.00194275834948136
385,175,298,10.9075,0.00192531614449669
385,175,298,10.915,0.00193321229911722
385,175,298,10.9225,0.00200575295522247
385,175,298,10.93,0.00188403822372181
385,175,298,10.9375,0.00145384362460971
385,175,298,10.945,0.00109153979969055
385,175,298,10.9525,0.00137700684847878
385,175,298,10.96,0.0010397198311274
385,175,298,10.9675,0.000981875731438525
385,175,298,10.975,0.00121990856255132
385,175,298,10.9825,0.000688133487265295
385,175,298,10.99,0.00100603058909842
385,175,298,10.9975,0.000442886728388394
385,175,298,11.005,0.000655388147456502
385,175,298,11.0125,0.000616318833847935
385,175,298,11.02,0.000988296264692949
385,175,298,11.0275,0.000759217791843558
385,175,298,11.035,0.00108907121740765
385,175,298,11.0425,0.00118821117988875
385,175,298,11.05,0.0014614685886694
385,175,298,11.0575,0.00142849227607697
385,175,298,11.065,0.00158010736568261
385,175,298,11.0725,0.00167352844144003
385,175,298,11.08,0.00139480197152405
385,175,298,11.0875,0.000761106939102138
385,175,298,11.095,0.00140284417215983
385,175,298,11.1025,0.00105587149703212
385,175,298,11.11,0.000980837003422685
385,175,298,11.1175,0.00121574572758404
385,175,298,11.125,0.000813167772767898
385,175,298,11.1325,0.000956986352290204
385,175,298,11.14,0.00115183085567744
385,175,298,11.1475,0.000889945003113397
385,175,298,11.155,0.000751028188242931
385,175,298,11.1625,0.00121996338282069
385,175,298,11.17,0.00112637253704249
385,175,298,11.1775,0.00102300315808065
385,175,298,11.185,0.00106417814235982
385,175,298,11.1925,0.000694425678477213
385,175,298,11.2,0.000649118790805297
385,175,298,11.2075,0.000656329483518428
385,175,298,11.215,0.000488342153281855
385,175,298,11.2225,0.000396314913703658
385,175,298,11.23,0.000583476384505311
385,175,298,11.2375,0.00076616277963648
385,175,298,11.245,0.000602137934581654
385,175,298,11.2525,0.0011462956894653
385,175,298,11.26,0.00139772317123806
385,175,298,11.2675,0.00127479731671586
385,175,298,11.275,0.00161746168073055
385,175,298,11.2825,0.00180513571584988
385,175,298,11.29,0.00168929495343283
385,175,298,11.2975,0.00171659542582232
385,175,298,11.305,0.00197328896963846
385,175,298,11.3125,0.00162739782967643
385,175,298,11.32,0.00154913472658411
385,175,298,11.3275,0.0020197880897685
385,175,298,11.335,0.00137745566595004
385,175,298,11.3425,0.00141960688740551
385,175,298,11.35,0.00149221799633525
385,175,298,11.3575,0.0013598813624526
385,175,298,11.365,0.00104241943674016
385,175,298,11.3725,0.00108138776767697
385,175,298,11.38,0.00130090728592961
385,175,298,11.3875,0.00132437903428264
385,175,298,11.395,0.00190855423608615
385,175,298,11.4025,0.001258029130268
385,175,298,11.41,0.0012872385722713
385,175,298,11.4175,0.00149915845595403
385,175,298,11.425,0.00176929292614407
385,175,298,11.4325,0.0017038764048052
385,175,298,11.44,0.00196500522524645
385,175,298,11.4475,0.00185654985417804
385,175,298,11.455,0.00153329116393989
385,175,298,11.4625,0.00129102026664923
385,175,298,11.47,0.00116846028851148
385,175,298,11.4775,0.000527299731599215
385,175,298,11.485,0.00052095765518228
385,175,298,11.4925,0.000199618880974051
385,175,298,11.5,0.000746966051325661
385,175,298,11.5075,0.000614127297106551
385,175,298,11.515,0.00104116445161576
385,175,298,11.5225,0.00120702944807846
385,175,298,11.53,0.00110653870667894
385,175,298,11.5375,0.00136586437446374
385,175,298,11.545,0.00168969225805283
385,175,298,11.5525,0.0013932240310292
385,175,298,11.56,0.00180320993811105
385,175,298,11.5675,0.00146621219807511
385,175,298,11.575,0.00168072284865446
385,175,298,11.5825,0.00141815731544877
385,175,298,11.59,0.00135824845793846
385,175,298,11.5975,0.00140742952497043
385,175,298,11.605,0.00155520361751833
385,175,298,11.6125,0.00134311343018328
385,175,298,11.62,0.00126464642980623
385,175,298,11.6275,0.000921820153400104
385,175,298,11.635,0.00145100579275255
385,175,298,11.6425,0.00132486343640392
385,175,298,11.65,0.00133010025815091
385,175,298,11.6575,0.00150301845799564
385,175,298,11.665,0.00204593816403618
385,175,298,11.6725,0.00178063202407131
385,175,298,11.68,0.0013630624910277
385,175,298,11.6875,0.00103536753289147
385,175,298,11.695,0.00111366389997977
385,175,298,11.7025,0.00103363274155645
385,175,298,11.71,0.00106552147945171
385,175,298,11.7175,0.00102600473430186
385,175,298,11.725,0.000972515540452413
385,175,298,11.7325,0.00115219420515583
385,175,298,11.74,0.000609203460219428
385,175,298,11.7475,0.000566804796973222
385,175,298,11.755,0.00115626892582924
385,175,298,11.7625,0.00152490032688281
385,175,298,11.77,0.00171189518011963
385,175,298,11.7775,0.00119404494747585
385,175,298,11.785,0.00173087806250108
385,175,298,11.7925,0.00216104501874751
385,175,298,11.8,0.00200287266845462
385,175,298,11.8075,0.00193002886156602
385,175,298,11.815,0.00218795958925537
385,175,298,11.8225,0.00229558027047141
385,175,298,11.83,0.00193018717608723
385,175,298,11.8375,0.00172342639009426
385,175,298,11.845,0.00160322592586089
385,175,298,11.8525,0.00140810189459249
385,175,298,11.86,0.00128089021724725
385,175,298,11.8675,0.00137823691974004
385,175,298,11.875,0.000876050617234306
385,175,298,11.8825,0.000701992598720552
385,175,298,11.89,0.000843848453631101
385,175,298,11.8975,0.00116765227219767
385,175,298,11.905,0.00119445243397883
385,175,298,11.9125,0.00142715160002285
385,175,298,11.92,0.000897669872921593
385,175,298,11.9275,0.000799865592255153
385,175,298,11.935,0.00102624397148404
385,175,298,11.9425,0.000375870449438226
385,175,298,11.95,0.000782249778622096
385,175,298,11.9575,0.000781817468183108
385,175,298,11.965,0.000589263444648645
385,175,298,11.9725,0.000528379880927372
385,175,298,11.98,0.000122618814116767
385,175,298,11.9875,0.000635112562541535
385,175,298,11.995,0.000946182636666721
385,175,298,12.0025,0.00104579366576797
385,175,298,12.01,0.00119804470432212
385,175,298,12.0175,0.00126295412790621
385,175,298,12.025,0.00166725469710218
385,175,298,12.0325,0.00159146398554448
385,175,298,12.04,0.00170715254616016
385,175,298,12.0475,0.00158519067254801
385,175,298,12.055,0.0018779279883893
385,175,298,12.0625,0.00238557193588192
385,175,298,12.07,0.00168189988861701
385,175,298,12.0775,0.00168956629051107
385,175,298,12.085,0.00187103320623402
385,175,298,12.0925,0.00168780005345587
385,175,298,12.1,0.00119250180772598
385,175,298,12.1075,0.00183973191037521
385,175,298,12.115,0.00173074958228034
385,175,298,12.1225,0.00121702223731517
385,175,298,12.13,0.00129264233524163
385,175,298,12.1375,0.00123974635466429
385,175,298,12.145,0.00114281292594976
385,175,298,12.1525,0.00148091694896617
385,175,298,12.16,0.00092150154393637
385,175,298,12.1675,0.00154624677940141
385,175,298,12.175,0.00159102419435078
385,175,298,12.1825,0.00139508223754417
385,175,298,12.19,0.00145131031032594
385,175,298,12.1975,0.00132373528571047
385,175,298,12.205,0.000712351399807089
385,175,298,12.2125,0.000956110533474189
385,175,298,12.22,0.000489420118033189
385,175,298,12.2275,0.000710846330613118
385,175,298,12.235,0.000161518033078257
385,175,298,12.2425,0.00064618409038426
385,175,298,12.25,0.000766504113277552
385,175,298,12.2575,0.00081400082801201
385,175,298,12.265,0.00098114706612602
385,175,298,12.2725,0.00138210772804424
385,175,298,12.28,0.00162462374761832
385,175,298,12.2875,0.00133461741165075
385,175,298,12.295,0.0017157258957272
385,175,298,12.3025,0.00171800607996371
385,175,298,12.31,0.00153576578796099
385,175,298,12.3175,0.00123647671053083
385,175,298,12.325,0.00107591655262528
385,175,298,12.3325,0.00154447394140567
385,175,298,12.34,0.00135871879741043
385,175,298,12.3475,0.000762844702929205
385,175,298,12.355,0.000762985047577132
385,175,298,12.3625,0.00114099651232959
385,175,298,12.37,0.000935978260365787
385,175,298,12.3775,0.000944089430176347
385,175,298,12.385,0.000604799355898533
385,175,298,12.3925,0.00103207990079561
385,175,298,12.4,0.00106221757180312
385,175,298,12.4075,0.000970498195322616
385,175,298,12.415,0.00114903550880353
385,175,298,12.4225,0.00117074817773165
385,175,298,12.43,0.00112700347725081
385,175,298,12.4375,0.00164932243186162
385,175,298,12.445,0.00125896040658282
385,175,298,12.4525,0.001294133294152
385,175,298,12.46,0.00116180579242648
385,175,298,12.4675,0.000931279580026392
385,175,298,12.475,0.00111812860270402
385,175,298,12.4825,0.00120660239144202
385,175,298,12.49,0.000575616714029208
385,175,298,12.4975,0.000737633778073095
385,175,298,12.505,0.00109831877674702
385,175,298,12.5125,0.00101729391505458
385,175,298,12.52,0.00121679238857661
385,175,298,12.5275,0.00130568438427842
385,175,298,12.535,0.00109724498037187
385,175,298,12.5425,0.001702469049343
385,175,298,12.55,0.00156567268249534
385,175,298,12.5575,0.00158593303890746
385,175,298,12.565,0.00133954689855581
385,175,298,12.5725,0.00135856325679947
385,175,298,12.58,0.00139419904930494
385,175,298,12.5875,0.00140991034938289
385,175,298,12.595,0.00113106467303025
385,175,298,12.6025,0.000848746420649601
385,175,298,12.61,0.000463938404466048
385,175,298,12.6175,0.000421017705679376
385,175,298,12.625,0.000581141375083823
385,175,298,12.6325,0.00019704078442819
385,175,298,12.64,0.000149409682950939
385,175,298,12.6475,0.000620378489481348
385,175,298,12.655,0.000638199353842466
385,175,298,12.6625,0.000872799695692534
385,175,298,12.67,0.000658505041144862
385,175,298,12.6775,0.00100368257203184
385,175,298,12.685,0.000853705959526039
385,175,298,12.6925,0.00117884135681408
385,175,298,12.7,0.001055593536386
385,175,298,12.7075,0.00123999050548444
385,175,298,12.715,0.000683122492165395
385,175,298,12.7225,0.000558851471731845
385,175,298,12.73,0.000406264224235878
385,175,298,12.7375,0.000311182826323263
385,175,298,12.745,0.000675064528878348
385,175,298,12.7525,0.000597618513136848
385,175,298,12.76,0.000883935167992797
385,175,298,12.7675,0.00108215588594765
385,175,298,12.775,0.00104691071265371
385,175,298,12.7825,0.000625382520491084
385,175,298,12.79,0.00108328329456815
385,175,298,12.7975,0.00130718160466458
385,175,298,12.805,0.00110083227914055
385,175,298,12.8125,0.0016166889872905
385,175,298,12.82,0.00154302171410665
385,175,298,12.8275,0.00140859929665865
385,175,298,12.835,0.000780970806025958
385,175,298,12.8425,0.000889427773414548
385,175,298,12.85,0.00108870598250886
385,175,298,12.8575,0.000901058786467503
385,175,298,12.865,0.000723073131111357
385,175,298,12.8725,0.0010815609841522
385,175,298,12.88,0.000185548682584736
385,175,298,12.8875,9.44889219529076e-05
385,175,298,12.895,0.000574554411750058
385,175,298,12.9025,0.000607310864145187
385,175,298,12.91,0.000634564462526222
385,175,298,12.9175,0.000659631185902503
385,175,298,12.925,0.000373948958874024
385,175,298,12.9325,0.000774659968790861
385,175,298,12.94,0.000776479051147175
385,175,298,12.9475,0.000701295806674199
385,175,298,12.955,0.000590727410642113
385,175,298,12.9625,0.000547748326360078
385,175,298,12.97,0.000658943342775298
385,175,298,12.9775,0.000202331332586944
385,175,298,12.985,0.000541150891849571
385,175,298,12.9925,0.000757159177044557
385,175,298,13,0.000176583650014119
385,175,298,13.0075,0.000477634888189658
385,175,298,13.015,0.000415278189477137
385,175,298,13.0225,0.000617488457748376
385,175,298,13.03,0.000694178437493396
385,175,298,13.0375,0.000843356508039442
385,175,298,13.045,0.0012440833814996
385,175,298,13.0525,0.000855348399085044
385,175,298,13.06,0.000875238479392089
385,175,298,13.0675,0.000827120997808868
385,175,298,13.075,0.00114863786461032
385,175,298,13.0825,0.000812634481454296
385,175,298,13.09,0.00081539470074905
385,175,298,13.0975,0.000539232823479264
385,175,298,13.105,0.000329383348135203
385,175,298,13.1125,0.000525999214235899
385,175,298,13.12,0.000126908194179552
385,175,298,13.1275,0.000356563796181936
385,175,298,13.135,0.000573256737669933
385,175,298,13.1425,0.000575286469541689
385,175,298,13.15,0.000752750181352076
385,175,298,13.1575,0.000849066097705595
385,175,298,13.165,0.000947218158205585
385,175,298,13.1725,0.00128635260804165
385,175,298,13.18,0.00107141303207458
385,175,298,13.1875,0.00113123100701659
385,175,298,13.195,0.00193500720643723
385,175,298,13.2025,0.000961553080027216
385,175,298,13.21,0.00112055415742009
385,175,298,13.2175,0.00100904086889933
385,175,298,13.225,0.00121868494759087
385,175,298,13.2325,0.00126252543260155
385,175,298,13.24,0.00111222831144872
385,175,298,13.2475,0.000892189442683961
385,175,298,13.255,0.000955827840029674
385,175,298,13.2625,0.00102196174687967
385,175,298,13.27,0.000903353959358351
385,175,298,13.2775,0.00112841665523355
385,175,298,13.285,0.000874331921210309
385,175,298,13.2925,0.00051333002642535
385,175,298,13.3,0.00103180220674104
385,175,298,13.3075,0.000972319641026107
385,175,298,13.315,0.00100892670425877
385,175,298,13.3225,0.000834406850529523
385,175,298,13.33,0.00109259229923477
385,175,298,13.3375,0.000923223056762999
385,175,298,13.345,0.000648149753372874
385,175,298,13.3525,0.000686059977868072
385,175,298,13.36,0.000283356715883317
385,175,298,13.3675,0.000323661021013057
385,175,298,13.375,0.000476582047052901
385,175,298,13.3825,0.000356605419960505
385,175,298,13.39,0.000338613750933961
385,175,298,13.3975,0.000747219474501167
385,175,298,13.405,0.000714629758795488
385,175,298,13.4125,0.000843843387028903
385,175,298,13.42,0.000351026666456454
385,175,298,13.4275,0.0013294372635627
385,175,298,13.435,0.000965653093745667
385,175,298,13.4425,0.00146974692742794
385,175,298,13.45,0.000777748653274147
385,175,298,13.4575,0.00101403116559764
385,175,298,13.465,0.0011311729161065
385,175,298,13.4725,0.000587718428798601
385,175,298,13.48,0.000772930750973664
385,175,298,13.4875,0.000837290029843661
385,175,298,13.495,0.000572908765728858
385,175,298,13.5025,0.000607588290332849
385,175,298,13.51,0.000584244097755013
385,175,298,13.5175,0.000799686003936457
385,175,298,13.525,0.00128088870084142
385,175,298,13.5325,0.00105074104630015
385,175,298,13.54,0.000828778771883662
385,175,298,13.5475,0.000972825188750788
385,175,298,13.555,0.000979583933915103
385,175,298,13.5625,0.00120832097516081
385,175,298,13.57,0.00113071529239503
385,175,298,13.5775,0.00106438311080484
385,175,298,13.585,0.00102788147328602
385,175,298,13.5925,0.00124868055397828
385,175,298,13.6,0.00108272635918045
385,175,298,13.6075,0.000725776912923601
385,175,298,13.615,0.000606171387363532
385,175,298,13.6225,0.000222727486142915
385,175,298,13.63,0.00103530131606231
385,175,298,13.6375,0.00127567722572864
385,175,298,13.645,0.000970100179766358
385,175,298,13.6525,0.0013309851809142
385,175,298,13.66,0.00123526904606146
385,175,298,13.6675,0.00178506055292995
385,175,298,13.675,0.00177699980384002
385,175,298,13.6825,0.00155530958536136
385,175,298,13.69,0.00147370960289561
385,175,298,13.6975,0.00187496547383467
385,175,298,13.705,0.00159271779325435
385,175,298,13.7125,0.00169479130298817
385,175,298,13.72,0.00142066076525433
385,175,298,13.7275,0.000957501858537957
385,175,298,13.735,0.000938398924792699
385,175,298,13.7425,0.000870600691494711
385,175,298,13.75,0.000605535731917816
385,175,298,13.7575,0.000821722520637091
385,175,298,13.765,0.000686903734764605
385,175,298,13.7725,0.000728067575503783
385,175,298,13.78,0.00105267975065005
385,175,298,13.7875,0.000712227056696123
385,175,298,13.795,0.000924230819024224
385,175,298,13.8025,0.000974931126918464
385,175,298,13.81,0.000725531755801873
385,175,298,13.8175,0.00104194649707489
385,175,298,13.825,0.000897515870250156
385,175,298,13.8325,0.000744866253709478
385,175,298,13.84,0.000421714869213696
385,175,298,13.8475,0.000630284938419468
385,175,298,13.855,0.00060439006930652
385,175,298,13.8625,0.000581137483356518
385,175,298,13.87,0.000599067913656615
385,175,298,13.8775,0.000485426608098989
385,175,298,13.885,0.000562672147617526
385,175,298,13.8925,0.000987264794496344
385,175,298,13.9,0.00125935745795847
385,175,298,13.9075,0.0014476963592835
385,175,298,13.915,0.001335355335845
385,175,298,13.9225,0.00139453626333536
385,175,298,13.93,0.00175724696493356
385,175,298,13.9375,0.00117601189900039
385,175,298,13.945,0.00147045412560381
385,175,298,13.9525,0.00153911009516145
385,175,298,13.96,0.00132050086502899
385,175,298,13.9675,0.00129266814897764
385,175,298,13.975,0.0010485809797746
385,175,298,13.9825,0.00127518845876829
385,175,298,13.99,0.00103097674845559
385,175,298,13.9975,0.00106622653906812
385,175,298,14.005,0.00105546378384621
385,175,298,14.0125,0.000793507406143296
385,175,298,14.02,0.00057817321897317
385,175,298,14.0275,0.000546492427159923
385,175,298,14.035,0.000714820503883915
385,175,298,14.0425,0.000863007574883527
385,175,298,14.05,0.00121619025599552
385,175,298,14.0575,0.000827374900613117
385,175,298,14.065,0.000974330273060496
385,175,298,14.0725,0.000941431128300895
385,175,298,14.08,0.000397182102528032
385,175,298,14.0875,0.000975380925339312
385,175,298,14.095,0.000379050825246672
385,175,298,14.1025,0.000336099275838254
385,175,298,14.11,0.000343823464101042
385,175,298,14.1175,0.000201603726029045
385,175,298,14.125,0.000412043937707547
385,175,298,14.1325,0.000858046708487569
385,175,298,14.14,0.000726782056176073
385,175,298,14.1475,0.000680524116190256
385,175,298,14.155,0.00111947982239983
385,175,298,14.1625,0.000989229447144096
385,175,298,14.17,0.00125236649632073
385,175,298,14.1775,0.00116862240737853
385,175,298,14.185,0.00122836043461724
385,175,298,14.1925,0.00146511637267891
385,175,298,14.2,0.00125970846977504
385,175,298,14.2075,0.00127533545769802
385,175,298,14.215,0.00077128767773087
385,175,298,14.2225,0.000934703103275405
385,175,298,14.23,0.00110771512037772
385,175,298,14.2375,0.00153890923354077
385,175,298,14.245,0.000209656522464011
385,175,298,14.2525,0.000586717432297643
385,175,298,14.26,0.000530573201199531
385,175,298,14.2675,0.000209375208986222
385,175,298,14.275,0.00057997482424345
385,175,298,14.2825,0.00041910795229953
385,175,298,14.29,0.000569717792945689
385,175,298,14.2975,0.000850610184526522
385,175,298,14.305,0.000906645276108533
385,175,298,14.3125,0.00144731817032348
385,175,298,14.32,0.000756621585033538
385,175,298,14.3275,0.000813681086019045
385,175,298,14.335,0.000748939545284129
385,175,298,14.3425,0.00025802862591195
385,175,298,14.35,0.000101500903155159
385,175,298,14.3575,0.00051009602976388
385,175,298,14.365,0.000200261481047209
385,175,298,14.3725,0.000522742354542448
385,175,298,14.38,0.000525454683933131
385,175,298,14.3875,0.000701651437774543
385,175,298,14.395,0.00108362923397593
385,175,298,14.4025,0.000544379674096073
385,175,298,14.41,0.00104874372768321
385,175,298,14.4175,0.00128069372362513
385,175,298,14.425,0.00127899434047621
385,175,298,14.4325,0.00147681447341171
385,175,298,14.44,0.00163643811631145
385,175,298,14.4475,0.0012848306905585
385,175,298,14.455,0.00136928075743135
385,175,298,14.4625,0.00144585536817572
385,175,298,14.47,0.00143767042856225
385,175,298,14.4775,0.00142210795322591
385,175,298,14.485,0.000882787509307389
385,175,298,14.4925,0.00060860109358198
385,175,298,14.5,0.000660923539265599
385,175,298,14.5075,0.000540288792536297
385,175,298,14.515,0.000798597261218605
385,175,298,14.5225,0.000252932327503805
385,175,298,14.53,0.00049698632811421
385,175,298,14.5375,0.000203709781286213
385,175,298,14.545,0.000467361174779433
385,175,298,14.5525,0.000534927773303659
385,175,298,14.56,0.000690317708636977
385,175,298,14.5675,0.000328062056952421
385,175,298,14.575,0.000496806644799891
385,175,298,14.5825,0.000691892406477626
385,175,298,14.59,0.000999411509911453
385,175,298,14.5975,0.000749893980945333
385,175,298,14.605,0.000505180152388584
385,175,298,14.6125,0.000331681222645296
385,175,298,14.62,0.000387681649309134
385,175,298,14.6275,0.000132234857292937
385,175,298,14.635,0.000398111761229136
385,175,298,14.6425,0.000220268752932286
385,175,298,14.65,0.000542155871591782
385,175,298,14.6575,0.000543165948068619
385,175,298,14.665,0.000510221727211241
385,175,298,14.6725,0.000946775381230813
385,175,298,14.68,0.00070413707137941
385,175,298,14.6875,0.000654437257826994
385,175,298,14.695,0.000646565531799
385,175,298,14.7025,0.0010965801256198
385,175,298,14.71,0.000653431878449003
385,175,298,14.7175,0.000513812734268449
385,175,298,14.725,0.000842169093335137
385,175,298,14.7325,0.000367873161066863
385,175,298,14.74,0.000627557963103253
385,175,298,14.7475,0.000536390063334407
385,175,298,14.755,0.000395740796550153
385,175,298,14.7625,0.000546872385322332
385,175,298,14.77,0.000778406160716093
385,175,298,14.7775,0.000523140689917734
385,175,298,14.785,0.000502081121322552
385,175,298,14.7925,0.000186056366733332
385,175,298,14.8,0.00062231090629115
385,175,298,14.8075,0.000305541778626449
385,175,298,14.815,0.000569602982920818
385,175,298,14.8225,0.000221190312181267
385,175,298,14.83,0.000411789804427885
385,175,298,14.8375,0.000310134303293607
385,175,298,14.845,0.000403214829719547
385,175,298,14.8525,0.00034351034309089
385,175,298,14.86,0.000386001313348273
385,175,298,14.8675,0.000252459494180575
385,175,298,14.875,0.000452044864341413
385,175,298,14.8825,0.000167037969634706
385,175,298,14.89,0.000550361401931315
385,175,298,14.8975,0.000160442356606626
385,175,298,14.905,0.000699967887765891
385,175,298,14.9125,0.00075237830818136
385,175,298,14.92,0.000429195993649577
385,175,298,14.9275,0.000395815255387944
385,175,298,14.935,0.000448691393914428
385,175,298,14.9425,0.000680721785493393
385,175,298,14.95,0.000893704944550645
385,175,298,14.9575,0.000925890776722182
385,175,298,14.965,0.00132110835052486
385,175,298,14.9725,0.00103127931044716
385,175,298,14.98,0.000628983206887775
385,175,298,14.9875,0.00106207054475823
385,175,298,14.995,0.000595487352366046
385,175,298,15.0025,0.000714045973956217
385,175,298,15.01,0.000278423424717359
385,175,298,15.0175,0.000380081441757479
385,175,298,15.025,0.000497187508112886
385,175,298,15.0325,0.000349641989671026
385,175,298,15.04,0.00010211151361789
385,175,298,15.0475,0.000467878910804524
385,175,298,15.055,0.000295548902642162
385,175,298,15.0625,0.000213228322613766
385,175,298,15.07,0.000462019611632664
385,175,298,15.0775,0.000371412118955029
385,175,298,15.085,0.000232064059421807
385,175,298,15.0925,0.000682298352309305
385,175,298,15.1,0.000743579048851522
385,175,298,15.1075,0.000714265750426453
385,175,298,15.115,0.000469610844765457
385,175,298,15.1225,0.000132835131201742
385,175,298,15.13,0.000318767391294256
385,175,298,15.1375,0.000811939043085686
385,175,298,15.145,0.000479564314800607
385,175,298,15.1525,0.000261422770217646
385,175,298,15.16,0.000916308629017954
385,175,298,15.1675,0.000383575231246715
385,175,298,15.175,0.000627595452471871
385,175,298,15.1825,0.000339784233004619
385,175,298,15.19,0.000711758878260276
385,175,298,15.1975,0.000903258692835152
385,175,298,15.205,0.000985712644905682
385,175,298,15.2125,0.000722299421923666
385,175,298,15.22,0.00104199235083871
385,175,298,15.2275,0.000823338959432336
385,175,298,15.235,0.000467736554906336
385,175,298,15.2425,0.000352476853285925
385,175,298,15.25,0.000241656668304353
385,175,298,15.2575,0.000724196415032301
385,175,298,15.265,0.000480476721812674
385,175,298,15.2725,0.000312098503310493
385,175,298,15.28,0.000319040675920596
385,175,298,15.2875,0.000326892789357813
385,175,298,15.295,0.000538430015972563
385,175,298,15.3025,9.92589189611215e-05
385,175,298,15.31,0.000818627600182849
385,175,298,15.3175,0.000730947109129557
385,175,298,15.325,0.000490635107053348
385,175,298,15.3325,0.000360993209307634
385,175,298,15.34,0.000501168628816574
385,175,298,15.3475,0.000929814789338598
385,175,298,15.355,0.000635973377996341
385,175,298,15.3625,0.000816561580575489
385,175,298,15.37,0.000596664083868072
385,175,298,15.3775,0.000186828860822479
385,175,298,15.385,9.86092341128075e-05
385,175,298,15.3925,0.000566921797368783
385,175,298,15.4,0.000396018045387892
385,175,298,15.4075,0.000104429563979505
385,175,298,15.415,0.000305872325005202
385,175,298,15.4225,0.000346244481537277
385,175,298,15.43,0.000215574311117838
385,175,298,15.4375,0.00065611138747635
385,175,298,15.445,0.000313745981959788
385,175,298,15.4525,0.000724931443838832
385,175,298,15.46,0.00062760476022873
385,175,298,15.4675,0.000464440254444302
385,175,298,15.475,0.000468090457953217
385,175,298,15.4825,0.000520632766721879
385,175,298,15.49,0.000295678791869047
385,175,298,15.4975,0.000207261004014918
385,175,298,15.505,0.000354197215700125
385,175,298,15.5125,0.000359325180240395
385,175,298,15.52,0.000708629756293989
385,175,298,15.5275,0.000363817811941924
385,175,298,15.535,0.000254315709280514
385,175,298,15.5425,0.000646618110855362
385,175,298,15.55,4.02614012332566e-05
385,175,298,15.5575,0.000802046229046825
385,175,298,15.565,0.000622491958793033
385,175,298,15.5725,0.00076772820254394
385,175,298,15.58,0.000622578976904958
385,175,298,15.5875,0.00112600323687848
385,175,298,15.595,0.000349653942034007
385,175,298,15.6025,0.000420813525589426
385,175,298,15.61,0.00112747395038527
385,175,298,15.6175,0.000618546832202667
385,175,298,15.625,0.000838699489816085
385,175,298,15.6325,0.00080198880974904
385,175,298,15.64,0.00025230815801508
385,175,298,15.6475,0.000491890113321662
385,175,298,15.655,0.000360505147266558
385,175,298,15.6625,0.000469693411531611
385,175,298,15.67,0.000900292580416653
385,175,298,15.6775,0.000392066295805464
385,175,298,15.685,0.000738542037461001
385,175,298,15.6925,0.000863781859520203
385,175,298,15.7,0.000622192786486027
385,175,298,15.7075,0.000605319199405476
385,175,298,15.715,0.000486205729971474
385,175,298,15.7225,0.00117287438365001
385,175,298,15.73,0.000670850711323014
385,175,298,15.7375,0.000318177686684778
385,175,298,15.745,0.000372087359726662
385,175,298,15.7525,0.000633968399200404
385,175,298,15.76,0.000411716552702759
385,175,298,15.7675,0.000379671957048337
385,175,298,15.775,0.000209266435052575
385,175,298,15.7825,8.9620629210058e-05
385,175,298,15.79,0.000423219715683128
385,175,298,15.7975,0.000430545345512233
385,175,298,15.805,0.000423543717456828
385,175,298,15.8125,0.000422683812405393
385,175,298,15.82,0.00058007260790342
385,175,298,15.8275,0.000364629133083547
385,175,298,15.835,0.000261215482351275
385,175,298,15.8425,0.000222836201883288
385,175,298,15.85,0.000109937017707533
385,175,298,15.8575,0.000447487770552267
385,175,298,15.865,0.000379851719068534
385,175,298,15.8725,0.000532141074036694
385,175,298,15.88,0.000631557191363292
385,175,298,15.8875,0.000294171128212831
385,175,298,15.895,0.000637449850498459
385,175,298,15.9025,0.000605384242536095
385,175,298,15.91,0.000773271838170525
385,175,298,15.9175,0.000663882737915655
385,175,298,15.925,0.000307633654948976
385,175,298,15.9325,0.000664822519407226
385,175,298,15.94,0.000830742363525186
385,175,298,15.9475,0.000824965438351919
385,175,298,15.955,0.000987704496757216
385,175,298,15.9625,0.000611045734730595
385,175,298,15.97,0.000683765451402532
385,175,298,15.9775,0.000413044717181013
385,175,298,15.985,0.000737070694556922
385,175,298,15.9925,0.000125800871013119
385,175,298,16,0.000361030974666662
385,175,297,4,0.00467574659083671
385,175,297,4.0075,0.00496943783633356
385,175,297,4.015,0.00457827542299815
385,175,297,4.0225,0.00474638576551354
385,175,297,4.03,0.00452224026407524
385,175,297,4.0375,0.00455067712222763
385,175,297,4.045,0.0039993070344817
385,175,297,4.0525,0.00432249077817275
385,175,297,4.06,0.00384753584012267
385,175,297,4.0675,0.0040694575041524
385,175,297,4.075,0.00501138383106519
385,175,297,4.0825,0.0049334500765671
385,175,297,4.09,0.00541945387189807
385,175,297,4.0975,0.00610105375950326
385,175,297,4.105,0.00553194550058869
385,175,297,4.1125,0.00530946853153241
385,175,297,4.12,0.00382512537452356
385,175,297,4.1275,0.00368312518602495
385,175,297,4.135,0.00408272962604874
385,175,297,4.1425,0.00379748520445552
385,175,297,4.15,0.0041135572204767
385,175,297,4.1575,0.00380588715237836
385,175,297,4.165,0.00415045239970982
385,175,297,4.1725,0.00413231447305062
385,175,297,4.18,0.00392607648274884
385,175,297,4.1875,0.00332172542714122
385,175,297,4.195,0.00344674249495671
385,175,297,4.2025,0.00364166918039234
385,175,297,4.21,0.00386352736795081
385,175,297,4.2175,0.00356506952964646
385,175,297,4.225,0.00441688423972306
385,175,297,4.2325,0.00485417995185251
385,175,297,4.24,0.00458678419590693
385,175,297,4.2475,0.00423331823365384
385,175,297,4.255,0.00413776398121234
385,175,297,4.2625,0.00369591854636172
385,175,297,4.27,0.00298704768279151
385,175,297,4.2775,0.00261443377606592
385,175,297,4.285,0.00197274945642039
385,175,297,4.2925,0.00256165996012422
385,175,297,4.3,0.00174062710875989
385,175,297,4.3075,0.00175289205927103
385,175,297,4.315,0.00165836823639311
385,175,297,4.3225,0.001387046791137
385,175,297,4.33,0.00121067045436133
385,175,297,4.3375,0.00149269925630522
385,175,297,4.345,0.00221000944711215
385,175,297,4.3525,0.00250261895775425
385,175,297,4.36,0.00296499113664789
385,175,297,4.3675,0.00337247280949313
385,175,297,4.375,0.0030071118082138
385,175,297,4.3825,0.00322245370394099
385,175,297,4.39,0.00409169260155874
385,175,297,4.3975,0.00381076789934091
385,175,297,4.405,0.0046549362676869
385,175,297,4.4125,0.0047132315679911
385,175,297,4.42,0.00447981079193178
385,175,297,4.4275,0.00392178611119326
385,175,297,4.435,0.00403577052492319
385,175,297,4.4425,0.00385147277832983
385,175,297,4.45,0.00314899887162844
385,175,297,4.4575,0.00326912679994792
385,175,297,4.465,0.00302021454015206
385,175,297,4.4725,0.00297177151966683
385,175,297,4.48,0.00309252776826912
385,175,297,4.4875,0.00299163526205859
385,175,297,4.495,0.00268543049116912
385,175,297,4.5025,0.00237106063946014
385,175,297,4.51,0.00318752900820259
385,175,297,4.5175,0.00261286521271362
385,175,297,4.525,0.00288468340635419
385,175,297,4.5325,0.00238225873083937
385,175,297,4.54,0.00217838764276948
385,175,297,4.5475,0.00172407625906429
385,175,297,4.555,0.00145829636454115
385,175,297,4.5625,0.00195233200426632
385,175,297,4.57,0.00154669030586424
385,175,297,4.5775,0.00115513291938434
385,175,297,4.585,0.00122961963971206
385,175,297,4.5925,0.00167642597929766
385,175,297,4.6,0.00186980560481804
385,175,297,4.6075,0.00237581229074712
385,175,297,4.615,0.00260071099589017
385,175,297,4.6225,0.00283639794852805
385,175,297,4.63,0.0029817037689495
385,175,297,4.6375,0.00281566649404203
385,175,297,4.645,0.00245049563076025
385,175,297,4.6525,0.00221018966557196
385,175,297,4.66,0.00185736746248202
385,175,297,4.6675,0.00178852904702598
385,175,297,4.675,0.00167609726954874
385,175,297,4.6825,0.00187135128021107
385,175,297,4.69,0.00133995448188284
385,175,297,4.6975,0.00158506059523389
385,175,297,4.705,0.00146750187025191
385,175,297,4.7125,0.000968097405120555
385,175,297,4.72,0.00100892935622722
385,175,297,4.7275,0.000725163502695366
385,175,297,4.735,0.00128616920527397
385,175,297,4.7425,0.00182799705505707
385,175,297,4.75,0.00122726165133485
385,175,297,4.7575,0.00171654537529424
385,175,297,4.765,0.00144777554131586
385,175,297,4.7725,0.00142499603077417
385,175,297,4.78,0.00177577331541479
385,175,297,4.7875,0.000765788194693102
385,175,297,4.795,0.00182065678038906
385,175,297,4.8025,0.00101110812614989
385,175,297,4.81,0.00134983222713623
385,175,297,4.8175,0.00138598224639671
385,175,297,4.825,0.00261819465669632
385,175,297,4.8325,0.00268967526073131
385,175,297,4.84,0.00243239154406731
385,175,297,4.8475,0.00274627233865494
385,175,297,4.855,0.00255583946996863
385,175,297,4.8625,0.00239069441364134
385,175,297,4.87,0.00266990139727693
385,175,297,4.8775,0.00255140541735869
385,175,297,4.885,0.00283427024267989
385,175,297,4.8925,0.00298259165007212
385,175,297,4.9,0.00302356298044797
385,175,297,4.9075,0.00307309897626734
385,175,297,4.915,0.00176439577193026
385,175,297,4.9225,0.00210120908106381
385,175,297,4.93,0.00136647823312813
385,175,297,4.9375,0.00125169386013614
385,175,297,4.945,0.0013624211284054
385,175,297,4.9525,0.00139170041261596
385,175,297,4.96,0.000919753593964029
385,175,297,4.9675,0.00147523283378454
385,175,297,4.975,0.000574962741034877
385,175,297,4.9825,0.000868716991610689
385,175,297,4.99,0.000515394392306136
385,175,297,4.9975,0.000423261550270837
385,175,297,5.005,0.000759181312842053
385,175,297,5.0125,0.00109997411274753
385,175,297,5.02,0.000812261818895121
385,175,297,5.0275,0.000390335023369698
385,175,297,5.035,0.000781632908399953
385,175,297,5.0425,0.000454889796900613
385,175,297,5.05,0.00130642538646059
385,175,297,5.0575,0.000794391769319202
385,175,297,5.065,0.00123963990032292
385,175,297,5.0725,0.00164358947041234
385,175,297,5.08,0.00159832471379477
385,175,297,5.0875,0.00249350479094903
385,175,297,5.095,0.00253304555080739
385,175,297,5.1025,0.00168854837676134
385,175,297,5.11,0.00182260789468753
385,175,297,5.1175,0.00176537040935315
385,175,297,5.125,0.00163754516948735
385,175,297,5.1325,0.00146543457235235
385,175,297,5.14,0.00160290810266936
385,175,297,5.1475,0.00139446740301897
385,175,297,5.155,0.00156013107831954
385,175,297,5.1625,0.00126047137168048
385,175,297,5.17,0.00129465073232946
385,175,297,5.1775,0.000777649552184724
385,175,297,5.185,0.000979537436658602
385,175,297,5.1925,0.000670137295440594
385,175,297,5.2,0.000488082076800044
385,175,297,5.2075,0.000596646293646298
385,175,297,5.215,0.00078390846960572
385,175,297,5.2225,0.000634904725635329
385,175,297,5.23,0.000674964104167647
385,175,297,5.2375,0.000960599091000444
385,175,297,5.245,0.00107038788073277
385,175,297,5.2525,0.00154690742363167
385,175,297,5.26,0.0012278055494273
385,175,297,5.2675,0.00133981402132594
385,175,297,5.275,0.00153223054212464
385,175,297,5.2825,0.00156525992724225
385,175,297,5.29,0.00146450448538267
385,175,297,5.2975,0.00138498988900998
385,175,297,5.305,0.0016920868249244
385,175,297,5.3125,0.00114417251674874
385,175,297,5.32,0.00126185834917996
385,175,297,5.3275,0.00127230147057207
385,175,297,5.335,0.00104011399363369
385,175,297,5.3425,0.0011664313700894
385,175,297,5.35,0.00110480701866698
385,175,297,5.3575,0.000664570729908938
385,175,297,5.365,0.000578469565313763
385,175,297,5.3725,0.00105415273365606
385,175,297,5.38,0.00125840915551494
385,175,297,5.3875,0.000925309833299188
385,175,297,5.395,0.00125614020284409
385,175,297,5.4025,0.00144103872951808
385,175,297,5.41,0.000881583668473744
385,175,297,5.4175,0.000735720666678937
385,175,297,5.425,0.000609962583882317
385,175,297,5.4325,0.00076171280909733
385,175,297,5.44,0.000105283875116089
385,175,297,5.4475,0.000260377429046933
385,175,297,5.455,0.000830179794830319
385,175,297,5.4625,0.000765737576531736
385,175,297,5.47,0.0014631650860886
385,175,297,5.4775,0.00179162147014154
385,175,297,5.485,0.00153563518395828
385,175,297,5.4925,0.00206379669407597
385,175,297,5.5,0.00218825466555022
385,175,297,5.5075,0.00224820491677055
385,175,297,5.515,0.00277083904995622
385,175,297,5.5225,0.00257147356762258
385,175,297,5.53,0.00224226409830532
385,175,297,5.5375,0.00200989682199574
385,175,297,5.545,0.00228658077177222
385,175,297,5.5525,0.00205729361701019
385,175,297,5.56,0.00126534335136913
385,175,297,5.5675,0.00102756665171805
385,175,297,5.575,0.00115899393664344
385,175,297,5.5825,0.00174440608241349
385,175,297,5.59,0.00145530815252032
385,175,297,5.5975,0.00218420954563363
385,175,297,5.605,0.00192770672345189
385,175,297,5.6125,0.00175417138883171
385,175,297,5.62,0.00194025736793393
385,175,297,5.6275,0.00203151814078579
385,175,297,5.635,0.00190290333467072
385,175,297,5.6425,0.00252823618955261
385,175,297,5.65,0.00189564787476917
385,175,297,5.6575,0.00188434481707474
385,175,297,5.665,0.00118847873574499
385,175,297,5.6725,0.00185206125781752
385,175,297,5.68,0.000993400525701852
385,175,297,5.6875,0.00101529276635497
385,175,297,5.695,0.00062379725629888
385,175,297,5.7025,0.000457925519226782
385,175,297,5.71,0.000651766655376836
385,175,297,5.7175,0.000779871734987395
385,175,297,5.725,0.00174821763780632
385,175,297,5.7325,0.00192863663505555
385,175,297,5.74,0.00223652377197472
385,175,297,5.7475,0.00245298406193287
385,175,297,5.755,0.00227876808344008
385,175,297,5.7625,0.00224847509494077
385,175,297,5.77,0.00203044625001745
385,175,297,5.7775,0.00243817166885773
385,175,297,5.785,0.00222462522360777
385,175,297,5.7925,0.00215965689002952
385,175,297,5.8,0.001668483524321
385,175,297,5.8075,0.0012588715027346
385,175,297,5.815,0.00144142853076014
385,175,297,5.8225,0.00113564920412293
385,175,297,5.83,0.000489708283173652
385,175,297,5.8375,0.000590619826714134
385,175,297,5.845,0.000461270152688714
385,175,297,5.8525,0.00048227606271673
385,175,297,5.86,0.000861009457725233
385,175,297,5.8675,0.00135251535970669
385,175,297,5.875,0.00134665348825476
385,175,297,5.8825,0.00135660931018207
385,175,297,5.89,0.00129869375552846
385,175,297,5.8975,0.000882475947800156
385,175,297,5.905,0.000625969404730758
385,175,297,5.9125,0.000168480441963014
385,175,297,5.92,0.000474228192830502
385,175,297,5.9275,0.000828019150411016
385,175,297,5.935,0.000588716257814585
385,175,297,5.9425,0.000756607710048613
385,175,297,5.95,0.00112548218882181
385,175,297,5.9575,0.00101172208670253
385,175,297,5.965,0.00147608592163702
385,175,297,5.9725,0.00216232632704097
385,175,297,5.98,0.00232305482144704
385,175,297,5.9875,0.00285191440345451
385,175,297,5.995,0.00269178311524098
385,175,297,6.0025,0.00235388420583465
385,175,297,6.01,0.00253556948822209
385,175,297,6.0175,0.0026545708746107
385,175,297,6.025,0.00253452313561537
385,175,297,6.0325,0.00220211496889746
385,175,297,6.04,0.00136897417843379
385,175,297,6.0475,0.00132526566155762
385,175,297,6.055,0.00060013182605609
385,175,297,6.0625,0.000315132901964108
385,175,297,6.07,0.000953619907362705
385,175,297,6.0775,0.00068886157088904
385,175,297,6.085,0.00145966565745264
385,175,297,6.0925,0.00161405446065032
385,175,297,6.1,0.00107662359219627
385,175,297,6.1075,0.00150942058248282
385,175,297,6.115,0.00188531517829167
385,175,297,6.1225,0.00121341685517575
385,175,297,6.13,0.00174458839971983
385,175,297,6.1375,0.00158402383187005
385,175,297,6.145,0.0013142103697535
385,175,297,6.1525,0.00111735235037034
385,175,297,6.16,0.000755737723510928
385,175,297,6.1675,0.000488460578819709
385,175,297,6.175,0.000218103711510481
385,175,297,6.1825,0.000446396695571445
385,175,297,6.19,0.0010316082297804
385,175,297,6.1975,0.00204469425683719
385,175,297,6.205,0.00153295164080471
385,175,297,6.2125,0.00198203821661852
385,175,297,6.22,0.00152526311143637
385,175,297,6.2275,0.001806709727451
385,175,297,6.235,0.00229221506177806
385,175,297,6.2425,0.00225744744926069
385,175,297,6.25,0.00248757169095986
385,175,297,6.2575,0.00218325357372577
385,175,297,6.265,0.00218243152062313
385,175,297,6.2725,0.00229040359691177
385,175,297,6.28,0.00214489039572256
385,175,297,6.2875,0.00168608844271615
385,175,297,6.295,0.00151855969743794
385,175,297,6.3025,0.000950064375902171
385,175,297,6.31,0.00108294794589431
385,175,297,6.3175,0.00115288232820502
385,175,297,6.325,0.00165615266101205
385,175,297,6.3325,0.00186525471390521
385,175,297,6.34,0.00159993540972318
385,175,297,6.3475,0.0016205495405315
385,175,297,6.355,0.00174284913695014
385,175,297,6.3625,0.00182009523042326
385,175,297,6.37,0.00205802044981298
385,175,297,6.3775,0.00193524811433406
385,175,297,6.385,0.00109673668719493
385,175,297,6.3925,0.00187469056184478
385,175,297,6.4,0.00123091669611386
385,175,297,6.4075,0.00151027830875714
385,175,297,6.415,0.00133300907633922
385,175,297,6.4225,0.000707056702982304
385,175,297,6.43,0.000725345332382779
385,175,297,6.4375,0.000472071738533661
385,175,297,6.445,0.000951157558537803
385,175,297,6.4525,0.00060727367065683
385,175,297,6.46,0.00126326298891579
385,175,297,6.4675,0.00140797621813154
385,175,297,6.475,0.00173979701740042
385,175,297,6.4825,0.0023059265568007
385,175,297,6.49,0.00213199998050992
385,175,297,6.4975,0.00201676405230906
385,175,297,6.505,0.00193519013352546
385,175,297,6.5125,0.0021351226902944
385,175,297,6.52,0.00165092468490876
385,175,297,6.5275,0.00211451063832431
385,175,297,6.535,0.00116968198942779
385,175,297,6.5425,0.00112247674751866
385,175,297,6.55,0.000742788336813165
385,175,297,6.5575,0.00049538346781264
385,175,297,6.565,0.00122813367542148
385,175,297,6.5725,0.00112359336764899
385,175,297,6.58,0.00142880563487421
385,175,297,6.5875,0.00177057422573465
385,175,297,6.595,0.00191757683269918
385,175,297,6.6025,0.00216374543850758
385,175,297,6.61,0.00200240362485269
385,175,297,6.6175,0.00210137906684561
385,175,297,6.625,0.00247091865000046
385,175,297,6.6325,0.00250535173527993
385,175,297,6.64,0.00213319992548889
385,175,297,6.6475,0.00249829899139808
385,175,297,6.655,0.00205469188917638
385,175,297,6.6625,0.00179343482713672
385,175,297,6.67,0.00185217675689113
385,175,297,6.6775,0.00166751234480493
385,175,297,6.685,0.00138852552404168
385,175,297,6.6925,0.000863807904809249
385,175,297,6.7,0.00165360833715727
385,175,297,6.7075,0.00187891800392709
385,175,297,6.715,0.00219776694767662
385,175,297,6.7225,0.00234806872348804
385,175,297,6.73,0.00288215270953882
385,175,297,6.7375,0.0024074097254318
385,175,297,6.745,0.0025645490483341
385,175,297,6.7525,0.00272773864353154
385,175,297,6.76,0.00249102199959589
385,175,297,6.7675,0.00257347958149721
385,175,297,6.775,0.00276668127080293
385,175,297,6.7825,0.00212476058765277
385,175,297,6.79,0.0019390841478286
385,175,297,6.7975,0.00175240381035625
385,175,297,6.805,0.00194896865301607
385,175,297,6.8125,0.00180095506679259
385,175,297,6.82,0.00157237174789061
385,175,297,6.8275,0.00184265122887391
385,175,297,6.835,0.00155177179154174
385,175,297,6.8425,0.00128682002873791
385,175,297,6.85,0.00243461557272468
385,175,297,6.8575,0.00203932015589488
385,175,297,6.865,0.00216413318009042
385,175,297,6.8725,0.00202808249303593
385,175,297,6.88,0.00229098060510892
385,175,297,6.8875,0.00240264419258816
385,175,297,6.895,0.00217256617499885
385,175,297,6.9025,0.00190501476185587
385,175,297,6.91,0.00136623533709189
385,175,297,6.9175,0.00181712715147077
385,175,297,6.925,0.00131107672255656
385,175,297,6.9325,0.00106546446108068
385,175,297,6.94,0.00091462904543418
385,175,297,6.9475,0.00107661527739011
385,175,297,6.955,0.0015441307714913
385,175,297,6.9625,0.00212501708408997
385,175,297,6.97,0.0022543379527485
385,175,297,6.9775,0.00243888237835127
385,175,297,6.985,0.0028128508871212
385,175,297,6.9925,0.00296371233227914
385,175,297,7,0.00307426199835395
385,175,297,7.0075,0.00362859708079218
385,175,297,7.015,0.0034163854758081
385,175,297,7.0225,0.00316896636758918
385,175,297,7.03,0.00309216009760744
385,175,297,7.0375,0.00281482297681425
385,175,297,7.045,0.00236204403003269
385,175,297,7.0525,0.00228962182932151
385,175,297,7.06,0.00173957123219284
385,175,297,7.0675,0.00120204599553903
385,175,297,7.075,0.00155888629463224
385,175,297,7.0825,0.00173291439360229
385,175,297,7.09,0.00181630767011605
385,175,297,7.0975,0.00221507471549407
385,175,297,7.105,0.00232327456879069
385,175,297,7.1125,0.00255993232602409
385,175,297,7.12,0.00289454942507179
385,175,297,7.1275,0.00316913458696407
385,175,297,7.135,0.00327558954905106
385,175,297,7.1425,0.0026527089883926
385,175,297,7.15,0.00301530445427353
385,175,297,7.1575,0.00263479033656191
385,175,297,7.165,0.0024234365444246
385,175,297,7.1725,0.0022977131909184
385,175,297,7.18,0.00221783641738479
385,175,297,7.1875,0.00179757332085628
385,175,297,7.195,0.00180046820631016
385,175,297,7.2025,0.00163254487135498
385,175,297,7.21,0.00194839091478326
385,175,297,7.2175,0.00230600274348122
385,175,297,7.225,0.00251711322379291
385,175,297,7.2325,0.00273556427662136
385,175,297,7.24,0.00330771115755385
385,175,297,7.2475,0.00290043621355578
385,175,297,7.255,0.00284363498224128
385,175,297,7.2625,0.00275337430691905
385,175,297,7.27,0.00270062592927854
385,175,297,7.2775,0.00273805207897804
385,175,297,7.285,0.00252083031477952
385,175,297,7.2925,0.00227248646106802
385,175,297,7.3,0.00184380361407439
385,175,297,7.3075,0.00190199166942224
385,175,297,7.315,0.00158699417999334
385,175,297,7.3225,0.00197459428926392
385,175,297,7.33,0.00148968972913068
385,175,297,7.3375,0.00193541147154197
385,175,297,7.345,0.00201384863382013
385,175,297,7.3525,0.00247573387673712
385,175,297,7.36,0.00297622439577256
385,175,297,7.3675,0.00321803977382155
385,175,297,7.375,0.00336612716227175
385,175,297,7.3825,0.00307131700410901
385,175,297,7.39,0.00314365927176902
385,175,297,7.3975,0.00304111080776893
385,175,297,7.405,0.00306366003647892
385,175,297,7.4125,0.00272312718128071
385,175,297,7.42,0.00237468342239067
385,175,297,7.4275,0.0018969128470842
385,175,297,7.435,0.00145214919055531
385,175,297,7.4425,0.00183742805790807
385,175,297,7.45,0.00177182818467284
385,175,297,7.4575,0.0013767243675935
385,175,297,7.465,0.00224892788344588
385,175,297,7.4725,0.00214663302080443
385,175,297,7.48,0.00267015246607526
385,175,297,7.4875,0.00283772896303829
385,175,297,7.495,0.00247093696706601
385,175,297,7.5025,0.00323629880538525
385,175,297,7.51,0.00307772902849061
385,175,297,7.5175,0.00316389821225694
385,175,297,7.525,0.00290315780749718
385,175,297,7.5325,0.00279247075281007
385,175,297,7.54,0.00245039318879533
385,175,297,7.5475,0.0021625896678206
385,175,297,7.555,0.00187068439701097
385,175,297,7.5625,0.00225785863963717
385,175,297,7.57,0.00197461988476168
385,175,297,7.5775,0.00210469564815971
385,175,297,7.585,0.00173678239939669
385,175,297,7.5925,0.00262607847070289
385,175,297,7.6,0.0021567629961862
385,175,297,7.6075,0.00292733322670892
385,175,297,7.615,0.00285710566315377
385,175,297,7.6225,0.00327981591105185
385,175,297,7.63,0.00315214469849682
385,175,297,7.6375,0.00344299828019169
385,175,297,7.645,0.00288385425075103
385,175,297,7.6525,0.00293034440217614
385,175,297,7.66,0.00243334157934116
385,175,297,7.6675,0.00254618497317838
385,175,297,7.675,0.00203587322893079
385,175,297,7.6825,0.00152343989631614
385,175,297,7.69,0.00111795027571769
385,175,297,7.6975,0.0012312458294492
385,175,297,7.705,0.00157003802257606
385,175,297,7.7125,0.00139453375735617
385,175,297,7.72,0.00144454402304384
385,175,297,7.7275,0.0024965550484725
385,175,297,7.735,0.00230796972487089
385,175,297,7.7425,0.00274342624595612
385,175,297,7.75,0.00259259422490394
385,175,297,7.7575,0.0028040803689672
385,175,297,7.765,0.0032213818424479
385,175,297,7.7725,0.00282741750889622
385,175,297,7.78,0.0024909390834097
385,175,297,7.7875,0.00278576283683933
385,175,297,7.795,0.00234976362442662
385,175,297,7.8025,0.00145517550926728
385,175,297,7.81,0.000972748645489657
385,175,297,7.8175,0.00104371845774515
385,175,297,7.825,0.00114884991961475
385,175,297,7.8325,0.0015909351439927
385,175,297,7.84,0.00188730216275976
385,175,297,7.8475,0.001978906925794
385,175,297,7.855,0.0025359867172013
385,175,297,7.8625,0.00269619955997332
385,175,297,7.87,0.00371999465713817
385,175,297,7.8775,0.00298819163382895
385,175,297,7.885,0.00333793706419022
385,175,297,7.8925,0.00336277604707578
385,175,297,7.9,0.00329376250748896
385,175,297,7.9075,0.00303817704670694
385,175,297,7.915,0.00300133347871441
385,175,297,7.9225,0.0030304590167913
385,175,297,7.93,0.00234682313364184
385,175,297,7.9375,0.00275583898078898
385,175,297,7.945,0.00236164220422861
385,175,297,7.9525,0.00219348923744825
385,175,297,7.96,0.00235017660943536
385,175,297,7.9675,0.0027671606002463
385,175,297,7.975,0.0029720045020848
385,175,297,7.9825,0.00279308049866809
385,175,297,7.99,0.003039236027338
385,175,297,7.9975,0.00339950080820457
385,175,297,8.005,0.0030202808996007
385,175,297,8.0125,0.00339772101751765
385,175,297,8.02,0.00286536059019826
385,175,297,8.0275,0.00327765997931812
385,175,297,8.035,0.00327474486182355
385,175,297,8.0425,0.0028674769852635
385,175,297,8.05,0.002309056486512
385,175,297,8.0575,0.00223860170071221
385,175,297,8.065,0.00165650010975241
385,175,297,8.0725,0.000881582557076768
385,175,297,8.08,0.0008913273365025
385,175,297,8.0875,0.00179051866227704
385,175,297,8.095,0.00151046562734914
385,175,297,8.1025,0.00221220750387568
385,175,297,8.11,0.00257725887477928
385,175,297,8.1175,0.00267644443463378
385,175,297,8.125,0.0032817657782074
385,175,297,8.1325,0.00343970550690364
385,175,297,8.14,0.00317623061962276
385,175,297,8.1475,0.00284407196398398
385,175,297,8.155,0.00288341210884756
385,175,297,8.1625,0.00295000798536174
385,175,297,8.17,0.00276957616747275
385,175,297,8.1775,0.00193237778119373
385,175,297,8.185,0.00152831409970027
385,175,297,8.1925,0.00172843298668565
385,175,297,8.2,0.0018754268918145
385,175,297,8.2075,0.00184432543211815
385,175,297,8.215,0.00207961941529391
385,175,297,8.2225,0.00244681520713099
385,175,297,8.23,0.00300837222340254
385,175,297,8.2375,0.00281137851854161
385,175,297,8.245,0.00310443858654644
385,175,297,8.2525,0.00335813954318644
385,175,297,8.26,0.00341997590403616
385,175,297,8.2675,0.00348708998252515
385,175,297,8.275,0.00310708453413592
385,175,297,8.2825,0.00320219108559744
385,175,297,8.29,0.00298829151389931
385,175,297,8.2975,0.00295664895062165
385,175,297,8.305,0.00264743592908074
385,175,297,8.3125,0.00189993766631742
385,175,297,8.32,0.00238274922994223
385,175,297,8.3275,0.0022495531974037
385,175,297,8.335,0.0019681186913077
385,175,297,8.3425,0.00160634075050889
385,175,297,8.35,0.00199711380821551
385,175,297,8.3575,0.00243305029152796
385,175,297,8.365,0.00279329600323541
385,175,297,8.3725,0.00315146382940635
385,175,297,8.38,0.00335858214033735
385,175,297,8.3875,0.00334321625371904
385,175,297,8.395,0.00340603032362337
385,175,297,8.4025,0.00373147434728579
385,175,297,8.41,0.00338016783829177
385,175,297,8.4175,0.00254172179089412
385,175,297,8.425,0.00305645708494743
385,175,297,8.4325,0.00261211729096523
385,175,297,8.44,0.00222606911733422
385,175,297,8.4475,0.0020501023851944
385,175,297,8.455,0.00202391939354331
385,175,297,8.4625,0.00166810917350808
385,175,297,8.47,0.00215740611318447
385,175,297,8.4775,0.00240873599344097
385,175,297,8.485,0.00214636417050089
385,175,297,8.4925,0.00245870575935557
385,175,297,8.5,0.00322632583860566
385,175,297,8.5075,0.00296517104973325
385,175,297,8.515,0.00303242954037128
385,175,297,8.5225,0.00271372883477701
385,175,297,8.53,0.00269826013469217
385,175,297,8.5375,0.00236907407233412
385,175,297,8.545,0.00223745358308861
385,175,297,8.5525,0.00165625069297745
385,175,297,8.56,0.00139566520972248
385,175,297,8.5675,0.000610207006014161
385,175,297,8.575,0.00118714101867692
385,175,297,8.5825,0.00146623245690487
385,175,297,8.59,0.00183054911974976
385,175,297,8.5975,0.00176550996081129
385,175,297,8.605,0.0021123819602043
385,175,297,8.6125,0.00232738656643605
385,175,297,8.62,0.00279289540823318
385,175,297,8.6275,0.00308020446665873
385,175,297,8.635,0.00310544233619459
385,175,297,8.6425,0.00333962965014864
385,175,297,8.65,0.00323597698554746
385,175,297,8.6575,0.00338482614486489
385,175,297,8.665,0.00291772801424418
385,175,297,8.6725,0.00276996969259333
385,175,297,8.68,0.0027093532977819
385,175,297,8.6875,0.00244824978104954
385,175,297,8.695,0.00211758968558641
385,175,297,8.7025,0.00238052276809668
385,175,297,8.71,0.00199324936159637
385,175,297,8.7175,0.00252741129655461
385,175,297,8.725,0.00256880233980863
385,175,297,8.7325,0.00250734269298059
385,175,297,8.74,0.00284588793682033
385,175,297,8.7475,0.00269275565838381
385,175,297,8.755,0.00278052155056061
385,175,297,8.7625,0.00241313980892094
385,175,297,8.77,0.00276057485721774
385,175,297,8.7775,0.00275321398594157
385,175,297,8.785,0.00230047605529617
385,175,297,8.7925,0.00246409305779523
385,175,297,8.8,0.0020724501222504
385,175,297,8.8075,0.00159723103110003
385,175,297,8.815,0.000989637981114277
385,175,297,8.8225,0.00117655445670357
385,175,297,8.83,0.00135434700173417
385,175,297,8.8375,0.0013595398488522
385,175,297,8.845,0.00191633007302733
385,175,297,8.8525,0.0015004765255551
385,175,297,8.86,0.00220626817784265
385,175,297,8.8675,0.0029299123581209
385,175,297,8.875,0.00247707527276045
385,175,297,8.8825,0.00275110374058226
385,175,297,8.89,0.00279741665777783
385,175,297,8.8975,0.00264636866299663
385,175,297,8.905,0.00254966479010952
385,175,297,8.9125,0.00242425578441951
385,175,297,8.92,0.00276251681658565
385,175,297,8.9275,0.00225021473723246
385,175,297,8.935,0.00127330456932296
385,175,297,8.9425,0.00176406220376463
385,175,297,8.95,0.00200625707245753
385,175,297,8.9575,0.00171286720154008
385,175,297,8.965,0.00199291095648823
385,175,297,8.9725,0.00242469768798436
385,175,297,8.98,0.00331040135029529
385,175,297,8.9875,0.00219232892232426
385,175,297,8.995,0.00293763285139259
385,175,297,9.0025,0.00271232694563684
385,175,297,9.01,0.00269616793822738
385,175,297,9.0175,0.00252624983439492
385,175,297,9.025,0.002560742264193
385,175,297,9.0325,0.00267180555673778
385,175,297,9.04,0.00280898904698356
385,175,297,9.0475,0.00242464707614878
385,175,297,9.055,0.00193769712291922
385,175,297,9.0625,0.00186702069312526
385,175,297,9.07,0.00205771640008459
385,175,297,9.0775,0.00191972989223327
385,175,297,9.085,0.00155485650359416
385,175,297,9.0925,0.00208076761755782
385,175,297,9.1,0.00190791621498552
385,175,297,9.1075,0.0022494848511979
385,175,297,9.115,0.002213847144446
385,175,297,9.1225,0.00257044091087825
385,175,297,9.13,0.00259206602216042
385,175,297,9.1375,0.00300298686351288
385,175,297,9.145,0.00271550747809659
385,175,297,9.1525,0.00254887628092267
385,175,297,9.16,0.00264154082142525
385,175,297,9.1675,0.00256702207157814
385,175,297,9.175,0.00214266669674473
385,175,297,9.1825,0.00221812849222588
385,175,297,9.19,0.0022689286336726
385,175,297,9.1975,0.00168019993258253
385,175,297,9.205,0.00154188646025336
385,175,297,9.2125,0.0018441513693498
385,175,297,9.22,0.00165111348578296
385,175,297,9.2275,0.00182348723645232
385,175,297,9.235,0.00172394719516205
385,175,297,9.2425,0.00204702684208689
385,175,297,9.25,0.00222053450467835
385,175,297,9.2575,0.00206045884262893
385,175,297,9.265,0.00220393644736127
385,175,297,9.2725,0.00202114052904811
385,175,297,9.28,0.00248607452643553
385,175,297,9.2875,0.00246858206769314
385,175,297,9.295,0.00188941886056388
385,175,297,9.3025,0.00164209486807112
385,175,297,9.31,0.00126595547236987
385,175,297,9.3175,0.00130800941764178
385,175,297,9.325,0.00135860627192916
385,175,297,9.3325,0.000774513218266184
385,175,297,9.34,0.00152911687805284
385,175,297,9.3475,0.00121050411864307
385,175,297,9.355,0.00176365374530837
385,175,297,9.3625,0.00204602686512194
385,175,297,9.37,0.00221124747107129
385,175,297,9.3775,0.00231855093899732
385,175,297,9.385,0.00228658153757809
385,175,297,9.3925,0.00265339832512813
385,175,297,9.4,0.00281622602211533
385,175,297,9.4075,0.00255402967404823
385,175,297,9.415,0.00248685729378439
385,175,297,9.4225,0.00246211351201207
385,175,297,9.43,0.00258861657787659
385,175,297,9.4375,0.00258715198787153
385,175,297,9.445,0.00268557346467714
385,175,297,9.4525,0.00224154370970833
385,175,297,9.46,0.00208429343904119
385,175,297,9.4675,0.00215020545531426
385,175,297,9.475,0.00166023083409066
385,175,297,9.4825,0.00191930176663631
385,175,297,9.49,0.00184347895281954
385,175,297,9.4975,0.00185713624940287
385,175,297,9.505,0.00213890223911329
385,175,297,9.5125,0.00245124846949956
385,175,297,9.52,0.0022282593198986
385,175,297,9.5275,0.00278000453225518
385,175,297,9.535,0.00205141942331207
385,175,297,9.5425,0.00218856791168397
385,175,297,9.55,0.00215031754245954
385,175,297,9.5575,0.00158956397048839
385,175,297,9.565,0.00189961727487064
385,175,297,9.5725,0.00152075466147987
385,175,297,9.58,0.0011880658777212
385,175,297,9.5875,0.00149009021072963
385,175,297,9.595,0.00106429973199431
385,175,297,9.6025,0.00119523580810067
385,175,297,9.61,0.00128674736939493
385,175,297,9.6175,0.00183488521287936
385,175,297,9.625,0.00205649144094553
385,175,297,9.6325,0.00227454672909363
385,175,297,9.64,0.00209358474793051
385,175,297,9.6475,0.00204167732144813
385,175,297,9.655,0.00218115211009918
385,175,297,9.6625,0.00193267770566367
385,175,297,9.67,0.00221763145601644
385,175,297,9.6775,0.00199921816519922
385,175,297,9.685,0.00176166561079633
385,175,297,9.6925,0.00108218470172396
385,175,297,9.7,0.0013382008055668
385,175,297,9.7075,0.00125547457448909
385,175,297,9.715,0.00156181648499779
385,175,297,9.7225,0.00151580569746076
385,175,297,9.73,0.00155020522040003
385,175,297,9.7375,0.00216736541939308
385,175,297,9.745,0.00188694236514506
385,175,297,9.7525,0.00228650986507834
385,175,297,9.76,0.00213083337840768
385,175,297,9.7675,0.00192532601758911
385,175,297,9.775,0.00255796880992684
385,175,297,9.7825,0.00280491442542249
385,175,297,9.79,0.0025054232650519
385,175,297,9.7975,0.00240409425812027
385,175,297,9.805,0.00220093684831558
385,175,297,9.8125,0.00229576280481318
385,175,297,9.82,0.00158315501580231
385,175,297,9.8275,0.00168752414609747
385,175,297,9.835,0.00172898117867173
385,175,297,9.8425,0.00111313355950901
385,175,297,9.85,0.00188542036006397
385,175,297,9.8575,0.00185427461510854
385,175,297,9.865,0.0024045777839781
385,175,297,9.8725,0.00197966049302413
385,175,297,9.88,0.00253029128726638
385,175,297,9.8875,0.00238488512888583
385,175,297,9.895,0.00330970645737625
385,175,297,9.9025,0.00290902887307595
385,175,297,9.91,0.00242296285430588
385,175,297,9.9175,0.00275990841403791
385,175,297,9.925,0.00226701838035247
385,175,297,9.9325,0.00248771196914539
385,175,297,9.94,0.00178702396021362
385,175,297,9.9475,0.00175576963107249
385,175,297,9.955,0.00165520784444504
385,175,297,9.9625,0.0016258647083115
385,175,297,9.97,0.0015648224433453
385,175,297,9.9775,0.00182160318876396
385,175,297,9.985,0.00175378135038419
385,175,297,9.9925,0.00151064932968775
385,175,297,10,0.00227564137671511
385,175,297,10.0075,0.00242252120235521
385,175,297,10.015,0.00220136291347754
385,175,297,10.0225,0.00238514765018866
385,175,297,10.03,0.00221506317741606
385,175,297,10.0375,0.00234075553603265
385,175,297,10.045,0.00237275976631407
385,175,297,10.0525,0.00229115590280658
385,175,297,10.06,0.00163380044039846
385,175,297,10.0675,0.00184511603557131
385,175,297,10.075,0.00164082342815227
385,175,297,10.0825,0.00158955992031313
385,175,297,10.09,0.00148670355743106
385,175,297,10.0975,0.00135588074247928
385,175,297,10.105,0.00172286394223012
385,175,297,10.1125,0.00141640118784658
385,175,297,10.12,0.00207889953979012
385,175,297,10.1275,0.00175854422644524
385,175,297,10.135,0.00141757626391733
385,175,297,10.1425,0.00180538905967596
385,175,297,10.15,0.0016626561185378
385,175,297,10.1575,0.00199688516811785
385,175,297,10.165,0.00191871653249912
385,175,297,10.1725,0.00222742809948617
385,175,297,10.18,0.00234733664209723
385,175,297,10.1875,0.00180876069391266
385,175,297,10.195,0.00183486151844625
385,175,297,10.2025,0.00174381326312341
385,175,297,10.21,0.00154207802831152
385,175,297,10.2175,0.00184901582088493
385,175,297,10.225,0.00163520486333939
385,175,297,10.2325,0.00168329245565485
385,175,297,10.24,0.00152702169737152
385,175,297,10.2475,0.00196419043456827
385,175,297,10.255,0.00156635181706181
385,175,297,10.2625,0.00165402817523941
385,175,297,10.27,0.00221058652310819
385,175,297,10.2775,0.00199687711092765
385,175,297,10.285,0.00251852759566171
385,175,297,10.2925,0.00222275916265164
385,175,297,10.3,0.00218495805233615
385,175,297,10.3075,0.00214965875420901
385,175,297,10.315,0.00178071737566339
385,175,297,10.3225,0.0022429918598078
385,175,297,10.33,0.00202001451577879
385,175,297,10.3375,0.00178861452975229
385,175,297,10.345,0.00156263506194817
385,175,297,10.3525,0.00130131973224312
385,175,297,10.36,0.00156107358611042
385,175,297,10.3675,0.00122834123731231
385,175,297,10.375,0.00143304326155144
385,175,297,10.3825,0.00187068901348938
385,175,297,10.39,0.00134125785526196
385,175,297,10.3975,0.00155212529211294
385,175,297,10.405,0.00182194283657089
385,175,297,10.4125,0.00124282588268518
385,175,297,10.42,0.00136128488561215
385,175,297,10.4275,0.00120519821345737
385,175,297,10.435,0.00135630037513765
385,175,297,10.4425,0.000803894038007913
385,175,297,10.45,0.000777989094051129
385,175,297,10.4575,0.000502344171589291
385,175,297,10.465,0.000482585320547185
385,175,297,10.4725,0.00016192639660542
385,175,297,10.48,0.00041418861371821
385,175,297,10.4875,0.000753501121877565
385,175,297,10.495,0.00105227547559846
385,175,297,10.5025,0.0013579275982146
385,175,297,10.51,0.00181419223198905
385,175,297,10.5175,0.00197158470946197
385,175,297,10.525,0.00210972683152188
385,175,297,10.5325,0.0022191531238367
385,175,297,10.54,0.00202971687173365
385,175,297,10.5475,0.00226640443247279
385,175,297,10.555,0.00176631239624915
385,175,297,10.5625,0.00152505774979524
385,175,297,10.57,0.00118678848357207
385,175,297,10.5775,0.00185148855859658
385,175,297,10.585,0.00154270446370191
385,175,297,10.5925,0.00144360076889439
385,175,297,10.6,0.00145427316069204
385,175,297,10.6075,0.00173618134931052
385,175,297,10.615,0.00144583925051381
385,175,297,10.6225,0.00163241861427542
385,175,297,10.63,0.00157644853691012
385,175,297,10.6375,0.00171337190304296
385,175,297,10.645,0.00143598980230911
385,175,297,10.6525,0.00108657045357776
385,175,297,10.66,0.00140581184157743
385,175,297,10.6675,0.00120683268884205
385,175,297,10.675,0.00113192477022793
385,175,297,10.6825,0.0012328311302133
385,175,297,10.69,0.00106994802944738
385,175,297,10.6975,0.000768014333792106
385,175,297,10.705,0.00051445003186287
385,175,297,10.7125,0.000610011414194074
385,175,297,10.72,0.000515116834882333
385,175,297,10.7275,0.00078038450242971
385,175,297,10.735,0.000963071609370753
385,175,297,10.7425,0.000604001242740164
385,175,297,10.75,0.000777887611296555
385,175,297,10.7575,0.000712468378192818
385,175,297,10.765,0.000864156000627879
385,175,297,10.7725,0.000719649729175335
385,175,297,10.78,0.000734367294656443
385,175,297,10.7875,0.00103464396524605
385,175,297,10.795,0.00141812862029892
385,175,297,10.8025,0.00121307543378662
385,175,297,10.81,0.00117526712804016
385,175,297,10.8175,0.00116514379325046
385,175,297,10.825,0.00075469460920247
385,175,297,10.8325,0.000957489524465921
385,175,297,10.84,0.000631369741126395
385,175,297,10.8475,0.00113846119385852
385,175,297,10.855,0.000742125239375316
385,175,297,10.8625,0.000990362743967006
385,175,297,10.87,0.000818850389321726
385,175,297,10.8775,0.00166593824155933
385,175,297,10.885,0.00118319341590487
385,175,297,10.8925,0.000695452031599709
385,175,297,10.9,0.000785197117272939
385,175,297,10.9075,0.000963446887511734
385,175,297,10.915,0.00109915086758082
385,175,297,10.9225,0.00164205308289671
385,175,297,10.93,0.0010988551744042
385,175,297,10.9375,0.00123752937266494
385,175,297,10.945,0.000899349936619179
385,175,297,10.9525,0.000605732068976559
385,175,297,10.96,0.000503419709621907
385,175,297,10.9675,0.000538553578818211
385,175,297,10.975,0.00100971711506429
385,175,297,10.9825,0.000770946292501523
385,175,297,10.99,0.000993065564015452
385,175,297,10.9975,0.00128674189867264
385,175,297,11.005,0.00154459737137628
385,175,297,11.0125,0.00147780860429623
385,175,297,11.02,0.00145706383343981
385,175,297,11.0275,0.00202179898075055
385,175,297,11.035,0.00219178931961794
385,175,297,11.0425,0.00194181199134419
385,175,297,11.05,0.00170356279342212
385,175,297,11.0575,0.00193144387804746
385,175,297,11.065,0.00196032065110863
385,175,297,11.0725,0.00212165795591506
385,175,297,11.08,0.00216664323404481
385,175,297,11.0875,0.00163364226993138
385,175,297,11.095,0.00125396798797942
385,175,297,11.1025,0.0015027321724309
385,175,297,11.11,0.00101288916418189
385,175,297,11.1175,0.00104795945869186
385,175,297,11.125,0.00120307680601992
385,175,297,11.1325,0.000518197231927567
385,175,297,11.14,0.000665135034385822
385,175,297,11.1475,0.000624238580554089
385,175,297,11.155,0.000545934629399157
385,175,297,11.1625,0.000852480320715031
385,175,297,11.17,0.00100450445304822
385,175,297,11.1775,0.000573596305863223
385,175,297,11.185,0.000979013205929287
385,175,297,11.1925,0.000876281452058333
385,175,297,11.2,0.000809650999256367
385,175,297,11.2075,0.000469425339761507
385,175,297,11.215,0.00045066547119642
385,175,297,11.2225,0.000261576985707505
385,175,297,11.23,0.00042803756475211
385,175,297,11.2375,0.000883621849242753
385,175,297,11.245,0.0010240615304749
385,175,297,11.2525,0.00109751262917051
385,175,297,11.26,0.0013502228607659
385,175,297,11.2675,0.00164069390359195
385,175,297,11.275,0.00206989425129346
385,175,297,11.2825,0.00220105101444993
385,175,297,11.29,0.00136184451851801
385,175,297,11.2975,0.00195473132369065
385,175,297,11.305,0.00212290929266815
385,175,297,11.3125,0.00192407786672304
385,175,297,11.32,0.00179056079101318
385,175,297,11.3275,0.00128430250880417
385,175,297,11.335,0.00141523610112111
385,175,297,11.3425,0.00074415546578823
385,175,297,11.35,0.00059142529278662
385,175,297,11.3575,0.000735213850758925
385,175,297,11.365,0.000472791126786016
385,175,297,11.3725,0.000757981104980559
385,175,297,11.38,0.000991433569749828
385,175,297,11.3875,0.000655858240336471
385,175,297,11.395,0.00140673056545277
385,175,297,11.4025,0.00130310122356913
385,175,297,11.41,0.00144633896523641
385,175,297,11.4175,0.00173423797470938
385,175,297,11.425,0.00162567748751621
385,175,297,11.4325,0.00102829871533691
385,175,297,11.44,0.00154380416046933
385,175,297,11.4475,0.00181001318088131
385,175,297,11.455,0.00129237125187186
385,175,297,11.4625,0.00152858498985429
385,175,297,11.47,0.000899563217893554
385,175,297,11.4775,0.000984261376390284
385,175,297,11.485,0.000822099641440018
385,175,297,11.4925,0.00119828612145511
385,175,297,11.5,0.00119802692640286
385,175,297,11.5075,0.00101318323812668
385,175,297,11.515,0.00150239318775478
385,175,297,11.5225,0.00160833497536616
385,175,297,11.53,0.00160151063348942
385,175,297,11.5375,0.00205593634500459
385,175,297,11.545,0.00173607680712321
385,175,297,11.5525,0.00119610352714016
385,175,297,11.56,0.00170648494824615
385,175,297,11.5675,0.00128182458687659
385,175,297,11.575,0.00177444381396817
385,175,297,11.5825,0.00178936744354156
385,175,297,11.59,0.00105892837675773
385,175,297,11.5975,0.00076447913465996
385,175,297,11.605,0.000642411095104245
385,175,297,11.6125,0.00074241624461947
385,175,297,11.62,0.000901913023716043
385,175,297,11.6275,0.00106605288537205
385,175,297,11.635,0.00105227711792419
385,175,297,11.6425,0.000873938641625431
385,175,297,11.65,0.00134630897279362
385,175,297,11.6575,0.00105181813563394
385,175,297,11.665,0.00143960388199264
385,175,297,11.6725,0.00158527515886687
385,175,297,11.68,0.00134378995224177
385,175,297,11.6875,0.00143397025049028
385,175,297,11.695,0.00155271427464128
385,175,297,11.7025,0.00118231826901949
385,175,297,11.71,0.00101010962536302
385,175,297,11.7175,0.000700173502056171
385,175,297,11.725,0.00130317655303884
385,175,297,11.7325,0.0009494718693781
385,175,297,11.74,0.001199024775627
385,175,297,11.7475,0.00156099637121904
385,175,297,11.755,0.00144180503480224
385,175,297,11.7625,0.00199725365634655
385,175,297,11.77,0.00169786636094668
385,175,297,11.7775,0.00208146440126633
385,175,297,11.785,0.00232691276868802
385,175,297,11.7925,0.00262179694177025
385,175,297,11.8,0.0028762773562788
385,175,297,11.8075,0.0019521027355395
385,175,297,11.815,0.00270812318808343
385,175,297,11.8225,0.00235510144845467
385,175,297,11.83,0.00192652920134107
385,175,297,11.8375,0.00160645953293911
385,175,297,11.845,0.00104843201720465
385,175,297,11.8525,0.00135748518535551
385,175,297,11.86,0.00117850377290478
385,175,297,11.8675,0.00103796369803185
385,175,297,11.875,0.00110682319561752
385,175,297,11.8825,0.000470888489558291
385,175,297,11.89,0.000420957634447032
385,175,297,11.8975,0.00058847371361211
385,175,297,11.905,0.000570487128519028
385,175,297,11.9125,0.000468928089577438
385,175,297,11.92,0.00120912951533083
385,175,297,11.9275,0.00100891643740408
385,175,297,11.935,0.00153940169788621
385,175,297,11.9425,0.001062561683342
385,175,297,11.95,0.00117222876395796
385,175,297,11.9575,0.00120436106307877
385,175,297,11.965,0.00126258435944591
385,175,297,11.9725,0.000921007166699838
385,175,297,11.98,0.000832451294378483
385,175,297,11.9875,0.000844817666422779
385,175,297,11.995,0.000874904352428745
385,175,297,12.0025,0.000939911574780266
385,175,297,12.01,0.00102452866743734
385,175,297,12.0175,0.00084339512941106
385,175,297,12.025,0.00111331790837363
385,175,297,12.0325,0.00086626743075553
385,175,297,12.04,0.00147008024950069
385,175,297,12.0475,0.00143080198584781
385,175,297,12.055,0.00146032083632288
385,175,297,12.0625,0.00130262384671571
385,175,297,12.07,0.00144557118677467
385,175,297,12.0775,0.00153445793833797
385,175,297,12.085,0.00120752608776702
385,175,297,12.0925,0.000794228006515398
385,175,297,12.1,0.000322707034045196
385,175,297,12.1075,0.000745847389062976
385,175,297,12.115,0.00067669752231583
385,175,297,12.1225,0.000992649910437675
385,175,297,12.13,0.000665586486244237
385,175,297,12.1375,0.0010189215530903
385,175,297,12.145,0.000959751997174035
385,175,297,12.1525,0.00196757762712816
385,175,297,12.16,0.00164460322262346
385,175,297,12.1675,0.00145115312148177
385,175,297,12.175,0.00209012630984879
385,175,297,12.1825,0.00222478811244083
385,175,297,12.19,0.00180240288448314
385,175,297,12.1975,0.00209710700913388
385,175,297,12.205,0.00181748838258421
385,175,297,12.2125,0.00148509410738435
385,175,297,12.22,0.00121852792264756
385,175,297,12.2275,0.00102394954859809
385,175,297,12.235,0.00123763631591141
385,175,297,12.2425,0.000621491531022339
385,175,297,12.25,0.000703256785787114
385,175,297,12.2575,0.000990278453549623
385,175,297,12.265,0.00143215990329217
385,175,297,12.2725,0.000986903491040999
385,175,297,12.28,0.0010302631138218
385,175,297,12.2875,0.00133144361510503
385,175,297,12.295,0.00143042034442747
385,175,297,12.3025,0.000970569193503027
385,175,297,12.31,0.00136764759010242
385,175,297,12.3175,0.0013933725491228
385,175,297,12.325,0.000992439558242398
385,175,297,12.3325,0.000984317138787761
385,175,297,12.34,0.000742020182148376
385,175,297,12.3475,0.000726327422837727
385,175,297,12.355,0.00048682158112699
385,175,297,12.3625,0.000580526051229593
385,175,297,12.37,0.000291356827329704
385,175,297,12.3775,0.000605349137186481
385,175,297,12.385,0.000439838317690912
385,175,297,12.3925,0.000693121163964359
385,175,297,12.4,0.00103590268005653
385,175,297,12.4075,0.00145875745299355
385,175,297,12.415,0.0010996249612682
385,175,297,12.4225,0.00160709655843846
385,175,297,12.43,0.001117388635019
385,175,297,12.4375,0.0018274626318979
385,175,297,12.445,0.00113542188602628
385,175,297,12.4525,0.00122256636613279
385,175,297,12.46,0.00125970503983041
385,175,297,12.4675,0.001367875135374
385,175,297,12.475,0.00166895913726858
385,175,297,12.4825,0.00115321118147835
385,175,297,12.49,0.00105059328854529
385,175,297,12.4975,0.000631974073361269
385,175,297,12.505,0.000973511979253418
385,175,297,12.5125,0.0011382828066998
385,175,297,12.52,0.00189823539536061
385,175,297,12.5275,0.00166410585707336
385,175,297,12.535,0.001265776276099
385,175,297,12.5425,0.00135597384119909
385,175,297,12.55,0.0014137645504416
385,175,297,12.5575,0.00130164427912458
385,175,297,12.565,0.00154144697841835
385,175,297,12.5725,0.00139161960639226
385,175,297,12.58,0.00118211573800773
385,175,297,12.5875,0.00122099563231357
385,175,297,12.595,0.000907033614214525
385,175,297,12.6025,0.000489078952227289
385,175,297,12.61,0.000586971995435589
385,175,297,12.6175,0.000481793504255395
385,175,297,12.625,0.000623504040006624
385,175,297,12.6325,0.000475393771502999
385,175,297,12.64,0.000672164289428287
385,175,297,12.6475,0.00112255566737801
385,175,297,12.655,0.00135016948812654
385,175,297,12.6625,0.00145156706830816
385,175,297,12.67,0.00125782035767339
385,175,297,12.6775,0.00126974380553493
385,175,297,12.685,0.00128969747396164
385,175,297,12.6925,0.000799378659710194
385,175,297,12.7,0.000875106382629713
385,175,297,12.7075,0.00102698913370453
385,175,297,12.715,0.000936175506198218
385,175,297,12.7225,0.000655687499457985
385,175,297,12.73,0.000656673182815945
385,175,297,12.7375,0.00061909053303299
385,175,297,12.745,0.000769194547363203
385,175,297,12.7525,0.000257352203129026
385,175,297,12.76,0.000171460283466869
385,175,297,12.7675,0.000675768927771855
385,175,297,12.775,0.00114340438801077
385,175,297,12.7825,0.000657311834567165
385,175,297,12.79,0.000650667825520647
385,175,297,12.7975,0.00103327435137272
385,175,297,12.805,0.000508383796075508
385,175,297,12.8125,0.000769109861483934
385,175,297,12.82,0.000724411274768417
385,175,297,12.8275,0.000322452982674982
385,175,297,12.835,0.000974469434563915
385,175,297,12.8425,0.00063038055552388
385,175,297,12.85,0.000854057977706061
385,175,297,12.8575,0.00035292656689796
385,175,297,12.865,0.000945958321054252
385,175,297,12.8725,0.000688915591652863
385,175,297,12.88,0.000226494461291898
385,175,297,12.8875,0.000819490235382663
385,175,297,12.895,0.000542111471751966
385,175,297,12.9025,0.00116465226151343
385,175,297,12.91,0.00141925874857751
385,175,297,12.9175,0.00177266337152491
385,175,297,12.925,0.00169442889916692
385,175,297,12.9325,0.00101040099202108
385,175,297,12.94,0.00135568586287141
385,175,297,12.9475,0.00114202957027444
385,175,297,12.955,0.000838736955102043
385,175,297,12.9625,0.00137984333146788
385,175,297,12.97,0.00106352755050943
385,175,297,12.9775,0.00124293023372645
385,175,297,12.985,0.00100588639386789
385,175,297,12.9925,0.000717262263119677
385,175,297,13,0.00027297074878178
385,175,297,13.0075,0.00040797031368864
385,175,297,13.015,0.00064296250191723
385,175,297,13.0225,0.000563426895635532
385,175,297,13.03,0.000597853604193592
385,175,297,13.0375,0.000478036952845585
385,175,297,13.045,0.000632411325294499
385,175,297,13.0525,0.000447448923030791
385,175,297,13.06,0.000702769065420046
385,175,297,13.0675,0.000359862330957936
385,175,297,13.075,0.000345411242113284
385,175,297,13.0825,0.000592589314877722
385,175,297,13.09,6.09256137985965e-05
385,175,297,13.0975,0.000138123245538315
385,175,297,13.105,0.000250960354407127
385,175,297,13.1125,0.000414812885442465
385,175,297,13.12,0.00080456366185813
385,175,297,13.1275,0.000976305320956535
385,175,297,13.135,0.000798396773917163
385,175,297,13.1425,0.000698245221162586
385,175,297,13.15,0.00114978476557877
385,175,297,13.1575,0.00116197156188082
385,175,297,13.165,0.00111065613101118
385,175,297,13.1725,0.00145427439931569
385,175,297,13.18,0.00109165674387817
385,175,297,13.1875,0.00159512051847822
385,175,297,13.195,0.00146324573320268
385,175,297,13.2025,0.00150177739949766
385,175,297,13.21,0.00141104863129806
385,175,297,13.2175,0.00153193812920578
385,175,297,13.225,0.0017265415308974
385,175,297,13.2325,0.000826264161309683
385,175,297,13.24,0.000607622330306991
385,175,297,13.2475,6.04118736008844e-05
385,175,297,13.255,0.000412682867748783
385,175,297,13.2625,0.000570754197305374
385,175,297,13.27,0.000451571016500474
385,175,297,13.2775,0.000475199738381612
385,175,297,13.285,0.000302049150713604
385,175,297,13.2925,0.00107114922209684
385,175,297,13.3,0.000723774230157709
385,175,297,13.3075,0.00129896571419742
385,175,297,13.315,0.00112127114098132
385,175,297,13.3225,0.000760732017625535
385,175,297,13.33,0.00116830347776099
385,175,297,13.3375,0.000822273321626443
385,175,297,13.345,0.000881063429910556
385,175,297,13.3525,0.000551292550810803
385,175,297,13.36,0.000397821863212985
385,175,297,13.3675,0.00066357012269279
385,175,297,13.375,0.00101781440429934
385,175,297,13.3825,0.000818918720233877
385,175,297,13.39,0.000889088432234996
385,175,297,13.3975,0.00124296788550322
385,175,297,13.405,0.00162031416283282
385,175,297,13.4125,0.00153855438786826
385,175,297,13.42,0.00210852716005357
385,175,297,13.4275,0.00166234604485269
385,175,297,13.435,0.00163522523682793
385,175,297,13.4425,0.0020006676131463
385,175,297,13.45,0.00176642114862598
385,175,297,13.4575,0.00157587154386451
385,175,297,13.465,0.00103378358440478
385,175,297,13.4725,0.001009840849971
385,175,297,13.48,0.000751048690363925
385,175,297,13.4875,0.000721828342021085
385,175,297,13.495,0.000620970493910495
385,175,297,13.5025,0.000557835761360729
385,175,297,13.51,0.000189330772937256
385,175,297,13.5175,0.00071046697831322
385,175,297,13.525,0.000967376383658127
385,175,297,13.5325,0.000609942069767873
385,175,297,13.54,0.000974575623121596
385,175,297,13.5475,0.00120393850557915
385,175,297,13.555,0.000365603370844801
385,175,297,13.5625,0.0010199804334062
385,175,297,13.57,0.00106245019835268
385,175,297,13.5775,0.000839475217884772
385,175,297,13.585,0.000665145164241298
385,175,297,13.5925,0.000807110745897733
385,175,297,13.6,0.000884276551832068
385,175,297,13.6075,0.000663338342447443
385,175,297,13.615,0.0008462808693061
385,175,297,13.6225,0.000170464476967761
385,175,297,13.63,0.000901309260854211
385,175,297,13.6375,0.000942291134134221
385,175,297,13.645,0.00129055728945441
385,175,297,13.6525,0.00148858483215079
385,175,297,13.66,0.00148284726866316
385,175,297,13.6675,0.00202965329758499
385,175,297,13.675,0.00158825266242968
385,175,297,13.6825,0.00190659258581472
385,175,297,13.69,0.0022288438002816
385,175,297,13.6975,0.00163773408356784
385,175,297,13.705,0.00171470917441999
385,175,297,13.7125,0.00147064633378761
385,175,297,13.72,0.00126921242140797
385,175,297,13.7275,0.000806631038669643
385,175,297,13.735,0.00113607911717954
385,175,297,13.7425,0.00087924586247219
385,175,297,13.75,0.000442898538490178
385,175,297,13.7575,0.000760813582956235
385,175,297,13.765,0.000641624990956314
385,175,297,13.7725,0.000641586757960748
385,175,297,13.78,0.000769704244262926
385,175,297,13.7875,0.000674451397347466
385,175,297,13.795,0.000797866567760522
385,175,297,13.8025,0.00133734516613293
385,175,297,13.81,0.000849765133608224
385,175,297,13.8175,0.00111128833014731
385,175,297,13.825,0.00111503024772021
385,175,297,13.8325,0.00107782120643373
385,175,297,13.84,0.000971047231119808
385,175,297,13.8475,0.000636095573085381
385,175,297,13.855,0.000896507520074565
385,175,297,13.8625,0.000470119252726419
385,175,297,13.87,0.000568033774534073
385,175,297,13.8775,0.000614527188464863
385,175,297,13.885,0.00101476847871613
385,175,297,13.8925,0.000556022763207538
385,175,297,13.9,0.00148764665495627
385,175,297,13.9075,0.00134247565657676
385,175,297,13.915,0.00125281532605083
385,175,297,13.9225,0.00106099839920276
385,175,297,13.93,0.0014480875479646
385,175,297,13.9375,0.00102883648017824
385,175,297,13.945,0.0015608476182682
385,175,297,13.9525,0.00110371612728878
385,175,297,13.96,0.00134486180341026
385,175,297,13.9675,0.00101426569706414
385,175,297,13.975,0.000620234484831778
385,175,297,13.9825,0.00114662370280254
385,175,297,13.99,0.000194808001419733
385,175,297,13.9975,0.000278912516228287
385,175,297,14.005,0.000112122113380106
385,175,297,14.0125,0.000534517439058745
385,175,297,14.02,0.000171177625469067
385,175,297,14.0275,0.000775234953183544
385,175,297,14.035,0.000956049432720697
385,175,297,14.0425,0.000751045431914441
385,175,297,14.05,0.000809680486425099
385,175,297,14.0575,0.00125374577340481
385,175,297,14.065,0.00133058966273867
385,175,297,14.0725,0.00127787908902608
385,175,297,14.08,0.00152531885054957
385,175,297,14.0875,0.000870657486408933
385,175,297,14.095,0.00130521747287557
385,175,297,14.1025,0.000774426970070078
385,175,297,14.11,0.000834588674034427
385,175,297,14.1175,0.000638994720062587
385,175,297,14.125,0.000638851268699629
385,175,297,14.1325,0.000911500073591336
385,175,297,14.14,0.000653604844378319
385,175,297,14.1475,0.000913527226530358
385,175,297,14.155,0.00122828042401685
385,175,297,14.1625,0.0010803036417071
385,175,297,14.17,0.00128895320744672
385,175,297,14.1775,0.00112259229960822
385,175,297,14.185,0.0011155877067115
385,175,297,14.1925,0.00115707135867217
385,175,297,14.2,0.00108667050083133
385,175,297,14.2075,0.00120441805252695
385,175,297,14.215,0.00121966495861078
385,175,297,14.2225,0.00105741881387762
385,175,297,14.23,0.000924464156684408
385,175,297,14.2375,0.000289895531941341
385,175,297,14.245,0.00074993572394878
385,175,297,14.2525,0.000561248916305261
385,175,297,14.26,0.000515049364620814
385,175,297,14.2675,0.000337941888378139
385,175,297,14.275,0.000580772864086386
385,175,297,14.2825,0.000803891253287788
385,175,297,14.29,0.000615984066994121
385,175,297,14.2975,0.000448064736962469
385,175,297,14.305,0.000631217238549544
385,175,297,14.3125,0.000782479517607453
385,175,297,14.32,0.000777180206945446
385,175,297,14.3275,0.00087288011603755
385,175,297,14.335,0.000489094616167227
385,175,297,14.3425,0.000729504568491054
385,175,297,14.35,0.000836483743127039
385,175,297,14.3575,0.000693766090414309
385,175,297,14.365,0.000330883991109016
385,175,297,14.3725,0.000651153359306186
385,175,297,14.38,0.000455429399890304
385,175,297,14.3875,0.000679064872881631
385,175,297,14.395,0.000733007391832292
385,175,297,14.4025,0.000423395601055205
385,175,297,14.41,0.00127977840787934
385,175,297,14.4175,0.000544343627669433
385,175,297,14.425,0.000934664095150524
385,175,297,14.4325,0.000929678426619758
385,175,297,14.44,0.00107150223794694
385,175,297,14.4475,0.00101929865920891
385,175,297,14.455,0.00132766394703843
385,175,297,14.4625,0.000968776548787728
385,175,297,14.47,0.00109236427064654
385,175,297,14.4775,0.000499744079776415
385,175,297,14.485,0.000349094656187025
385,175,297,14.4925,0.000429546079330846
385,175,297,14.5,0.000475102824500849
385,175,297,14.5075,0.000228825669778119
385,175,297,14.515,0.000385110730681567
385,175,297,14.5225,0.00043647402819472
385,175,297,14.53,0.000630390682481328
385,175,297,14.5375,0.00123989180937589
385,175,297,14.545,0.00103189977234905
385,175,297,14.5525,0.000658744213716149
385,175,297,14.56,0.00081116346064563
385,175,297,14.5675,0.000715192886349892
385,175,297,14.575,0.000988902280387643
385,175,297,14.5825,0.000741077026601308
385,175,297,14.59,0.000697186822935496
385,175,297,14.5975,0.000760464194293583
385,175,297,14.605,0.00052459782105936
385,175,297,14.6125,0.000562221712008038
385,175,297,14.62,0.000950677034498011
385,175,297,14.6275,0.000853171405545564
385,175,297,14.635,0.000352845599080617
385,175,297,14.6425,0.00037315247140442
385,175,297,14.65,0.000294135975110872
385,175,297,14.6575,0.000681004461726406
385,175,297,14.665,0.000189642124238208
385,175,297,14.6725,0.000486451119924471
385,175,297,14.68,0.000886164814415428
385,175,297,14.6875,0.000755618270489907
385,175,297,14.695,0.00085318490376929
385,175,297,14.7025,0.000573792213711805
385,175,297,14.71,0.000353352212019207
385,175,297,14.7175,0.000602100321578927
385,175,297,14.725,0.000167734439862172
385,175,297,14.7325,0.000414955796949588
385,175,297,14.74,0.000178806586106236
385,175,297,14.7475,7.17268423023875e-05
385,175,297,14.755,0.000227299581766362
385,175,297,14.7625,0.000287506872186678
385,175,297,14.77,0.000531341410933003
385,175,297,14.7775,0.000192752711306933
385,175,297,14.785,0.000317367169406786
385,175,297,14.7925,0.000410543293827921
385,175,297,14.8,0.000649747521401123
385,175,297,14.8075,0.000808042324069443
385,175,297,14.815,0.000864024847517673
385,175,297,14.8225,0.000623537402064648
385,175,297,14.83,0.000841237249033845
385,175,297,14.8375,0.000643539862860067
385,175,297,14.845,0.000609741770200315
385,175,297,14.8525,0.00037719227645115
385,175,297,14.86,0.000421531917686927
385,175,297,14.8675,0.000417480954610858
385,175,297,14.875,0.000176698042692371
385,175,297,14.8825,0.000666199994915777
385,175,297,14.89,0.000392538668983505
385,175,297,14.8975,0.000525649517804192
385,175,297,14.905,0.00020065143268551
385,175,297,14.9125,0.000812683487445852
385,175,297,14.92,0.000548633959050027
385,175,297,14.9275,0.000340376316459252
385,175,297,14.935,0.000582314995631242
385,175,297,14.9425,0.000699327378633177
385,175,297,14.95,0.000639768140212479
385,175,297,14.9575,0.00100419729620529
385,175,297,14.965,0.000833787173209448
385,175,297,14.9725,0.000182761909676844
385,175,297,14.98,0.000372596658669039
385,175,297,14.9875,0.000485790364170159
385,175,297,14.995,0.000188743230925782
385,175,297,15.0025,0.000183677307662197
385,175,297,15.01,7.39274137456874e-05
385,175,297,15.0175,0.000327730660565281
385,175,297,15.025,0.000491964880646469
385,175,297,15.0325,0.000664027977000939
385,175,297,15.04,0.000784911512254658
385,175,297,15.0475,0.00121525261689678
385,175,297,15.055,0.00085683829769921
385,175,297,15.0625,0.00087781450520522
385,175,297,15.07,0.000733743760659932
385,175,297,15.0775,0.000486364947188259
385,175,297,15.085,0.00091520217919514
385,175,297,15.0925,0.000956755602157887
385,175,297,15.1,0.000656065216521319
385,175,297,15.1075,0.000227311267066312
385,175,297,15.115,0.000104361093170056
385,175,297,15.1225,0.000584753662829369
385,175,297,15.13,0.000254583232003514
385,175,297,15.1375,0.000250305218610597
385,175,297,15.145,0.000194762996947722
385,175,297,15.1525,0.000896114594062189
385,175,297,15.16,0.000195563123601159
385,175,297,15.1675,0.000240375198170887
385,175,297,15.175,0.000451125492940046
385,175,297,15.1825,0.000509841234107572
385,175,297,15.19,0.000531098361158282
385,175,297,15.1975,0.000744953145490636
385,175,297,15.205,0.000595748478511035
385,175,297,15.2125,0.000448542510503459
385,175,297,15.22,0.000503745406638214
385,175,297,15.2275,0.00050073772674264
385,175,297,15.235,0.000505334199310388
385,175,297,15.2425,0.000525434952007382
385,175,297,15.25,0.000330386091544066
385,175,297,15.2575,6.80751244925181e-05
385,175,297,15.265,0.000216399920676445
385,175,297,15.2725,0.000369625580757797
385,175,297,15.28,0.000751466333006439
385,175,297,15.2875,0.000500866202177782
385,175,297,15.295,0.000595770633097096
385,175,297,15.3025,0.000581044007237154
385,175,297,15.31,0.000523086400584654
385,175,297,15.3175,0.000939626962304621
385,175,297,15.325,0.000625725453712515
385,175,297,15.3325,0.00107821949479285
385,175,297,15.34,0.000514209531439613
385,175,297,15.3475,0.000894197013247916
385,175,297,15.355,0.000472622054675825
385,175,297,15.3625,0.000611884539630399
385,175,297,15.37,0.000875580229214413
385,175,297,15.3775,0.000306396459259756
385,175,297,15.385,0.000156603347616628
385,175,297,15.3925,0.000156408732451132
385,175,297,15.4,0.000435923362220703
385,175,297,15.4075,0.000482192714537999
385,175,297,15.415,0.000201750912135571
385,175,297,15.4225,0.000637129719003585
385,175,297,15.43,0.000697243018343641
385,175,297,15.4375,0.000741021486045077
385,175,297,15.445,0.000608099107936688
385,175,297,15.4525,0.00113048968757265
385,175,297,15.46,0.00034317489450002
385,175,297,15.4675,0.000459795904184882
385,175,297,15.475,0.000524243395498701
385,175,297,15.4825,0.000299868940234191
385,175,297,15.49,0.000532978844752715
385,175,297,15.4975,0.000374712707751778
385,175,297,15.505,0.000433682148902889
385,175,297,15.5125,0.00035111152078329
385,175,297,15.52,0.000164237268532036
385,175,297,15.5275,0.00017651210817573
385,175,297,15.535,0.000215582326640756
385,175,297,15.5425,0.000405435612718327
385,175,297,15.55,0.000569121705963405
385,175,297,15.5575,0.000875243032053945
385,175,297,15.565,0.000313920359978097
385,175,297,15.5725,0.000486926376765763
385,175,297,15.58,0.000684275834222571
385,175,297,15.5875,0.000593976813469753
385,175,297,15.595,0.000277893665959473
385,175,297,15.6025,0.00035821788566908
385,175,297,15.61,0.000724325292591197
385,175,297,15.6175,0.000455086204974121
385,175,297,15.625,0.000265091122709429
385,175,297,15.6325,0.000187954272157388
385,175,297,15.64,0.000311464081952036
385,175,297,15.6475,0.000404641835449956
385,175,297,15.655,0.000326255214406552
385,175,297,15.6625,0.000268817719681073
385,175,297,15.67,0.000597011487221936
385,175,297,15.6775,0.000662599230698064
385,175,297,15.685,0.000673151145607102
385,175,297,15.6925,0.000693794690590793
385,175,297,15.7,0.000485174309885362
385,175,297,15.7075,0.000993770946493552
385,175,297,15.715,0.00114044979763871
385,175,297,15.7225,0.000538724178230663
385,175,297,15.73,0.000394626599880531
385,175,297,15.7375,0.000559410161698326
385,175,297,15.745,0.000801891406075901
385,175,297,15.7525,0.00049458753542255
385,175,297,15.76,0.000441511111419846
385,175,297,15.7675,0.000692224302569572
385,175,297,15.775,0.000642294564917871
385,175,297,15.7825,0.000796173634378235
385,175,297,15.79,0.000692385432662796
385,175,297,15.7975,0.000659599676227582
385,175,297,15.805,0.000750366055879382
385,175,297,15.8125,0.000590833790087843
385,175,297,15.82,0.000602688954759106
385,175,297,15.8275,0.00069111343247759
385,175,297,15.835,5.47006941600641e-05
385,175,297,15.8425,0.000875477661447001
385,175,297,15.85,0.000995336437843815
385,175,297,15.8575,0.00044399668879591
385,175,297,15.865,0.000704314937142292
385,175,297,15.8725,0.000306290208663279
385,175,297,15.88,0.000641843937334614
385,175,297,15.8875,0.000218537244632491
385,175,297,15.895,0.000395898515030383
385,175,297,15.9025,0.000338089280250295
385,175,297,15.91,0.000155955184293625
385,175,297,15.9175,0.000428985936916462
385,175,297,15.925,0.000369432188456127
385,175,297,15.9325,0.000377427639894709
385,175,297,15.94,0.000334966718835864
385,175,297,15.9475,0.000476949559840928
385,175,297,15.955,0.000552790652372561
385,175,297,15.9625,0.000181867397545094
385,175,297,15.97,0.000667516031822658
385,175,297,15.9775,0.000277391058642038
385,175,297,15.985,0.000139314724635547
385,175,297,15.9925,0.000186478455738437
385,175,297,16,5.19398059024413e-05
385,175,296,4,0.00418483415766391
385,175,296,4.0075,0.00474277969090519
385,175,296,4.015,0.00441139082499833
385,175,296,4.0225,0.00462066006659324
385,175,296,4.03,0.00482644666737449
385,175,296,4.0375,0.00474959362469028
385,175,296,4.045,0.00438089263874418
385,175,296,4.0525,0.00453438735300458
385,175,296,4.06,0.00445920245476899
385,175,296,4.0675,0.00470662363685429
385,175,296,4.075,0.00549947770959275
385,175,296,4.0825,0.00587891350876112
385,175,296,4.09,0.00606143913800661
385,175,296,4.0975,0.00673817709373449
385,175,296,4.105,0.00619820716283411
385,175,296,4.1125,0.00580743045988925
385,175,296,4.12,0.00520431912086751
385,175,296,4.1275,0.00471938550216728
385,175,296,4.135,0.00483383638378683
385,175,296,4.1425,0.00372557191953661
385,175,296,4.15,0.00381293029467503
385,175,296,4.1575,0.00397124109055026
385,175,296,4.165,0.0041561264896422
385,175,296,4.1725,0.00430159116749837
385,175,296,4.18,0.00369251749964745
385,175,296,4.1875,0.00343632301039452
385,175,296,4.195,0.00353185290842351
385,175,296,4.2025,0.00399454515447033
385,175,296,4.21,0.00362223365109148
385,175,296,4.2175,0.00376458249740296
385,175,296,4.225,0.00395963222957889
385,175,296,4.2325,0.00464451819389199
385,175,296,4.24,0.00466515648208546
385,175,296,4.2475,0.00487664943594352
385,175,296,4.255,0.00468388854743937
385,175,296,4.2625,0.0034891898626998
385,175,296,4.27,0.00327267469171007
385,175,296,4.2775,0.00250439664449058
385,175,296,4.285,0.00276429514672176
385,175,296,4.2925,0.00216029841174131
385,175,296,4.3,0.00129860432680526
385,175,296,4.3075,0.00171707822993254
385,175,296,4.315,0.00112231851556746
385,175,296,4.3225,0.000676696471512351
385,175,296,4.33,0.00139964230820257
385,175,296,4.3375,0.000980963505638053
385,175,296,4.345,0.00239472086629307
385,175,296,4.3525,0.00256308772349413
385,175,296,4.36,0.00309044941178206
385,175,296,4.3675,0.00389398258375133
385,175,296,4.375,0.00345670258315
385,175,296,4.3825,0.00397056574850745
385,175,296,4.39,0.00388989713854303
385,175,296,4.3975,0.00417364037055915
385,175,296,4.405,0.00423435732575569
385,175,296,4.4125,0.00400997480508826
385,175,296,4.42,0.0042440458996372
385,175,296,4.4275,0.003718418583982
385,175,296,4.435,0.00408332333363325
385,175,296,4.4425,0.00337284620680714
385,175,296,4.45,0.00284413769027605
385,175,296,4.4575,0.00292980708911026
385,175,296,4.465,0.00219030267083838
385,175,296,4.4725,0.00233230718047442
385,175,296,4.48,0.00233519319171096
385,175,296,4.4875,0.00256379328010525
385,175,296,4.495,0.00245671040996085
385,175,296,4.5025,0.0025538320040838
385,175,296,4.51,0.00247451449394243
385,175,296,4.5175,0.00253338852349061
385,175,296,4.525,0.00255659237859472
385,175,296,4.5325,0.00219433212612159
385,175,296,4.54,0.00173725778117276
385,175,296,4.5475,0.00164001417057001
385,175,296,4.555,0.0016924615892609
385,175,296,4.5625,0.00206044480796068
385,175,296,4.57,0.00236318299738819
385,175,296,4.5775,0.00205594529920733
385,175,296,4.585,0.00260590857601045
385,175,296,4.5925,0.00234780338939255
385,175,296,4.6,0.00231363956595554
385,175,296,4.6075,0.00276610685393147
385,175,296,4.615,0.00301337038627213
385,175,296,4.6225,0.00314261841093793
385,175,296,4.63,0.00309354345761444
385,175,296,4.6375,0.00333835029167675
385,175,296,4.645,0.00306291165475375
385,175,296,4.6525,0.00305318368540615
385,175,296,4.66,0.00276402320255677
385,175,296,4.6675,0.00190173711509274
385,175,296,4.675,0.001584561683909
385,175,296,4.6825,0.00110359704885234
385,175,296,4.69,0.00138168170800673
385,175,296,4.6975,0.00135399536468659
385,175,296,4.705,0.00121695554196762
385,175,296,4.7125,0.00140869982720802
385,175,296,4.72,0.000324074625872336
385,175,296,4.7275,0.00019231300154605
385,175,296,4.735,0.00103058089728731
385,175,296,4.7425,0.000485993661339275
385,175,296,4.75,0.00110389926734292
385,175,296,4.7575,0.000994007543429803
385,175,296,4.765,0.00110304884201776
385,175,296,4.7725,0.00156842739101463
385,175,296,4.78,0.00123858943404006
385,175,296,4.7875,0.0017125729440566
385,175,296,4.795,0.00177354599581393
385,175,296,4.8025,0.00161476897193874
385,175,296,4.81,0.00221660449213744
385,175,296,4.8175,0.00206230387297262
385,175,296,4.825,0.00247596649220795
385,175,296,4.8325,0.00332597098475296
385,175,296,4.84,0.00306313840741605
385,175,296,4.8475,0.00312605936866954
385,175,296,4.855,0.00279065070735022
385,175,296,4.8625,0.00299324090088086
385,175,296,4.87,0.00275840279449554
385,175,296,4.8775,0.00258037037658744
385,175,296,4.885,0.00196747204623604
385,175,296,4.8925,0.00228400291931853
385,175,296,4.9,0.00260847187331377
385,175,296,4.9075,0.00244573364836903
385,175,296,4.915,0.00214352010711978
385,175,296,4.9225,0.00145395741974575
385,175,296,4.93,0.00108722312367033
385,175,296,4.9375,0.000951403954053413
385,175,296,4.945,0.00159968073157684
385,175,296,4.9525,0.000869160835454079
385,175,296,4.96,0.00140048167547643
385,175,296,4.9675,0.00109678811575874
385,175,296,4.975,0.0013520245962094
385,175,296,4.9825,0.000763800957601926
385,175,296,4.99,0.00104661181877079
385,175,296,4.9975,0.000854547161412399
385,175,296,5.005,0.000529010032516595
385,175,296,5.0125,0.00122344465589735
385,175,296,5.02,0.000877766129423273
385,175,296,5.0275,0.00101331818089094
385,175,296,5.035,0.000748218457604077
385,175,296,5.0425,0.000629629587849178
385,175,296,5.05,0.00121872776305679
385,175,296,5.0575,0.00126702777575962
385,175,296,5.065,0.00102849873064483
385,175,296,5.0725,0.00117299274846113
385,175,296,5.08,0.00160913031712116
385,175,296,5.0875,0.00198196238217357
385,175,296,5.095,0.0021245662444202
385,175,296,5.1025,0.00177171772632633
385,175,296,5.11,0.00181982206432557
385,175,296,5.1175,0.00135039668457203
385,175,296,5.125,0.00102028914526101
385,175,296,5.1325,0.00159103612810979
385,175,296,5.14,0.00109777245890404
385,175,296,5.1475,0.000991885802300929
385,175,296,5.155,0.000930440074674016
385,175,296,5.1625,0.00128135418974601
385,175,296,5.17,0.000942486120304285
385,175,296,5.1775,0.00106143117776681
385,175,296,5.185,0.000801037594747866
385,175,296,5.1925,0.000327115886922289
385,175,296,5.2,0.000374564974716454
385,175,296,5.2075,0.000520146306762206
385,175,296,5.215,0.000740984038581634
385,175,296,5.2225,0.000865899681691604
385,175,296,5.23,0.00118936212930736
385,175,296,5.2375,0.00108371129559817
385,175,296,5.245,0.00135986499882944
385,175,296,5.2525,0.00171627531481378
385,175,296,5.26,0.0012874964062046
385,175,296,5.2675,0.00192415587928888
385,175,296,5.275,0.00184708086074765
385,175,296,5.2825,0.00189575311259901
385,175,296,5.29,0.00232535377864389
385,175,296,5.2975,0.00240542414581837
385,175,296,5.305,0.00222886077689347
385,175,296,5.3125,0.00172978324270285
385,175,296,5.32,0.00148934241486949
385,175,296,5.3275,0.00164061577230919
385,175,296,5.335,0.00158401807485589
385,175,296,5.3425,0.00130699030454556
385,175,296,5.35,0.00100633219755563
385,175,296,5.3575,0.00117058100223209
385,175,296,5.365,0.000718156005538152
385,175,296,5.3725,0.00020966456413344
385,175,296,5.38,0.000509715455365195
385,175,296,5.3875,0.000872319840787774
385,175,296,5.395,0.000599129509353479
385,175,296,5.4025,0.0010194714903386
385,175,296,5.41,0.000839080835445292
385,175,296,5.4175,0.000653088749808828
385,175,296,5.425,0.000733762878541891
385,175,296,5.4325,0.000434303188451694
385,175,296,5.44,0.000565796589801042
385,175,296,5.4475,0.000613807499071319
385,175,296,5.455,0.00116523244942025
385,175,296,5.4625,0.00179921990541587
385,175,296,5.47,0.00227936908720208
385,175,296,5.4775,0.0023666150080968
385,175,296,5.485,0.00245905550249851
385,175,296,5.4925,0.00255794467615797
385,175,296,5.5,0.00251920102514934
385,175,296,5.5075,0.00251092819562437
385,175,296,5.515,0.00251693166871529
385,175,296,5.5225,0.00264801832684305
385,175,296,5.53,0.00213141143799681
385,175,296,5.5375,0.00225632186681161
385,175,296,5.545,0.00184135971289993
385,175,296,5.5525,0.0021438157959334
385,175,296,5.56,0.00179464461900817
385,175,296,5.5675,0.00127489499181672
385,175,296,5.575,0.000851772890873039
385,175,296,5.5825,0.000849485991061394
385,175,296,5.59,0.00151811781379604
385,175,296,5.5975,0.00192026850680481
385,175,296,5.605,0.00215914583324111
385,175,296,5.6125,0.00186104592884075
385,175,296,5.62,0.00146467538180513
385,175,296,5.6275,0.0014346536882057
385,175,296,5.635,0.00207849103523175
385,175,296,5.6425,0.00169924349147297
385,175,296,5.65,0.00187252449980374
385,175,296,5.6575,0.000939859691541459
385,175,296,5.665,0.00115473385142495
385,175,296,5.6725,0.000957627769556449
385,175,296,5.68,0.000583312736640942
385,175,296,5.6875,0.000821850475604202
385,175,296,5.695,5.29723969878978e-05
385,175,296,5.7025,0.000562253879500865
385,175,296,5.71,0.000933506486385927
385,175,296,5.7175,0.00135481808418534
385,175,296,5.725,0.00209996627420376
385,175,296,5.7325,0.00194723438417665
385,175,296,5.74,0.00227194209482624
385,175,296,5.7475,0.00264613059474765
385,175,296,5.755,0.00304849899744044
385,175,296,5.7625,0.00241188226491475
385,175,296,5.77,0.0023239727461265
385,175,296,5.7775,0.00236593102542507
385,175,296,5.785,0.00235771423399619
385,175,296,5.7925,0.00204323609557775
385,175,296,5.8,0.00201900645465919
385,175,296,5.8075,0.00110521715958202
385,175,296,5.815,0.000987013759381458
385,175,296,5.8225,0.000494371458969263
385,175,296,5.83,0.000736157346423876
385,175,296,5.8375,0.000848259714239711
385,175,296,5.845,0.000519751454245318
385,175,296,5.8525,0.000477433089722651
385,175,296,5.86,0.000683517790867648
385,175,296,5.8675,0.00115229212642014
385,175,296,5.875,0.000981175667835894
385,175,296,5.8825,0.00105862094547755
385,175,296,5.89,0.00122059209362871
385,175,296,5.8975,0.000857474942185995
385,175,296,5.905,0.000875574057821189
385,175,296,5.9125,0.000750187616406295
385,175,296,5.92,0.000720241955738279
385,175,296,5.9275,0.00102701558611483
385,175,296,5.935,0.000769961095520161
385,175,296,5.9425,0.00139385138237961
385,175,296,5.95,0.00130203858703246
385,175,296,5.9575,0.00121160539326071
385,175,296,5.965,0.00165011426379605
385,175,296,5.9725,0.0018342629910467
385,175,296,5.98,0.00211282180264924
385,175,296,5.9875,0.00318686208099208
385,175,296,5.995,0.00198107620534311
385,175,296,6.0025,0.00221877181467197
385,175,296,6.01,0.00291834179327683
385,175,296,6.0175,0.00237386301791897
385,175,296,6.025,0.00215406385858482
385,175,296,6.0325,0.0025085122538839
385,175,296,6.04,0.000982490132668644
385,175,296,6.0475,0.00112075435853912
385,175,296,6.055,0.000739226186538448
385,175,296,6.0625,0.000591779466553744
385,175,296,6.07,0.000773493622980393
385,175,296,6.0775,0.000829701768604182
385,175,296,6.085,0.00136836682432314
385,175,296,6.0925,0.00140559878340264
385,175,296,6.1,0.00174096271963432
385,175,296,6.1075,0.00159735293518328
385,175,296,6.115,0.00160048150849816
385,175,296,6.1225,0.0012107654925299
385,175,296,6.13,0.0015851088295586
385,175,296,6.1375,0.00108720037454878
385,175,296,6.145,0.000948783279735452
385,175,296,6.1525,0.000968946231840903
385,175,296,6.16,0.00112201579917656
385,175,296,6.1675,0.000264540008672117
385,175,296,6.175,0.000121767937808948
385,175,296,6.1825,0.000536992379902851
385,175,296,6.19,0.0006306272627798
385,175,296,6.1975,0.000986885403545097
385,175,296,6.205,0.00130872990055157
385,175,296,6.2125,0.00162547175872858
385,175,296,6.22,0.00190384954255811
385,175,296,6.2275,0.00206115580803248
385,175,296,6.235,0.00184471363998833
385,175,296,6.2425,0.0020322163807505
385,175,296,6.25,0.00189048095490289
385,175,296,6.2575,0.00204161044050751
385,175,296,6.265,0.00236279243096473
385,175,296,6.2725,0.00200184049952643
385,175,296,6.28,0.00163336607334565
385,175,296,6.2875,0.00137053058170558
385,175,296,6.295,0.00104601096400545
385,175,296,6.3025,0.000813551327801879
385,175,296,6.31,0.000349014859814332
385,175,296,6.3175,0.000784999627629293
385,175,296,6.325,0.00131139185620836
385,175,296,6.3325,0.00184041551237452
385,175,296,6.34,0.00133677862765952
385,175,296,6.3475,0.00167316027613648
385,175,296,6.355,0.00146289651746429
385,175,296,6.3625,0.0021459018871075
385,175,296,6.37,0.00220982317969866
385,175,296,6.3775,0.00184351533265713
385,175,296,6.385,0.00171022327675013
385,175,296,6.3925,0.00257427264218483
385,175,296,6.4,0.00189348761692876
385,175,296,6.4075,0.00243833041305609
385,175,296,6.415,0.00148952519333031
385,175,296,6.4225,0.00185060065000539
385,175,296,6.43,0.00131685610646593
385,175,296,6.4375,0.000991982756409496
385,175,296,6.445,0.00033742424271182
385,175,296,6.4525,0.000738946769307287
385,175,296,6.46,0.000969472047942595
385,175,296,6.4675,0.000971264285894552
385,175,296,6.475,0.00161107041209125
385,175,296,6.4825,0.00201003451962639
385,175,296,6.49,0.00212372025649954
385,175,296,6.4975,0.00226372016108347
385,175,296,6.505,0.00181648341022438
385,175,296,6.5125,0.00218323014693014
385,175,296,6.52,0.0020274172940212
385,175,296,6.5275,0.0017117545708892
385,175,296,6.535,0.00132375692554037
385,175,296,6.5425,0.00120659384050866
385,175,296,6.55,0.00123043043635545
385,175,296,6.5575,0.000704365395933325
385,175,296,6.565,0.000565232375458845
385,175,296,6.5725,0.00103486194457361
385,175,296,6.58,0.000792944700348453
385,175,296,6.5875,0.00124021022004923
385,175,296,6.595,0.00190252051690986
385,175,296,6.6025,0.0017870900175886
385,175,296,6.61,0.00210765402438649
385,175,296,6.6175,0.00200704812167052
385,175,296,6.625,0.00238810811410025
385,175,296,6.6325,0.00245148897162497
385,175,296,6.64,0.00265037367166444
385,175,296,6.6475,0.00230120446696546
385,175,296,6.655,0.00219618717450223
385,175,296,6.6625,0.00208464921407335
385,175,296,6.67,0.00164821959050937
385,175,296,6.6775,0.00162842783582113
385,175,296,6.685,0.00160774190170854
385,175,296,6.6925,0.000927802843338396
385,175,296,6.7,0.00125570017395987
385,175,296,6.7075,0.00188426742931376
385,175,296,6.715,0.00185023101298051
385,175,296,6.7225,0.00257160271923331
385,175,296,6.73,0.00282002156595681
385,175,296,6.7375,0.00280812936559807
385,175,296,6.745,0.00277786991179092
385,175,296,6.7525,0.00315227449915647
385,175,296,6.76,0.00258853792242532
385,175,296,6.7675,0.00231488657128389
385,175,296,6.775,0.00296420476432631
385,175,296,6.7825,0.00207464579903325
385,175,296,6.79,0.00209033020415433
385,175,296,6.7975,0.00186276508697188
385,175,296,6.805,0.00119892444030878
385,175,296,6.8125,0.00218714787177382
385,175,296,6.82,0.00188845689347579
385,175,296,6.8275,0.00171256061143619
385,175,296,6.835,0.00165509672009064
385,175,296,6.8425,0.00197884063299786
385,175,296,6.85,0.0020255280355349
385,175,296,6.8575,0.00249613917827506
385,175,296,6.865,0.00205066368914485
385,175,296,6.8725,0.00279150304310737
385,175,296,6.88,0.00211813832056726
385,175,296,6.8875,0.00242967870223984
385,175,296,6.895,0.00238665904072932
385,175,296,6.9025,0.00243080935653649
385,175,296,6.91,0.00218115486695774
385,175,296,6.9175,0.00212257452985965
385,175,296,6.925,0.00176638788830661
385,175,296,6.9325,0.000946435468724294
385,175,296,6.94,0.00127744292146766
385,175,296,6.9475,0.000568238458582434
385,175,296,6.955,0.00149981587132384
385,175,296,6.9625,0.00201949912033742
385,175,296,6.97,0.00199536557880453
385,175,296,6.9775,0.00223555698499012
385,175,296,6.985,0.00261544420056161
385,175,296,6.9925,0.002786228443018
385,175,296,7,0.00319093847590351
385,175,296,7.0075,0.00283793135661979
385,175,296,7.015,0.00246072949258257
385,175,296,7.0225,0.00278626698048479
385,175,296,7.03,0.00242330411836887
385,175,296,7.0375,0.00280341889960749
385,175,296,7.045,0.0024372016782178
385,175,296,7.0525,0.00220026738253705
385,175,296,7.06,0.00144555626039876
385,175,296,7.0675,0.00151275755576365
385,175,296,7.075,0.00137187735742087
385,175,296,7.0825,0.00173568230896724
385,175,296,7.09,0.00217440084974481
385,175,296,7.0975,0.00233003570880655
385,175,296,7.105,0.00232579310066611
385,175,296,7.1125,0.00278092824630706
385,175,296,7.12,0.00256762146304452
385,175,296,7.1275,0.0036285451622966
385,175,296,7.135,0.00333523757130248
385,175,296,7.1425,0.00365133726410444
385,175,296,7.15,0.00328801623076996
385,175,296,7.1575,0.00265472598439674
385,175,296,7.165,0.00313293751912628
385,175,296,7.1725,0.00260504831818893
385,175,296,7.18,0.00252161084596593
385,175,296,7.1875,0.00176367084987942
385,175,296,7.195,0.00169639630208659
385,175,296,7.2025,0.00174606327737072
385,175,296,7.21,0.00168235213541979
385,175,296,7.2175,0.00136814567274958
385,175,296,7.225,0.00221535597174144
385,175,296,7.2325,0.00224622535476822
385,175,296,7.24,0.00292255192848124
385,175,296,7.2475,0.00302460615019261
385,175,296,7.255,0.00295218023482148
385,175,296,7.2625,0.00326428944037808
385,175,296,7.27,0.00319288842786105
385,175,296,7.2775,0.00332153417689342
385,175,296,7.285,0.00269349085214203
385,175,296,7.2925,0.00211072195540958
385,175,296,7.3,0.00204598206287585
385,175,296,7.3075,0.00175377187380943
385,175,296,7.315,0.00145367694436194
385,175,296,7.3225,0.0013311018204127
385,175,296,7.33,0.00136421211961372
385,175,296,7.3375,0.00194676326658768
385,175,296,7.345,0.00278715526804026
385,175,296,7.3525,0.00248012805742084
385,175,296,7.36,0.00322667184913786
385,175,296,7.3675,0.00273165222265833
385,175,296,7.375,0.00368127097598395
385,175,296,7.3825,0.00350101259013338
385,175,296,7.39,0.00365814555375941
385,175,296,7.3975,0.00345050588952134
385,175,296,7.405,0.0032644406896339
385,175,296,7.4125,0.00280518962904814
385,175,296,7.42,0.00230574893791879
385,175,296,7.4275,0.00209102332776885
385,175,296,7.435,0.00191277966059461
385,175,296,7.4425,0.00139645726297331
385,175,296,7.45,0.00169422932482942
385,175,296,7.4575,0.00156927195656448
385,175,296,7.465,0.00172852772032638
385,175,296,7.4725,0.00169413879260492
385,175,296,7.48,0.00203885579641932
385,175,296,7.4875,0.00258034507224363
385,175,296,7.495,0.00271910199989408
385,175,296,7.5025,0.00305093436184197
385,175,296,7.51,0.00297362802539089
385,175,296,7.5175,0.00297032416399077
385,175,296,7.525,0.00283966905187927
385,175,296,7.5325,0.00251815943057964
385,175,296,7.54,0.00253581527644834
385,175,296,7.5475,0.002089679644113
385,175,296,7.555,0.00155317411980709
385,175,296,7.5625,0.00165294522720763
385,175,296,7.57,0.00143208718134669
385,175,296,7.5775,0.00201203600800694
385,175,296,7.585,0.00191607122661901
385,175,296,7.5925,0.00219584097878944
385,175,296,7.6,0.00277417988194137
385,175,296,7.6075,0.00308151127269501
385,175,296,7.615,0.00284319765074326
385,175,296,7.6225,0.00315630735417093
385,175,296,7.63,0.00354708076372585
385,175,296,7.6375,0.00378349255699915
385,175,296,7.645,0.00380252933439698
385,175,296,7.6525,0.00315306663813345
385,175,296,7.66,0.00274662454232228
385,175,296,7.6675,0.00248235546143816
385,175,296,7.675,0.0018382728603494
385,175,296,7.6825,0.00156805489152831
385,175,296,7.69,0.00210398572400198
385,175,296,7.6975,0.00166592149258314
385,175,296,7.705,0.001705593993457
385,175,296,7.7125,0.000892963667140289
385,175,296,7.72,0.001330009491687
385,175,296,7.7275,0.00219194935898227
385,175,296,7.735,0.00274828830790363
385,175,296,7.7425,0.00289296658201884
385,175,296,7.75,0.00262094617396818
385,175,296,7.7575,0.00255628017150372
385,175,296,7.765,0.00262788612243204
385,175,296,7.7725,0.00267088956921443
385,175,296,7.78,0.00266577737395211
385,175,296,7.7875,0.00213199147505057
385,175,296,7.795,0.00220398176877687
385,175,296,7.8025,0.0015638235383192
385,175,296,7.81,0.00142784894174593
385,175,296,7.8175,0.00103890183867986
385,175,296,7.825,0.00108542757445909
385,175,296,7.8325,0.00120908291207677
385,175,296,7.84,0.0016879392369278
385,175,296,7.8475,0.00244639526445848
385,175,296,7.855,0.00265209132712466
385,175,296,7.8625,0.00263468110624134
385,175,296,7.87,0.00344968399481285
385,175,296,7.8775,0.00286087010195925
385,175,296,7.885,0.0035923584550863
385,175,296,7.8925,0.00336125590577103
385,175,296,7.9,0.00313703475850104
385,175,296,7.9075,0.00287216153740381
385,175,296,7.915,0.00294220337880979
385,175,296,7.9225,0.00266983048923966
385,175,296,7.93,0.0022920105409583
385,175,296,7.9375,0.00208777442184312
385,175,296,7.945,0.00177887017826555
385,175,296,7.9525,0.00185247248529333
385,175,296,7.96,0.00218784147861032
385,175,296,7.9675,0.0024712978174181
385,175,296,7.975,0.00292589946445642
385,175,296,7.9825,0.00264261688490472
385,175,296,7.99,0.00347851008875105
385,175,296,7.9975,0.00325928191905848
385,175,296,8.005,0.00317594445829339
385,175,296,8.0125,0.0030669671026029
385,175,296,8.02,0.00308364179305937
385,175,296,8.0275,0.00334378328869721
385,175,296,8.035,0.0026706024127951
385,175,296,8.0425,0.00229787529740982
385,175,296,8.05,0.00267424119752289
385,175,296,8.0575,0.00172801248158024
385,175,296,8.065,0.0016613863246938
385,175,296,8.0725,0.0016596392378685
385,175,296,8.08,0.00155637080133047
385,175,296,8.0875,0.00204203731758372
385,175,296,8.095,0.00192642608287087
385,175,296,8.1025,0.00228191607785293
385,175,296,8.11,0.00319183865519806
385,175,296,8.1175,0.00274711611460305
385,175,296,8.125,0.0035271399567585
385,175,296,8.1325,0.00332171785081449
385,175,296,8.14,0.00331961411614229
385,175,296,8.1475,0.00320064259068127
385,175,296,8.155,0.00282935066117808
385,175,296,8.1625,0.00286447006241081
385,175,296,8.17,0.00254001123198697
385,175,296,8.1775,0.00253669633406427
385,175,296,8.185,0.00157787472896538
385,175,296,8.1925,0.00156060474668745
385,175,296,8.2,0.00121252325514493
385,175,296,8.2075,0.00157148217250314
385,175,296,8.215,0.00144962729035721
385,175,296,8.2225,0.00151231372141508
385,175,296,8.23,0.00195803248989185
385,175,296,8.2375,0.00239915329344994
385,175,296,8.245,0.00284302739569474
385,175,296,8.2525,0.00302309054085443
385,175,296,8.26,0.00295931863016002
385,175,296,8.2675,0.00299926573776327
385,175,296,8.275,0.00345929903516214
385,175,296,8.2825,0.00296043107660498
385,175,296,8.29,0.00304311455716098
385,175,296,8.2975,0.00218515939960279
385,175,296,8.305,0.00187847035359163
385,175,296,8.3125,0.00173695097836645
385,175,296,8.32,0.00191603420275214
385,175,296,8.3275,0.00227412615440266
385,175,296,8.335,0.00249374397004968
385,175,296,8.3425,0.00278170736907208
385,175,296,8.35,0.00276763808793201
385,175,296,8.3575,0.00331233494254715
385,175,296,8.365,0.00335542183233742
385,175,296,8.3725,0.00324670850932901
385,175,296,8.38,0.00381820449244485
385,175,296,8.3875,0.00386908240607527
385,175,296,8.395,0.0038515186247146
385,175,296,8.4025,0.00419989600594215
385,175,296,8.41,0.0038126542776555
385,175,296,8.4175,0.0032029080643744
385,175,296,8.425,0.00312270423441032
385,175,296,8.4325,0.00276710985081693
385,175,296,8.44,0.00235709629035877
385,175,296,8.4475,0.00236362473158691
385,175,296,8.455,0.00182878219560821
385,175,296,8.4625,0.0015963179724233
385,175,296,8.47,0.00253898156131352
385,175,296,8.4775,0.00215024845221109
385,175,296,8.485,0.00254201685977348
385,175,296,8.4925,0.00281049992037662
385,175,296,8.5,0.00256420911707197
385,175,296,8.5075,0.0031258101699849
385,175,296,8.515,0.00310616678973106
385,175,296,8.5225,0.00277064188928075
385,175,296,8.53,0.00276049277722537
385,175,296,8.5375,0.00255874295220616
385,175,296,8.545,0.00227685878666385
385,175,296,8.5525,0.00254705179738412
385,175,296,8.56,0.00190836779306943
385,175,296,8.5675,0.00122743758913158
385,175,296,8.575,0.00148794943298538
385,175,296,8.5825,0.000977920534040821
385,175,296,8.59,0.001661418176005
385,175,296,8.5975,0.00178473202576716
385,175,296,8.605,0.00170760417491053
385,175,296,8.6125,0.00264413475696869
385,175,296,8.62,0.00288137656987512
385,175,296,8.6275,0.00253490646353614
385,175,296,8.635,0.00313175182250375
385,175,296,8.6425,0.00308546157162229
385,175,296,8.65,0.0030930026418419
385,175,296,8.6575,0.00324420617061977
385,175,296,8.665,0.00305620066178072
385,175,296,8.6725,0.00289479390650891
385,175,296,8.68,0.00264651759969759
385,175,296,8.6875,0.00181478454733748
385,175,296,8.695,0.00218768624066034
385,175,296,8.7025,0.0012029178569112
385,175,296,8.71,0.00167427394045575
385,175,296,8.7175,0.00153837898997678
385,175,296,8.725,0.00185781435816193
385,175,296,8.7325,0.0023476174593678
385,175,296,8.74,0.00262396439293701
385,175,296,8.7475,0.00260785656984716
385,175,296,8.755,0.00297936146603327
385,175,296,8.7625,0.00260188095414203
385,175,296,8.77,0.00266756863339187
385,175,296,8.7775,0.00268256760265523
385,175,296,8.785,0.00307130287506357
385,175,296,8.7925,0.00304406337209215
385,175,296,8.8,0.00237447991669616
385,175,296,8.8075,0.00239859195855225
385,175,296,8.815,0.00217720402734713
385,175,296,8.8225,0.0017369551462748
385,175,296,8.83,0.00107910805014068
385,175,296,8.8375,0.00101204693528303
385,175,296,8.845,0.00151017823706749
385,175,296,8.8525,0.00216560024675529
385,175,296,8.86,0.00252227793073134
385,175,296,8.8675,0.00263549025372198
385,175,296,8.875,0.00301405768136213
385,175,296,8.8825,0.00280770446964504
385,175,296,8.89,0.00305889544718826
385,175,296,8.8975,0.00271401945057213
385,175,296,8.905,0.00281132921255748
385,175,296,8.9125,0.00252811997122617
385,175,296,8.92,0.00239160415970792
385,175,296,8.9275,0.0019334828933653
385,175,296,8.935,0.0017783837249358
385,175,296,8.9425,0.00163098875214984
385,175,296,8.95,0.00101651006484279
385,175,296,8.9575,0.00130823317996292
385,175,296,8.965,0.0012686287546955
385,175,296,8.9725,0.00208726929916584
385,175,296,8.98,0.00239818837454607
385,175,296,8.9875,0.0020280652096573
385,175,296,8.995,0.00227022253560615
385,175,296,9.0025,0.00253366476470659
385,175,296,9.01,0.00246479509569453
385,175,296,9.0175,0.0021463945546725
385,175,296,9.025,0.0026454723623242
385,175,296,9.0325,0.00260046749609947
385,175,296,9.04,0.00268785391402443
385,175,296,9.0475,0.0024187921239616
385,175,296,9.055,0.00168355874736968
385,175,296,9.0625,0.00229215110016568
385,175,296,9.07,0.00185881228353699
385,175,296,9.0775,0.00152273590605023
385,175,296,9.085,0.00184751106092511
385,175,296,9.0925,0.00176678250701139
385,175,296,9.1,0.00212579012152435
385,175,296,9.1075,0.00235118056841078
385,175,296,9.115,0.00237967668773161
385,175,296,9.1225,0.00291711309496782
385,175,296,9.13,0.00281732621825821
385,175,296,9.1375,0.00366887232834117
385,175,296,9.145,0.00321882139869567
385,175,296,9.1525,0.00296076468004459
385,175,296,9.16,0.00291932586213167
385,175,296,9.1675,0.00271359348357805
385,175,296,9.175,0.00241744609656847
385,175,296,9.1825,0.00232540356931102
385,175,296,9.19,0.00185896729477804
385,175,296,9.1975,0.00169824633678483
385,175,296,9.205,0.00168397905330058
385,175,296,9.2125,0.00142925487753478
385,175,296,9.22,0.00172173495946752
385,175,296,9.2275,0.00164530117306681
385,175,296,9.235,0.00231205163616883
385,175,296,9.2425,0.0017454853466585
385,175,296,9.25,0.00236872774661605
385,175,296,9.2575,0.00236306917729722
385,175,296,9.265,0.00242411267565474
385,175,296,9.2725,0.00230428880364432
385,175,296,9.28,0.00198683751348407
385,175,296,9.2875,0.00270821243664479
385,175,296,9.295,0.00241429606635524
385,175,296,9.3025,0.00227536449748949
385,175,296,9.31,0.00183716959268448
385,175,296,9.3175,0.00169661731854962
385,175,296,9.325,0.000911966808719562
385,175,296,9.3325,0.000873653366543738
385,175,296,9.34,0.00156402256437387
385,175,296,9.3475,0.00107704394363077
385,175,296,9.355,0.00125345922397646
385,175,296,9.3625,0.00138295996088072
385,175,296,9.37,0.00170618209798034
385,175,296,9.3775,0.00198304410688049
385,175,296,9.385,0.00221528149590054
385,175,296,9.3925,0.0022079697497024
385,175,296,9.4,0.00253392483626722
385,175,296,9.4075,0.00197895816233953
385,175,296,9.415,0.00231258554239056
385,175,296,9.4225,0.00208039855865611
385,175,296,9.43,0.00206468049002744
385,175,296,9.4375,0.00176014411637441
385,175,296,9.445,0.00150225090053853
385,175,296,9.4525,0.00149801150727746
385,175,296,9.46,0.00113102098732135
385,175,296,9.4675,0.00126188986657382
385,175,296,9.475,0.00194271354250192
385,175,296,9.4825,0.00163350735859521
385,175,296,9.49,0.00223249669284006
385,175,296,9.4975,0.00260583924380739
385,175,296,9.505,0.00252670941129522
385,175,296,9.5125,0.00243794788381746
385,175,296,9.52,0.00244741562665545
385,175,296,9.5275,0.00296915305907852
385,175,296,9.535,0.00276987840145702
385,175,296,9.5425,0.00243408883822756
385,175,296,9.55,0.00224567604061609
385,175,296,9.5575,0.00255073995044606
385,175,296,9.565,0.00206728144540428
385,175,296,9.5725,0.00160964612086731
385,175,296,9.58,0.00197205386085865
385,175,296,9.5875,0.0014194578183879
385,175,296,9.595,0.00116990973775502
385,175,296,9.6025,0.00188849514585699
385,175,296,9.61,0.00177252261123368
385,175,296,9.6175,0.00229595380324044
385,175,296,9.625,0.00236810882480739
385,175,296,9.6325,0.00206817443356881
385,175,296,9.64,0.00275804760033775
385,175,296,9.6475,0.00266136151580312
385,175,296,9.655,0.00250546845893439
385,175,296,9.6625,0.00192529459319744
385,175,296,9.67,0.00199791212745695
385,175,296,9.6775,0.00186079736803446
385,175,296,9.685,0.00160676338384164
385,175,296,9.6925,0.00167345037102978
385,175,296,9.7,0.000931913240178158
385,175,296,9.7075,0.000651155264224028
385,175,296,9.715,0.00109103527517825
385,175,296,9.7225,0.00100510705616499
385,175,296,9.73,0.00139825229987004
385,175,296,9.7375,0.00127776778731673
385,175,296,9.745,0.00186038569223681
385,175,296,9.7525,0.00262671125663488
385,175,296,9.76,0.00222880617462963
385,175,296,9.7675,0.00270232874597409
385,175,296,9.775,0.00275735706597331
385,175,296,9.7825,0.00251465639781694
385,175,296,9.79,0.00297259600395387
385,175,296,9.7975,0.00278016177031802
385,175,296,9.805,0.00235134810595365
385,175,296,9.8125,0.00220834599671913
385,175,296,9.82,0.00193082555333
385,175,296,9.8275,0.00200271528106385
385,175,296,9.835,0.00215713317151643
385,175,296,9.8425,0.00163469622048584
385,175,296,9.85,0.00147991850471791
385,175,296,9.8575,0.00167437941703861
385,175,296,9.865,0.00218903486436879
385,175,296,9.8725,0.0023850186792434
385,175,296,9.88,0.00184659971343367
385,175,296,9.8875,0.00256388294732338
385,175,296,9.895,0.00292469333227691
385,175,296,9.9025,0.00287732037839553
385,175,296,9.91,0.00265473839315618
385,175,296,9.9175,0.00213560732256839
385,175,296,9.925,0.00204543572934723
385,175,296,9.9325,0.00236264927696097
385,175,296,9.94,0.00150014525046585
385,175,296,9.9475,0.00175238761216684
385,175,296,9.955,0.000830981187369259
385,175,296,9.9625,0.00105077171615467
385,175,296,9.97,0.00127151991840273
385,175,296,9.9775,0.00203615583851112
385,175,296,9.985,0.00212658428884531
385,175,296,9.9925,0.00215411487850065
385,175,296,10,0.00212306999499062
385,175,296,10.0075,0.0032200450091581
385,175,296,10.015,0.0030485268065123
385,175,296,10.0225,0.00304278760480354
385,175,296,10.03,0.00269612229707765
385,175,296,10.0375,0.0026094632971928
385,175,296,10.045,0.00291279753182571
385,175,296,10.0525,0.00261421739330674
385,175,296,10.06,0.00195852951716562
385,175,296,10.0675,0.0016593650479038
385,175,296,10.075,0.00194021851436866
385,175,296,10.0825,0.00175198909432211
385,175,296,10.09,0.00122572077873194
385,175,296,10.0975,0.00104161399229664
385,175,296,10.105,0.00146938369776384
385,175,296,10.1125,0.00156755305214239
385,175,296,10.12,0.00151115703764873
385,175,296,10.1275,0.0016767466657616
385,175,296,10.135,0.00133125243835189
385,175,296,10.1425,0.00172521042777234
385,175,296,10.15,0.00159882374002036
385,175,296,10.1575,0.00185282458865143
385,175,296,10.165,0.00215596509755086
385,175,296,10.1725,0.00165332209269265
385,175,296,10.18,0.00175821012370568
385,175,296,10.1875,0.00155729074248311
385,175,296,10.195,0.00173418940435628
385,175,296,10.2025,0.00092790383051562
385,175,296,10.21,0.00106247566886068
385,175,296,10.2175,0.000752747986994419
385,175,296,10.225,0.00130825436537012
385,175,296,10.2325,0.000797115513133916
385,175,296,10.24,0.0015236798800638
385,175,296,10.2475,0.00136381422564158
385,175,296,10.255,0.00216896324322699
385,175,296,10.2625,0.00228399948375529
385,175,296,10.27,0.0024108988700602
385,175,296,10.2775,0.00202230477055981
385,175,296,10.285,0.00254538064313563
385,175,296,10.2925,0.00269100046675484
385,175,296,10.3,0.00212689706480688
385,175,296,10.3075,0.00229546059497446
385,175,296,10.315,0.00224939644256495
385,175,296,10.3225,0.00175402636322536
385,175,296,10.33,0.0017903065531004
385,175,296,10.3375,0.00181606998715097
385,175,296,10.345,0.00206413046397643
385,175,296,10.3525,0.00220347104984053
385,175,296,10.36,0.00168878613632233
385,175,296,10.3675,0.00160517796225467
385,175,296,10.375,0.00189141842946628
385,175,296,10.3825,0.00147565351110741
385,175,296,10.39,0.0016646780118421
385,175,296,10.3975,0.00157613572924354
385,175,296,10.405,0.00147502693468158
385,175,296,10.4125,0.00163389732810502
385,175,296,10.42,0.0012002788800508
385,175,296,10.4275,0.00114775018643411
385,175,296,10.435,0.000986015479384171
385,175,296,10.4425,0.00105481921862583
385,175,296,10.45,0.000754678569102437
385,175,296,10.4575,0.000568445016938605
385,175,296,10.465,0.000365544926064577
385,175,296,10.4725,0.000271841216650197
385,175,296,10.48,0.000507190105232351
385,175,296,10.4875,0.00110077522419635
385,175,296,10.495,0.0013182015571549
385,175,296,10.5025,0.00146035760532574
385,175,296,10.51,0.00157780558033711
385,175,296,10.5175,0.00182781430026253
385,175,296,10.525,0.00188082356887582
385,175,296,10.5325,0.00215437169938041
385,175,296,10.54,0.00210488045215876
385,175,296,10.5475,0.00177782370472771
385,175,296,10.555,0.00173605277357595
385,175,296,10.5625,0.000984862923817652
385,175,296,10.57,0.00120185377239254
385,175,296,10.5775,0.00153002045605364
385,175,296,10.585,0.000887697002459988
385,175,296,10.5925,0.000983081328890299
385,175,296,10.6,0.000586658361941302
385,175,296,10.6075,0.000983093221018836
385,175,296,10.615,0.00127110817794849
385,175,296,10.6225,0.000953031472914897
385,175,296,10.63,0.00075974406849892
385,175,296,10.6375,0.0014575090803305
385,175,296,10.645,0.0010437035960106
385,175,296,10.6525,0.0015749244931744
385,175,296,10.66,0.00139886927984742
385,175,296,10.6675,0.00104130536185171
385,175,296,10.675,0.000693612223676594
385,175,296,10.6825,0.00114968000605329
385,175,296,10.69,0.00104327473807019
385,175,296,10.6975,0.00126082681403425
385,175,296,10.705,0.0013089038473266
385,175,296,10.7125,0.0011125629600926
385,175,296,10.72,0.00155312003513316
385,175,296,10.7275,0.00126817893339264
385,175,296,10.735,0.00135502037737981
385,175,296,10.7425,0.00143057076756191
385,175,296,10.75,0.0012122629373788
385,175,296,10.7575,0.00129993738410584
385,175,296,10.765,0.00141100559377899
385,175,296,10.7725,0.00158120113250263
385,175,296,10.78,0.00172107254241617
385,175,296,10.7875,0.00179534721563017
385,175,296,10.795,0.00179927359197931
385,175,296,10.8025,0.00132815838524162
385,175,296,10.81,0.00183436461445587
385,175,296,10.8175,0.00143454877261086
385,175,296,10.825,0.00124714152178558
385,175,296,10.8325,0.00115198337396588
385,175,296,10.84,0.00094085346888674
385,175,296,10.8475,0.000801490126736161
385,175,296,10.855,0.000528800447455602
385,175,296,10.8625,0.00048295830197291
385,175,296,10.87,0.000911492473189154
385,175,296,10.8775,0.000623920850970157
385,175,296,10.885,0.000874882418438523
385,175,296,10.8925,0.000701525402523892
385,175,296,10.9,0.000462017089392003
385,175,296,10.9075,0.000526966199527603
385,175,296,10.915,0.00121001540459585
385,175,296,10.9225,0.00106107568229765
385,175,296,10.93,0.00097730999353954
385,175,296,10.9375,0.000998053368090962
385,175,296,10.945,0.000962154092005451
385,175,296,10.9525,0.000540431592678571
385,175,296,10.96,0.000863002860582971
385,175,296,10.9675,0.00078770585512186
385,175,296,10.975,0.00121581742099437
385,175,296,10.9825,0.000885550554541621
385,175,296,10.99,0.00135578926382465
385,175,296,10.9975,0.00145290321050628
385,175,296,11.005,0.00156476864653267
385,175,296,11.0125,0.00165885381835671
385,175,296,11.02,0.00176923115251498
385,175,296,11.0275,0.00217146381238859
385,175,296,11.035,0.00179784292211252
385,175,296,11.0425,0.00203334482109891
385,175,296,11.05,0.00193114312222758
385,175,296,11.0575,0.00160726273966782
385,175,296,11.065,0.00183882678224176
385,175,296,11.0725,0.00190943146554736
385,175,296,11.08,0.00184469566978918
385,175,296,11.0875,0.00135066163082142
385,175,296,11.095,0.0014943341600895
385,175,296,11.1025,0.00123701871426675
385,175,296,11.11,0.00098577049204306
385,175,296,11.1175,0.000900502105039478
385,175,296,11.125,0.0007046277100652
385,175,296,11.1325,0.00079689965591912
385,175,296,11.14,0.000702219673767003
385,175,296,11.1475,0.00105144021292846
385,175,296,11.155,0.00117927076536178
385,175,296,11.1625,0.000882022754669355
385,175,296,11.17,0.000947875575898369
385,175,296,11.1775,0.00121420362458238
385,175,296,11.185,0.00128605822549604
385,175,296,11.1925,0.00108786667184708
385,175,296,11.2,0.000421960823985439
385,175,296,11.2075,0.000610348567817815
385,175,296,11.215,0.000447901359721242
385,175,296,11.2225,0.0006009215359055
385,175,296,11.23,0.000548178244146202
385,175,296,11.2375,0.00109456710423747
385,175,296,11.245,0.00146438816732447
385,175,296,11.2525,0.00110846846954668
385,175,296,11.26,0.0016148168529993
385,175,296,11.2675,0.00194892536493918
385,175,296,11.275,0.00212626747987907
385,175,296,11.2825,0.00179427115016185
385,175,296,11.29,0.00174835191725348
385,175,296,11.2975,0.00164589300967783
385,175,296,11.305,0.00110705978089267
385,175,296,11.3125,0.00105445827794639
385,175,296,11.32,0.000747891456710915
385,175,296,11.3275,0.000740095485758189
385,175,296,11.335,0.000736029680458853
385,175,296,11.3425,0.000216299600989674
385,175,296,11.35,0.000304160950474233
385,175,296,11.3575,9.40597259865493e-05
385,175,296,11.365,0.000695831337494712
385,175,296,11.3725,0.00108849061632874
385,175,296,11.38,0.00112203897475196
385,175,296,11.3875,0.00122577666081575
385,175,296,11.395,0.00157137254208669
385,175,296,11.4025,0.00122722324349298
385,175,296,11.41,0.00211722518058957
385,175,296,11.4175,0.00201788407492388
385,175,296,11.425,0.00212037763910164
385,175,296,11.4325,0.00236975470533634
385,175,296,11.44,0.00136835043622593
385,175,296,11.4475,0.0013577644139303
385,175,296,11.455,0.00152133045174909
385,175,296,11.4625,0.00126106808301909
385,175,296,11.47,0.00142452119604912
385,175,296,11.4775,0.00140164352622043
385,175,296,11.485,0.00111829288141499
385,175,296,11.4925,0.00116495793733495
385,175,296,11.5,0.00129241736924667
385,175,296,11.5075,0.00168753807737698
385,175,296,11.515,0.00206191573080384
385,175,296,11.5225,0.00184711087902193
385,175,296,11.53,0.00157174399949127
385,175,296,11.5375,0.00191446169763911
385,175,296,11.545,0.00211626454830499
385,175,296,11.5525,0.00207808982020719
385,175,296,11.56,0.00164246591999316
385,175,296,11.5675,0.00141615282306753
385,175,296,11.575,0.0017348764276238
385,175,296,11.5825,0.00128642719543887
385,175,296,11.59,0.00125966582889599
385,175,296,11.5975,0.000525685683120098
385,175,296,11.605,0.000524466931667621
385,175,296,11.6125,0.0005879888987191
385,175,296,11.62,0.000707453346569909
385,175,296,11.6275,0.000528914196155095
385,175,296,11.635,0.000574653549668108
385,175,296,11.6425,0.00121009022950429
385,175,296,11.65,0.00141130307280588
385,175,296,11.6575,0.000637771055468925
385,175,296,11.665,0.00124685334596345
385,175,296,11.6725,0.00117332589231472
385,175,296,11.68,0.00135341328499374
385,175,296,11.6875,0.000854298271119767
385,175,296,11.695,0.00131883179851797
385,175,296,11.7025,0.00108207655816488
385,175,296,11.71,0.000835512098451919
385,175,296,11.7175,0.00130036889963206
385,175,296,11.725,0.000810317426698367
385,175,296,11.7325,0.000840616626374832
385,175,296,11.74,0.00140272481555619
385,175,296,11.7475,0.00126532739281303
385,175,296,11.755,0.00110699378287908
385,175,296,11.7625,0.00135201829721204
385,175,296,11.77,0.00171420482368821
385,175,296,11.7775,0.00132284762274409
385,175,296,11.785,0.00154867486589878
385,175,296,11.7925,0.00203650781857016
385,175,296,11.8,0.00172400161835617
385,175,296,11.8075,0.00157015814980502
385,175,296,11.815,0.00135623242082945
385,175,296,11.8225,0.00176449654097118
385,175,296,11.83,0.00130502766336307
385,175,296,11.8375,0.00118230348224138
385,175,296,11.845,0.000965470701173717
385,175,296,11.8525,0.000694003509126489
385,175,296,11.86,0.000542515862742564
385,175,296,11.8675,0.00118027306155897
385,175,296,11.875,0.000932224558451988
385,175,296,11.8825,0.00108113756252349
385,175,296,11.89,0.00133742019709577
385,175,296,11.8975,0.00142709948653706
385,175,296,11.905,0.00162092492338323
385,175,296,11.9125,0.00178108941843893
385,175,296,11.92,0.00168157741399644
385,175,296,11.9275,0.00173218070631186
385,175,296,11.935,0.00232558024283109
385,175,296,11.9425,0.00219837248102381
385,175,296,11.95,0.00239493574302277
385,175,296,11.9575,0.00189718665051945
385,175,296,11.965,0.00147083571812618
385,175,296,11.9725,0.00111251378080299
385,175,296,11.98,0.00116152789355367
385,175,296,11.9875,0.000923026596918078
385,175,296,11.995,0.000483991488793789
385,175,296,12.0025,0.00109397788041331
385,175,296,12.01,0.00117518975653161
385,175,296,12.0175,0.000540008625536248
385,175,296,12.025,0.000618506796865456
385,175,296,12.0325,0.000354116063702047
385,175,296,12.04,0.00124165292115502
385,175,296,12.0475,0.000523360214625959
385,175,296,12.055,0.000809149466066788
385,175,296,12.0625,0.000765857679399795
385,175,296,12.07,0.000907183614983227
385,175,296,12.0775,0.000640698471531574
385,175,296,12.085,0.000165587015553664
385,175,296,12.0925,0.000449500247719972
385,175,296,12.1,0.000256678541815985
385,175,296,12.1075,0.000495269061312466
385,175,296,12.115,0.000579184490746797
385,175,296,12.1225,0.00120589334652862
385,175,296,12.13,0.00134814131597647
385,175,296,12.1375,0.00155903937724499
385,175,296,12.145,0.00210937755025496
385,175,296,12.1525,0.00214957761380012
385,175,296,12.16,0.00204520341656179
385,175,296,12.1675,0.00167709472726723
385,175,296,12.175,0.00190201652434649
385,175,296,12.1825,0.00145398434546192
385,175,296,12.19,0.00186210010013173
385,175,296,12.1975,0.00142705922916976
385,175,296,12.205,0.00186705740670597
385,175,296,12.2125,0.00110960960503004
385,175,296,12.22,0.00121433492514241
385,175,296,12.2275,0.000723498909236647
385,175,296,12.235,0.00123210184745442
385,175,296,12.2425,0.000856453864978335
385,175,296,12.25,0.000609394077912973
385,175,296,12.2575,0.000758072470435379
385,175,296,12.265,0.000975791725096772
385,175,296,12.2725,0.00158102718134735
385,175,296,12.28,0.00121058842447917
385,175,296,12.2875,0.00159214769698426
385,175,296,12.295,0.00151358793450099
385,175,296,12.3025,0.00145397248925526
385,175,296,12.31,0.00155717019223179
385,175,296,12.3175,0.00143631531752333
385,175,296,12.325,0.00171584221710037
385,175,296,12.3325,0.00107486078086891
385,175,296,12.34,0.00100449909327494
385,175,296,12.3475,0.000768143642445366
385,175,296,12.355,0.000977765528440581
385,175,296,12.3625,0.00115195544379104
385,175,296,12.37,0.000584066106829241
385,175,296,12.3775,0.000680380643346414
385,175,296,12.385,0.000699047406146598
385,175,296,12.3925,0.000984637689464723
385,175,296,12.4,0.00116676902447947
385,175,296,12.4075,0.000891458075872179
385,175,296,12.415,0.00130835045464995
385,175,296,12.4225,0.00104427511664894
385,175,296,12.43,0.00145458444215142
385,175,296,12.4375,0.00128394926495415
385,175,296,12.445,0.00107419202028581
385,175,296,12.4525,0.00154953329738543
385,175,296,12.46,0.000869027446900374
385,175,296,12.4675,0.000477813765795666
385,175,296,12.475,0.000493988419259335
385,175,296,12.4825,0.000875884828341758
385,175,296,12.49,0.000317441020870885
385,175,296,12.4975,0.000297590813413384
385,175,296,12.505,0.000545816213227969
385,175,296,12.5125,0.000743696346565509
385,175,296,12.52,0.000870044487575193
385,175,296,12.5275,0.00116574804080187
385,175,296,12.535,0.000913198491867175
385,175,296,12.5425,0.000883105610447911
385,175,296,12.55,0.00101889516104004
385,175,296,12.5575,0.00105887182147816
385,175,296,12.565,0.000986584272294968
385,175,296,12.5725,0.00141496595293227
385,175,296,12.58,0.00111881568489429
385,175,296,12.5875,0.000968081570901905
385,175,296,12.595,0.000748966286649317
385,175,296,12.6025,0.00115676672235143
385,175,296,12.61,0.00126933233595119
385,175,296,12.6175,0.00126034051241805
385,175,296,12.625,0.00146514544873885
385,175,296,12.6325,0.00113521362915931
385,175,296,12.64,0.00144691000988689
385,175,296,12.6475,0.00136176650045613
385,175,296,12.655,0.00204811869190633
385,175,296,12.6625,0.00172568645722785
385,175,296,12.67,0.00211362558525793
385,175,296,12.6775,0.00226979565120377
385,175,296,12.685,0.00140127740998116
385,175,296,12.6925,0.00168257092032827
385,175,296,12.7,0.00143498470556587
385,175,296,12.7075,0.00137734024884896
385,175,296,12.715,0.00150043866706616
385,175,296,12.7225,0.000867801373979389
385,175,296,12.73,0.000884458200743129
385,175,296,12.7375,0.000279130192905971
385,175,296,12.745,0.000739362700607269
385,175,296,12.7525,0.000673444184305148
385,175,296,12.76,0.000431307371840433
385,175,296,12.7675,0.000146048458165882
385,175,296,12.775,0.000171429400663068
385,175,296,12.7825,0.000240069569035594
385,175,296,12.79,0.000493548826480544
385,175,296,12.7975,0.000319640649819001
385,175,296,12.805,0.000789573427724561
385,175,296,12.8125,0.0010404777721207
385,175,296,12.82,0.000364741884843363
385,175,296,12.8275,0.000406342276847276
385,175,296,12.835,0.000944301524707691
385,175,296,12.8425,0.000840010797446375
385,175,296,12.85,0.000954016788169361
385,175,296,12.8575,0.00101686940244077
385,175,296,12.865,0.000868599019332319
385,175,296,12.8725,0.000763357162575638
385,175,296,12.88,0.00100780914975756
385,175,296,12.8875,0.00101682031855576
385,175,296,12.895,0.000870534351764838
385,175,296,12.9025,0.00122110614667636
385,175,296,12.91,0.00101597070375171
385,175,296,12.9175,0.000773572009045518
385,175,296,12.925,0.00158403438209104
385,175,296,12.9325,0.00156270784348369
385,175,296,12.94,0.00160509131909084
385,175,296,12.9475,0.00163928933981631
385,175,296,12.955,0.00089256924097558
385,175,296,12.9625,0.000949013921983162
385,175,296,12.97,0.000926135033984178
385,175,296,12.9775,0.000659050974602273
385,175,296,12.985,0.000468405767594801
385,175,296,12.9925,0.000495512518486342
385,175,296,13,0.000450728753006428
385,175,296,13.0075,6.25925334380885e-05
385,175,296,13.015,0.00059024507810239
385,175,296,13.0225,0.000975907023549095
385,175,296,13.03,0.000783244241689329
385,175,296,13.0375,0.000613211962040523
385,175,296,13.045,0.00100901882181347
385,175,296,13.0525,0.00122917391478714
385,175,296,13.06,0.000968806523175181
385,175,296,13.0675,0.00138522702262885
385,175,296,13.075,0.00137677556343672
385,175,296,13.0825,0.000722138489129212
385,175,296,13.09,0.00106635277054292
385,175,296,13.0975,0.000713579616855568
385,175,296,13.105,0.0005055854925951
385,175,296,13.1125,0.000330097648728102
385,175,296,13.12,0.000378903709968196
385,175,296,13.1275,0.000340151126130679
385,175,296,13.135,0.000792035284625755
385,175,296,13.1425,0.000787272123416667
385,175,296,13.15,0.000951470003920248
385,175,296,13.1575,0.000937288046695609
385,175,296,13.165,0.0010309451614132
385,175,296,13.1725,0.00126617145543861
385,175,296,13.18,0.00110024948345726
385,175,296,13.1875,0.000704587865626435
385,175,296,13.195,0.000960927960488019
385,175,296,13.2025,0.00109244594961792
385,175,296,13.21,0.000798941019221174
385,175,296,13.2175,0.000602560850955323
385,175,296,13.225,0.00111636516218788
385,175,296,13.2325,0.000565328930842754
385,175,296,13.24,9.28547259259568e-05
385,175,296,13.2475,0.000340745840945437
385,175,296,13.255,0.00038139591310066
385,175,296,13.2625,0.000667516945444196
385,175,296,13.27,0.000919698815881927
385,175,296,13.2775,0.00129438241323723
385,175,296,13.285,0.00133939917288227
385,175,296,13.2925,0.00158952191264398
385,175,296,13.3,0.00118565565169406
385,175,296,13.3075,0.00145626428155967
385,175,296,13.315,0.00163335420865298
385,175,296,13.3225,0.00128370372216714
385,175,296,13.33,0.00105518628398732
385,175,296,13.3375,0.000820825550194239
385,175,296,13.345,0.000914097541402723
385,175,296,13.3525,0.00120127676221386
385,175,296,13.36,0.000784597871120284
385,175,296,13.3675,0.000937630302441547
385,175,296,13.375,0.001017417772963
385,175,296,13.3825,0.00074087004636734
385,175,296,13.39,0.000743886137027502
385,175,296,13.3975,0.00154446396090421
385,175,296,13.405,0.00172087250406117
385,175,296,13.4125,0.00158270637954292
385,175,296,13.42,0.0016462746735481
385,175,296,13.4275,0.0018362311646901
385,175,296,13.435,0.00142059644618114
385,175,296,13.4425,0.00157812707136437
385,175,296,13.45,0.0013503493264729
385,175,296,13.4575,0.00126418154679543
385,175,296,13.465,0.00013829777539876
385,175,296,13.4725,0.000779851533318923
385,175,296,13.48,3.43343629648043e-05
385,175,296,13.4875,0.000589806508984777
385,175,296,13.495,0.000759852652607521
385,175,296,13.5025,0.000575185503299373
385,175,296,13.51,0.000831385396619846
385,175,296,13.5175,0.000540581941975799
385,175,296,13.525,0.000908601819055165
385,175,296,13.5325,0.00139746131083415
385,175,296,13.54,0.00114903680173149
385,175,296,13.5475,0.00136593671743418
385,175,296,13.555,0.00139893209276156
385,175,296,13.5625,0.0014192727914122
385,175,296,13.57,0.0015288573670414
385,175,296,13.5775,0.00130701540227113
385,175,296,13.585,0.000911502538304102
385,175,296,13.5925,0.00111461117995998
385,175,296,13.6,0.000906856999110477
385,175,296,13.6075,0.000604290359106248
385,175,296,13.615,0.000363671311467274
385,175,296,13.6225,0.000640576534985929
385,175,296,13.63,0.000495936238608653
385,175,296,13.6375,0.000646099968044317
385,175,296,13.645,0.00117634681816722
385,175,296,13.6525,0.00131039592562183
385,175,296,13.66,0.00145124562934012
385,175,296,13.6675,0.000991490452282829
385,175,296,13.675,0.00105927552287908
385,175,296,13.6825,0.00109962732297417
385,175,296,13.69,0.00165616380805224
385,175,296,13.6975,0.00130214070758129
385,175,296,13.705,0.00104439686183203
385,175,296,13.7125,0.00106435447773218
385,175,296,13.72,0.000920687152276612
385,175,296,13.7275,0.000479374872009988
385,175,296,13.735,0.000347328104607853
385,175,296,13.7425,0.000547117183339955
385,175,296,13.75,0.000285534697034785
385,175,296,13.7575,0.000661631760087131
385,175,296,13.765,0.000779730325928826
385,175,296,13.7725,0.00119281581782834
385,175,296,13.78,0.00138957701188213
385,175,296,13.7875,0.00154970465798116
385,175,296,13.795,0.00159863008926224
385,175,296,13.8025,0.00141638138181251
385,175,296,13.81,0.00125207905794769
385,175,296,13.8175,0.00177860682465503
385,175,296,13.825,0.0015450640346691
385,175,296,13.8325,0.00111938007001079
385,175,296,13.84,0.00129741448835779
385,175,296,13.8475,0.00085943028795939
385,175,296,13.855,0.00104161876599016
385,175,296,13.8625,0.000978689576522279
385,175,296,13.87,0.000622650127918152
385,175,296,13.8775,0.000884188742096132
385,175,296,13.885,0.000457249161941921
385,175,296,13.8925,0.00072323306094817
385,175,296,13.9,0.000898436730251981
385,175,296,13.9075,0.000739344052101685
385,175,296,13.915,0.000847417245310938
385,175,296,13.9225,0.000813833595177861
385,175,296,13.93,0.00134354828294504
385,175,296,13.9375,0.00107314807219867
385,175,296,13.945,0.000621795634020092
385,175,296,13.9525,0.00106769953583367
385,175,296,13.96,0.0010433750707278
385,175,296,13.9675,0.000403105536435414
385,175,296,13.975,0.000339818066883324
385,175,296,13.9825,0.000183833924448708
385,175,296,13.99,0.000375846850070268
385,175,296,13.9975,0.000309343789788169
385,175,296,14.005,5.93095496552246e-05
385,175,296,14.0125,0.00105432128271184
385,175,296,14.02,0.000632253082730533
385,175,296,14.0275,0.00108498487834402
385,175,296,14.035,0.00128029317876087
385,175,296,14.0425,0.000823371581827627
385,175,296,14.05,0.00115313209412945
385,175,296,14.0575,0.00101110366423515
385,175,296,14.065,0.000861592103500108
385,175,296,14.0725,0.00125957510862025
385,175,296,14.08,0.000716634137796877
385,175,296,14.0875,0.0013887771636847
385,175,296,14.095,0.000892854264068185
385,175,296,14.1025,0.000815799022098989
385,175,296,14.11,0.00104786266863565
385,175,296,14.1175,0.000887288471711293
385,175,296,14.125,0.000534123284450313
385,175,296,14.1325,0.000534049971801929
385,175,296,14.14,0.000249837751741807
385,175,296,14.1475,0.000622480308132122
385,175,296,14.155,0.000525886810537211
385,175,296,14.1625,0.00144793915881723
385,175,296,14.17,0.00159287235970384
385,175,296,14.1775,0.00135941350595571
385,175,296,14.185,0.00079911816656946
385,175,296,14.1925,0.00100699013686786
385,175,296,14.2,0.000907421513011188
385,175,296,14.2075,0.00106701710648314
385,175,296,14.215,0.00100240877625956
385,175,296,14.2225,0.000463348474575082
385,175,296,14.23,0.000905443184253887
385,175,296,14.2375,0.000572065182768887
385,175,296,14.245,0.00109202353534724
385,175,296,14.2525,0.000651166816791247
385,175,296,14.26,0.000371307043018742
385,175,296,14.2675,0.000679388690669799
385,175,296,14.275,0.000742320935040377
385,175,296,14.2825,0.000626554666902613
385,175,296,14.29,0.00127906239887306
385,175,296,14.2975,0.00107679412636586
385,175,296,14.305,0.00117724056670662
385,175,296,14.3125,0.00132990225195765
385,175,296,14.32,0.00165875214240808
385,175,296,14.3275,0.00124290174866299
385,175,296,14.335,0.00102773386871352
385,175,296,14.3425,0.00090540598492769
385,175,296,14.35,0.000811166914158288
385,175,296,14.3575,0.000552200194714471
385,175,296,14.365,0.00035504238986228
385,175,296,14.3725,0.000488989182361387
385,175,296,14.38,0.000272020304755727
385,175,296,14.3875,0.000734311929667831
385,175,296,14.395,0.000481639245194873
385,175,296,14.4025,0.00035599638221391
385,175,296,14.41,0.000375661153783688
385,175,296,14.4175,7.34451224901936e-05
385,175,296,14.425,0.000774455954168033
385,175,296,14.4325,0.000717229648488215
385,175,296,14.44,0.000427617816706167
385,175,296,14.4475,0.000956276362003841
385,175,296,14.455,0.000408179413137752
385,175,296,14.4625,0.000632544356289838
385,175,296,14.47,0.000378965141735248
385,175,296,14.4775,0.000955871895164162
385,175,296,14.485,0.00059003059107387
385,175,296,14.4925,0.000546863883847455
385,175,296,14.5,0.000755678876418875
385,175,296,14.5075,0.000497610131017292
385,175,296,14.515,0.000810798974487146
385,175,296,14.5225,0.00103874313822253
385,175,296,14.53,0.00118888784928957
385,175,296,14.5375,0.00118579215741093
385,175,296,14.545,0.00079584472908402
385,175,296,14.5525,0.000945331403690455
385,175,296,14.56,0.000716340424319488
385,175,296,14.5675,0.00133837878564044
385,175,296,14.575,0.000889602494600823
385,175,296,14.5825,0.00123188534850499
385,175,296,14.59,0.000437468757020359
385,175,296,14.5975,0.000954351925522339
385,175,296,14.605,0.000551864165776116
385,175,296,14.6125,0.000609311370831966
385,175,296,14.62,0.000120679840411473
385,175,296,14.6275,0.000756654339921711
385,175,296,14.635,0.000474619060428121
385,175,296,14.6425,4.28219167391979e-05
385,175,296,14.65,0.000169763358609037
385,175,296,14.6575,0.000789676919278714
385,175,296,14.665,0.000103085650256769
385,175,296,14.6725,0.000666209741951475
385,175,296,14.68,0.000745152086276091
385,175,296,14.6875,0.000827316534616117
385,175,296,14.695,0.000983398834956066
385,175,296,14.7025,0.00127688693492952
385,175,296,14.71,0.0006119071787152
385,175,296,14.7175,0.00101061163726751
385,175,296,14.725,0.00041813970607166
385,175,296,14.7325,0.000298887917989379
385,175,296,14.74,0.000576428687041405
385,175,296,14.7475,0.000747092592404829
385,175,296,14.755,0.000316115661271957
385,175,296,14.7625,0.000652501555629466
385,175,296,14.77,0.000344103625568368
385,175,296,14.7775,7.43699364290289e-05
385,175,296,14.785,0.000187527314209377
385,175,296,14.7925,0.000686097596108677
385,175,296,14.8,0.000482905172855202
385,175,296,14.8075,0.000918433440191857
385,175,296,14.815,0.000761271781831644
385,175,296,14.8225,0.00072305206838519
385,175,296,14.83,0.000941829737202688
385,175,296,14.8375,0.000338301246736122
385,175,296,14.845,0.000809018150357897
385,175,296,14.8525,0.000228116802526416
385,175,296,14.86,0.000209475843704125
385,175,296,14.8675,0.000822117879903747
385,175,296,14.875,0.000172289624633588
385,175,296,14.8825,0.000358767602629482
385,175,296,14.89,0.000205014867667401
385,175,296,14.8975,0.000811171109489665
385,175,296,14.905,0.000763300505462332
385,175,296,14.9125,0.0004280661402476
385,175,296,14.92,0.000653586818622898
385,175,296,14.9275,0.000331879192296148
385,175,296,14.935,0.0010325701210282
385,175,296,14.9425,0.000803319520943751
385,175,296,14.95,0.000721904078215948
385,175,296,14.9575,0.000506462288237458
385,175,296,14.965,0.000660471419448749
385,175,296,14.9725,0.000872237088360236
385,175,296,14.98,0.000720447760810777
385,175,296,14.9875,0.000610312439876314
385,175,296,14.995,0.000317014820702345
385,175,296,15.0025,0.000120804694583553
385,175,296,15.01,0.000126875745792868
385,175,296,15.0175,0.00072414126457288
385,175,296,15.025,0.000805427078817255
385,175,296,15.0325,0.000933652804790955
385,175,296,15.04,0.000773854408808997
385,175,296,15.0475,0.000412574444522149
385,175,296,15.055,0.000846570637519733
385,175,296,15.0625,0.000951390119984495
385,175,296,15.07,0.000195219686168208
385,175,296,15.0775,0.000741395546540551
385,175,296,15.085,0.000844250803818588
385,175,296,15.0925,0.000486528606474721
385,175,296,15.1,0.000309602142418478
385,175,296,15.1075,0.000918994235503903
385,175,296,15.115,0.00050487068883341
385,175,296,15.1225,0.000538207729937906
385,175,296,15.13,0.000113147477142796
385,175,296,15.1375,0.00040243239283873
385,175,296,15.145,0.000360865034737911
385,175,296,15.1525,0.000260872441964682
385,175,296,15.16,0.00082792285080007
385,175,296,15.1675,0.000308311871429642
385,175,296,15.175,0.000259441599368166
385,175,296,15.1825,0.000565225889547187
385,175,296,15.19,0.000397735089447922
385,175,296,15.1975,0.00100371503074903
385,175,296,15.205,0.000974493942030828
385,175,296,15.2125,0.000410874308570084
385,175,296,15.22,0.000736694304789679
385,175,296,15.2275,9.48045360156053e-05
385,175,296,15.235,0.000833135958232753
385,175,296,15.2425,0.000289620105397826
385,175,296,15.25,0.000218660266949466
385,175,296,15.2575,0.000291746661341235
385,175,296,15.265,0.000548828807655673
385,175,296,15.2725,0.00036822807533623
385,175,296,15.28,0.000329307567236694
385,175,296,15.2875,0.000354751726614131
385,175,296,15.295,0.000254624906463071
385,175,296,15.3025,0.000848618047679241
385,175,296,15.31,0.000354264639524886
385,175,296,15.3175,0.000529165079766151
385,175,296,15.325,0.000607315208257587
385,175,296,15.3325,0.00074136572764829
385,175,296,15.34,0.00051978875051945
385,175,296,15.3475,0.000471692948782979
385,175,296,15.355,0.000389764667836461
385,175,296,15.3625,0.000225364194072807
385,175,296,15.37,0.000453280737091013
385,175,296,15.3775,7.11817567528621e-05
385,175,296,15.385,4.23758164796983e-05
385,175,296,15.3925,0.000394365529514219
385,175,296,15.4,0.000826031378944649
385,175,296,15.4075,0.000646820765311602
385,175,296,15.415,0.000857610699311482
385,175,296,15.4225,0.0011167543816016
385,175,296,15.43,0.00110307482963138
385,175,296,15.4375,0.00110916913084302
385,175,296,15.445,0.000816107994477131
385,175,296,15.4525,0.00100938144636278
385,175,296,15.46,0.00113449624271709
385,175,296,15.4675,0.000879263865507729
385,175,296,15.475,0.000641237302739928
385,175,296,15.4825,0.000428531506619694
385,175,296,15.49,0.000841247420747491
385,175,296,15.4975,0.000529191046606467
385,175,296,15.505,0.000597753509355665
385,175,296,15.5125,0.000289189503262572
385,175,296,15.52,0.00028653224216541
385,175,296,15.5275,0.000391091604864637
385,175,296,15.535,0.000562927868884459
385,175,296,15.5425,0.000625833192295835
385,175,296,15.55,0.000548066654913244
385,175,296,15.5575,0.000706174031296728
385,175,296,15.565,0.000263408002255755
385,175,296,15.5725,0.000268076255351531
385,175,296,15.58,0.000691942652654916
385,175,296,15.5875,0.000411348172250118
385,175,296,15.595,0.000150805415006958
385,175,296,15.6025,0.000536921285687122
385,175,296,15.61,0.000257807155559432
385,175,296,15.6175,0.000393026232003732
385,175,296,15.625,0.0002625787961187
385,175,296,15.6325,0.000332291170026241
385,175,296,15.64,0.000107299924953522
385,175,296,15.6475,0.000413707052649905
385,175,296,15.655,0.000459313786282818
385,175,296,15.6625,0.000644092614523444
385,175,296,15.67,0.00069324391120373
385,175,296,15.6775,0.000591333373544771
385,175,296,15.685,0.00119757869819965
385,175,296,15.6925,0.000692640905347598
385,175,296,15.7,0.000376223334776127
385,175,296,15.7075,0.000931703007018005
385,175,296,15.715,0.00053597928340806
385,175,296,15.7225,0.000858477165079692
385,175,296,15.73,0.000567286827805451
385,175,296,15.7375,0.000431742490095124
385,175,296,15.745,0.000423153226279934
385,175,296,15.7525,0.000742340695621499
385,175,296,15.76,0.000453229407994201
385,175,296,15.7675,0.000640906282648159
385,175,296,15.775,0.000444746271287925
385,175,296,15.7825,0.000337025031881532
385,175,296,15.79,0.00105513089820971
385,175,296,15.7975,0.000728944190548572
385,175,296,15.805,0.000915046191103938
385,175,296,15.8125,0.00150595860661606
385,175,296,15.82,0.00130159977848502
385,175,296,15.8275,0.000505488174188554
385,175,296,15.835,0.00123202894754305
385,175,296,15.8425,0.000829472068677307
385,175,296,15.85,0.000238050307205082
385,175,296,15.8575,0.000817080346607507
385,175,296,15.865,0.000771540909127727
385,175,296,15.8725,0.000295138193008261
385,175,296,15.88,0.000285957601242554
385,175,296,15.8875,0.000262182680065453
385,175,296,15.895,0.000118663094086663
385,175,296,15.9025,0.000485273355743562
385,175,296,15.91,0.000234480817423782
385,175,296,15.9175,0.000376934460223257
385,175,296,15.925,0.000135044888388798
385,175,296,15.9325,0.00041319331028574
385,175,296,15.94,0.000653449541127541
385,175,296,15.9475,0.000826392596435785
385,175,296,15.955,0.000629730204979606
385,175,296,15.9625,0.00031241067692872
385,175,296,15.97,0.000309930255363011
385,175,296,15.9775,7.46241185456619e-05
385,175,296,15.985,0.000888147982990079
385,175,296,15.9925,0.000354219463289117
385,175,296,16,0.000201331061911088
385,175,295,4,0.00394906825565172
385,175,295,4.0075,0.00455407229670442
385,175,295,4.015,0.00466613790823849
385,175,295,4.0225,0.00446960766063958
385,175,295,4.03,0.00507385948177679
385,175,295,4.0375,0.00504331041802373
385,175,295,4.045,0.00505609798405198
385,175,295,4.0525,0.00548663829082953
385,175,295,4.06,0.00456458516011119
385,175,295,4.0675,0.00485124669264418
385,175,295,4.075,0.00544366543977522
385,175,295,4.0825,0.00547886487001119
385,175,295,4.09,0.00651831400544596
385,175,295,4.0975,0.00653902785240262
385,175,295,4.105,0.00644675715585285
385,175,295,4.1125,0.00637810927022005
385,175,295,4.12,0.00576472891775738
385,175,295,4.1275,0.00521953267261498
385,175,295,4.135,0.00458959502372965
385,175,295,4.1425,0.00406149246485498
385,175,295,4.15,0.00424769480482439
385,175,295,4.1575,0.00392871073329141
385,175,295,4.165,0.0034715498031778
385,175,295,4.1725,0.00367570102966999
385,175,295,4.18,0.00298963862168842
385,175,295,4.1875,0.00299508115390534
385,175,295,4.195,0.00374298643886561
385,175,295,4.2025,0.00342085585153156
385,175,295,4.21,0.00398897903808874
385,175,295,4.2175,0.00407409776375388
385,175,295,4.225,0.00425590422717153
385,175,295,4.2325,0.00446164612750936
385,175,295,4.24,0.00455771036907135
385,175,295,4.2475,0.00487946374540713
385,175,295,4.255,0.00462477993231667
385,175,295,4.2625,0.00391157718754793
385,175,295,4.27,0.00385239577055439
385,175,295,4.2775,0.0032199324955324
385,175,295,4.285,0.00233622754971429
385,175,295,4.2925,0.00197486082001466
385,175,295,4.3,0.000878932583762354
385,175,295,4.3075,0.00153068700481448
385,175,295,4.315,0.00176334731827487
385,175,295,4.3225,0.00135270051755434
385,175,295,4.33,0.00204439619963005
385,175,295,4.3375,0.00126160976783432
385,175,295,4.345,0.00247236783650756
385,175,295,4.3525,0.00293361298100023
385,175,295,4.36,0.00300416713795773
385,175,295,4.3675,0.00396420125303041
385,175,295,4.375,0.00374382287776206
385,175,295,4.3825,0.00414279741278173
385,175,295,4.39,0.0041040554351594
385,175,295,4.3975,0.00379429627383393
385,175,295,4.405,0.00364363747968505
385,175,295,4.4125,0.0038370962356386
385,175,295,4.42,0.00344960411769459
385,175,295,4.4275,0.00287985622826513
385,175,295,4.435,0.00302069799598325
385,175,295,4.4425,0.0031355955383078
385,175,295,4.45,0.00271683909221635
385,175,295,4.4575,0.00204596709792986
385,175,295,4.465,0.00182455694086401
385,175,295,4.4725,0.00174888008417035
385,175,295,4.48,0.00197589314423865
385,175,295,4.4875,0.00275070940480243
385,175,295,4.495,0.00285115128684129
385,175,295,4.5025,0.00239354796892438
385,175,295,4.51,0.00224404814154154
385,175,295,4.5175,0.00289222176812064
385,175,295,4.525,0.00245962585407861
385,175,295,4.5325,0.00217820002347897
385,175,295,4.54,0.00204969457209416
385,175,295,4.5475,0.00154144008081442
385,175,295,4.555,0.0026235279097242
385,175,295,4.5625,0.0023637839975987
385,175,295,4.57,0.00265404404583761
385,175,295,4.5775,0.00263449699390144
385,175,295,4.585,0.0030657982077861
385,175,295,4.5925,0.00328751254219284
385,175,295,4.6,0.00347641061989919
385,175,295,4.6075,0.00319197353355975
385,175,295,4.615,0.00356087417360021
385,175,295,4.6225,0.00372820064820765
385,175,295,4.63,0.00390436652042834
385,175,295,4.6375,0.00352684910517282
385,175,295,4.645,0.00350027812842024
385,175,295,4.6525,0.00298352789893579
385,175,295,4.66,0.00334691951449408
385,175,295,4.6675,0.00213317502054419
385,175,295,4.675,0.00186632019282862
385,175,295,4.6825,0.00106392201591557
385,175,295,4.69,0.00133943478191881
385,175,295,4.6975,0.000726734524048308
385,175,295,4.705,0.000801357573951707
385,175,295,4.7125,0.00117322021800399
385,175,295,4.72,0.00099542159488002
385,175,295,4.7275,0.000317192657607138
385,175,295,4.735,0.000632384526595608
385,175,295,4.7425,0.000514984856713462
385,175,295,4.75,0.00114818941411448
385,175,295,4.7575,0.00106429511384781
385,175,295,4.765,0.00134527270399579
385,175,295,4.7725,0.00184468814688595
385,175,295,4.78,0.00194295085361012
385,175,295,4.7875,0.00239187568915197
385,175,295,4.795,0.00209455070359001
385,175,295,4.8025,0.00238008522270661
385,175,295,4.81,0.00272035055860284
385,175,295,4.8175,0.00274236979931091
385,175,295,4.825,0.00308494720263833
385,175,295,4.8325,0.00320390444660479
385,175,295,4.84,0.00329130268039611
385,175,295,4.8475,0.00383935136653309
385,175,295,4.855,0.00314589043258926
385,175,295,4.8625,0.00258230021482002
385,175,295,4.87,0.00255972807443929
385,175,295,4.8775,0.00225492703139187
385,175,295,4.885,0.00215590333048243
385,175,295,4.8925,0.00159045711775673
385,175,295,4.9,0.00141770618893623
385,175,295,4.9075,0.00155871002206865
385,175,295,4.915,0.00153489488066958
385,175,295,4.9225,0.00124537929974616
385,175,295,4.93,0.000928697915112458
385,175,295,4.9375,0.00132373342697797
385,175,295,4.945,0.00112547398211177
385,175,295,4.9525,0.000618062868314541
385,175,295,4.96,0.00180118262140081
385,175,295,4.9675,0.00147804915771087
385,175,295,4.975,0.00187855413073387
385,175,295,4.9825,0.00206635653343311
385,175,295,4.99,0.00154977011623688
385,175,295,4.9975,0.00150925266555922
385,175,295,5.005,0.00137701452708706
385,175,295,5.0125,0.00134651962756934
385,175,295,5.02,0.000982132746093751
385,175,295,5.0275,0.00107429420880362
385,175,295,5.035,0.00114621950113486
385,175,295,5.0425,0.000973832315546852
385,175,295,5.05,0.000691170945740625
385,175,295,5.0575,0.000731454933757785
385,175,295,5.065,0.000826462320269672
385,175,295,5.0725,0.001047178549916
385,175,295,5.08,0.00133665763932974
385,175,295,5.0875,0.001163919659434
385,175,295,5.095,0.0016924435061898
385,175,295,5.1025,0.00145462204064008
385,175,295,5.11,0.00113360277785072
385,175,295,5.1175,0.00154359790939465
385,175,295,5.125,0.00130868243961178
385,175,295,5.1325,0.00107504702115113
385,175,295,5.14,0.00119951801344467
385,175,295,5.1475,0.000517900604314728
385,175,295,5.155,0.000253501356582777
385,175,295,5.1625,0.0005284791588295
385,175,295,5.17,0.000475213934054558
385,175,295,5.1775,0.00110644987412677
385,175,295,5.185,0.000940740329107308
385,175,295,5.1925,0.000734006265587487
385,175,295,5.2,0.000321618572238331
385,175,295,5.2075,0.000454520026747959
385,175,295,5.215,0.000884416692330036
385,175,295,5.2225,0.00124529124706608
385,175,295,5.23,0.00128738614213161
385,175,295,5.2375,0.00146100555182026
385,175,295,5.245,0.00212527894308999
385,175,295,5.2525,0.00194763169294638
385,175,295,5.26,0.00177931839585703
385,175,295,5.2675,0.00192667985554909
385,175,295,5.275,0.0022373285721266
385,175,295,5.2825,0.00256161880809442
385,175,295,5.29,0.0028102665220648
385,175,295,5.2975,0.00259863696767949
385,175,295,5.305,0.00237602329613924
385,175,295,5.3125,0.00235012712565792
385,175,295,5.32,0.00194630508997451
385,175,295,5.3275,0.00175268554116806
385,175,295,5.335,0.00147247255544314
385,175,295,5.3425,0.00130292406009255
385,175,295,5.35,0.00126173716746327
385,175,295,5.3575,0.000405934260562781
385,175,295,5.365,0.000682051622799267
385,175,295,5.3725,0.000167994318213787
385,175,295,5.38,0.000211591317743339
385,175,295,5.3875,0.000460484134799001
385,175,295,5.395,0.000428658341347732
385,175,295,5.4025,0.000639265857459891
385,175,295,5.41,0.000512894912267588
385,175,295,5.4175,0.000425906849466205
385,175,295,5.425,0.000332647621267955
385,175,295,5.4325,0.000184839705467316
385,175,295,5.44,0.000640478910838545
385,175,295,5.4475,0.000983744878066579
385,175,295,5.455,0.00128811372914588
385,175,295,5.4625,0.00191522938793395
385,175,295,5.47,0.00213089032516797
385,175,295,5.4775,0.00256076036384421
385,175,295,5.485,0.0025344863105211
385,175,295,5.4925,0.00296479249726988
385,175,295,5.5,0.00298682341591121
385,175,295,5.5075,0.0026603582542311
385,175,295,5.515,0.00296080878217711
385,175,295,5.5225,0.00253998384621656
385,175,295,5.53,0.0018805117748195
385,175,295,5.5375,0.00184818138083322
385,175,295,5.545,0.00135851753283966
385,175,295,5.5525,0.00131391405214218
385,175,295,5.56,0.0017880554545813
385,175,295,5.5675,0.0014624767436938
385,175,295,5.575,0.000945182540435793
385,175,295,5.5825,0.00069088626762784
385,175,295,5.59,0.00131308003967367
385,175,295,5.5975,0.00110428143348887
385,175,295,5.605,0.00121041099499436
385,175,295,5.6125,0.00163006661858183
385,175,295,5.62,0.00175931823804327
385,175,295,5.6275,0.00159392677002936
385,175,295,5.635,0.00137196872336298
385,175,295,5.6425,0.00115305282197844
385,175,295,5.65,0.00155156853240717
385,175,295,5.6575,0.000689077306724324
385,175,295,5.665,0.000686430377504632
385,175,295,5.6725,0.000591727111122739
385,175,295,5.68,0.00100483705474217
385,175,295,5.6875,0.000846729058820849
385,175,295,5.695,0.000899568998281658
385,175,295,5.7025,0.000576539866332484
385,175,295,5.71,0.00093112253257073
385,175,295,5.7175,0.00139709234023149
385,175,295,5.725,0.00124595428494867
385,175,295,5.7325,0.00174517805868265
385,175,295,5.74,0.00217391585488918
385,175,295,5.7475,0.00239857615313437
385,175,295,5.755,0.00254890970055456
385,175,295,5.7625,0.00265511162080398
385,175,295,5.77,0.00228796016257676
385,175,295,5.7775,0.00187063428605814
385,175,295,5.785,0.00230039950703608
385,175,295,5.7925,0.00176468093945652
385,175,295,5.8,0.00143892410052142
385,175,295,5.8075,0.000736437512135044
385,175,295,5.815,0.000954387821675974
385,175,295,5.8225,0.000613391055203685
385,175,295,5.83,0.000745466799726485
385,175,295,5.8375,0.000806689078416267
385,175,295,5.845,0.000405686607920366
385,175,295,5.8525,0.00035198920954799
385,175,295,5.86,0.000143101672014011
385,175,295,5.8675,0.000595233489566778
385,175,295,5.875,0.00124289937195564
385,175,295,5.8825,0.00113373258380409
385,175,295,5.89,0.00103009297954223
385,175,295,5.8975,0.0012932154210902
385,175,295,5.905,0.000844683329652659
385,175,295,5.9125,0.000678886386237529
385,175,295,5.92,0.00064842887367759
385,175,295,5.9275,0.001078481752095
385,175,295,5.935,0.000663512551096708
385,175,295,5.9425,0.000978066359487342
385,175,295,5.95,0.00109727383807061
385,175,295,5.9575,0.00154624234163171
385,175,295,5.965,0.0018458207160577
385,175,295,5.9725,0.00178503812112153
385,175,295,5.98,0.0016902501208543
385,175,295,5.9875,0.002250695811432
385,175,295,5.995,0.00181060999317742
385,175,295,6.0025,0.00151782177187716
385,175,295,6.01,0.00150722673116012
385,175,295,6.0175,0.00176409286619905
385,175,295,6.025,0.00192407890209003
385,175,295,6.0325,0.00128954185850119
385,175,295,6.04,0.00134971326906464
385,175,295,6.0475,0.000785020150746773
385,175,295,6.055,0.000699997301754906
385,175,295,6.0625,0.00047428218110477
385,175,295,6.07,0.000802309405009337
385,175,295,6.0775,0.00115710462428615
385,175,295,6.085,0.00149565896632526
385,175,295,6.0925,0.00152966714523672
385,175,295,6.1,0.00162922609321534
385,175,295,6.1075,0.00191798435448614
385,175,295,6.115,0.00192875296967029
385,175,295,6.1225,0.00206066118202135
385,175,295,6.13,0.00158852305796824
385,175,295,6.1375,0.00183730308711311
385,175,295,6.145,0.00136788074409205
385,175,295,6.1525,0.00128138824730039
385,175,295,6.16,0.00108377712397373
385,175,295,6.1675,0.000690850083412415
385,175,295,6.175,0.000951144849808681
385,175,295,6.1825,0.000464791512257899
385,175,295,6.19,0.000572828764039379
385,175,295,6.1975,0.000824115702172915
385,175,295,6.205,0.00109627885001573
385,175,295,6.2125,0.000955651731009744
385,175,295,6.22,0.00143919117606612
385,175,295,6.2275,0.00108776655179986
385,175,295,6.235,0.00170782603803243
385,175,295,6.2425,0.00162106368552889
385,175,295,6.25,0.00187384347429357
385,175,295,6.2575,0.00159370646880564
385,175,295,6.265,0.00178794194069717
385,175,295,6.2725,0.00110892889415877
385,175,295,6.28,0.00151369155941599
385,175,295,6.2875,0.00101874654062581
385,175,295,6.295,0.00108259401053681
385,175,295,6.3025,0.000761362834382989
385,175,295,6.31,0.00011437594299398
385,175,295,6.3175,0.00032444935322395
385,175,295,6.325,0.000815774570051098
385,175,295,6.3325,0.00128057799731133
385,175,295,6.34,0.00139549619979063
385,175,295,6.3475,0.00188282170136446
385,175,295,6.355,0.00207375745490698
385,175,295,6.3625,0.00224429785040016
385,175,295,6.37,0.00219047109089059
385,175,295,6.3775,0.00204471360354922
385,175,295,6.385,0.00196459312137752
385,175,295,6.3925,0.00225033181300644
385,175,295,6.4,0.00223437799190704
385,175,295,6.4075,0.00228790401552722
385,175,295,6.415,0.00238445877951669
385,175,295,6.4225,0.00159832716803876
385,175,295,6.43,0.00165118267213687
385,175,295,6.4375,0.00163753950356268
385,175,295,6.445,0.0010164523320988
385,175,295,6.4525,0.00154687922376526
385,175,295,6.46,0.00122313539827401
385,175,295,6.4675,0.00166728313693867
385,175,295,6.475,0.00170981625821832
385,175,295,6.4825,0.00181421722296458
385,175,295,6.49,0.00207250329090978
385,175,295,6.4975,0.00180150487149252
385,175,295,6.505,0.00159064773882274
385,175,295,6.5125,0.00197527072416946
385,175,295,6.52,0.00182472839321692
385,175,295,6.5275,0.00156904295503799
385,175,295,6.535,0.00124786618194875
385,175,295,6.5425,0.00118102409901669
385,175,295,6.55,0.00154472051426169
385,175,295,6.5575,0.000938961838611523
385,175,295,6.565,0.000292743036519861
385,175,295,6.5725,0.000440377726485733
385,175,295,6.58,0.00103161046574825
385,175,295,6.5875,0.00167953000077974
385,175,295,6.595,0.00157757470806234
385,175,295,6.6025,0.0022487269497216
385,175,295,6.61,0.00208946802498278
385,175,295,6.6175,0.002881262701703
385,175,295,6.625,0.0029675053299911
385,175,295,6.6325,0.00247203936782994
385,175,295,6.64,0.00264968859948574
385,175,295,6.6475,0.00231967577969403
385,175,295,6.655,0.00229272099894797
385,175,295,6.6625,0.00186341066132823
385,175,295,6.67,0.00149461032696352
385,175,295,6.6775,0.00111713703250578
385,175,295,6.685,0.000777502319527656
385,175,295,6.6925,0.000430769803679138
385,175,295,6.7,0.0010297943131816
385,175,295,6.7075,0.00104837192489758
385,175,295,6.715,0.00181416275515848
385,175,295,6.7225,0.00219357183105778
385,175,295,6.73,0.00271035707565846
385,175,295,6.7375,0.00244448040228744
385,175,295,6.745,0.0027835253636615
385,175,295,6.7525,0.00275747617459091
385,175,295,6.76,0.00205996779432849
385,175,295,6.7675,0.0027073314248954
385,175,295,6.775,0.00218377402788563
385,175,295,6.7825,0.00212688053037408
385,175,295,6.79,0.00222007050535141
385,175,295,6.7975,0.00169667617798112
385,175,295,6.805,0.00148554991846758
385,175,295,6.8125,0.00210995216154189
385,175,295,6.82,0.00209997273747191
385,175,295,6.8275,0.0022315156564632
385,175,295,6.835,0.00243687741477115
385,175,295,6.8425,0.00234402199593271
385,175,295,6.85,0.00250307364870721
385,175,295,6.8575,0.00217928436264997
385,175,295,6.865,0.00260130747369724
385,175,295,6.8725,0.00259447938053116
385,175,295,6.88,0.00283958515246156
385,175,295,6.8875,0.00211444204281585
385,175,295,6.895,0.00318270679174187
385,175,295,6.9025,0.00239488372540897
385,175,295,6.91,0.00196614332974415
385,175,295,6.9175,0.00210732770790136
385,175,295,6.925,0.00139799975852588
385,175,295,6.9325,0.00161999029065347
385,175,295,6.94,0.00120687972458016
385,175,295,6.9475,0.00109742108679426
385,175,295,6.955,0.00161036166764075
385,175,295,6.9625,0.0017053103952367
385,175,295,6.97,0.00159137354173882
385,175,295,6.9775,0.00193613777044299
385,175,295,6.985,0.002076682881475
385,175,295,6.9925,0.00177170302943793
385,175,295,7,0.00227232692976856
385,175,295,7.0075,0.00267603022000056
385,175,295,7.015,0.00208540268089267
385,175,295,7.0225,0.00254570615507821
385,175,295,7.03,0.00261393062833192
385,175,295,7.0375,0.00260339513059192
385,175,295,7.045,0.00242051470369966
385,175,295,7.0525,0.00170315254854027
385,175,295,7.06,0.00116673772480396
385,175,295,7.0675,0.00159999938941235
385,175,295,7.075,0.00171204568959031
385,175,295,7.0825,0.00183183508739324
385,175,295,7.09,0.0020108646010767
385,175,295,7.0975,0.0024531000163049
385,175,295,7.105,0.00305835711706521
385,175,295,7.1125,0.00310339883804581
385,175,295,7.12,0.00324859818897096
385,175,295,7.1275,0.00331201073105572
385,175,295,7.135,0.00330872342433813
385,175,295,7.1425,0.00365365540351233
385,175,295,7.15,0.00330242006268367
385,175,295,7.1575,0.0030020117567013
385,175,295,7.165,0.00299690265543647
385,175,295,7.1725,0.00222686061202087
385,175,295,7.18,0.00197294417236172
385,175,295,7.1875,0.00114003737170733
385,175,295,7.195,0.00189436492662278
385,175,295,7.2025,0.00114147055659727
385,175,295,7.21,0.00100642464019961
385,175,295,7.2175,0.00160886260661564
385,175,295,7.225,0.00171750421177366
385,175,295,7.2325,0.00214094033997733
385,175,295,7.24,0.0026513339348732
385,175,295,7.2475,0.00261702876978686
385,175,295,7.255,0.00265263771072431
385,175,295,7.2625,0.00299192710878543
385,175,295,7.27,0.0027747033544309
385,175,295,7.2775,0.00320577748355979
385,175,295,7.285,0.00313187970498524
385,175,295,7.2925,0.00225281996498587
385,175,295,7.3,0.00211156328549613
385,175,295,7.3075,0.00190599089988419
385,175,295,7.315,0.0012664541235043
385,175,295,7.3225,0.00204768926850311
385,175,295,7.33,0.00146060833730073
385,175,295,7.3375,0.00246093566508333
385,175,295,7.345,0.00246831095378397
385,175,295,7.3525,0.00289240650730221
385,175,295,7.36,0.00305818569048792
385,175,295,7.3675,0.00355753394381186
385,175,295,7.375,0.00351340824966403
385,175,295,7.3825,0.00367617770009398
385,175,295,7.39,0.00357518916949253
385,175,295,7.3975,0.0033571203364525
385,175,295,7.405,0.00362299866991819
385,175,295,7.4125,0.00283811509278428
385,175,295,7.42,0.00235827052466563
385,175,295,7.4275,0.00191878621557954
385,175,295,7.435,0.00187387962886921
385,175,295,7.4425,0.00175992261800501
385,175,295,7.45,0.00156368587008288
385,175,295,7.4575,0.00165153000286455
385,175,295,7.465,0.0013353274681681
385,175,295,7.4725,0.00200154243339052
385,175,295,7.48,0.00180830984109995
385,175,295,7.4875,0.00210408900150667
385,175,295,7.495,0.00262955696747488
385,175,295,7.5025,0.0028143802713611
385,175,295,7.51,0.00349014439535324
385,175,295,7.5175,0.00349659682470131
385,175,295,7.525,0.00280606156600425
385,175,295,7.5325,0.00292739413082517
385,175,295,7.54,0.00235053312479664
385,175,295,7.5475,0.00190508022563868
385,175,295,7.555,0.00193984329872948
385,175,295,7.5625,0.00121085485004034
385,175,295,7.57,0.00106848831166473
385,175,295,7.5775,0.00113425245978323
385,175,295,7.585,0.00187014386067169
385,175,295,7.5925,0.00230234395264255
385,175,295,7.6,0.0023064765273278
385,175,295,7.6075,0.00323325153920822
385,175,295,7.615,0.00348779539697185
385,175,295,7.6225,0.00324725395677343
385,175,295,7.63,0.00357110513866634
385,175,295,7.6375,0.00376039474757231
385,175,295,7.645,0.00369558653116181
385,175,295,7.6525,0.0029691671223807
385,175,295,7.66,0.003092312013333
385,175,295,7.6675,0.00288282856829301
385,175,295,7.675,0.00241380418885765
385,175,295,7.6825,0.00152252532556771
385,175,295,7.69,0.00142892849557746
385,175,295,7.6975,0.00171962162215882
385,175,295,7.705,0.00177066073031783
385,175,295,7.7125,0.00222394598208158
385,175,295,7.72,0.00166537046092355
385,175,295,7.7275,0.00266063140237318
385,175,295,7.735,0.00254652033335256
385,175,295,7.7425,0.00288091525357519
385,175,295,7.75,0.00314498311219485
385,175,295,7.7575,0.0026345455816462
385,175,295,7.765,0.00288887532260184
385,175,295,7.7725,0.00300521647737304
385,175,295,7.78,0.00260280324567613
385,175,295,7.7875,0.00255185125437904
385,175,295,7.795,0.00202440619675103
385,175,295,7.8025,0.00149770526871755
385,175,295,7.81,0.0016625766062389
385,175,295,7.8175,0.000902712223233019
385,175,295,7.825,0.00131463000329989
385,175,295,7.8325,0.00141352550636491
385,175,295,7.84,0.00171594830350943
385,175,295,7.8475,0.00265095583763587
385,175,295,7.855,0.00281807276883402
385,175,295,7.8625,0.00282742991597433
385,175,295,7.87,0.00287157050570695
385,175,295,7.8775,0.00322521965600348
385,175,295,7.885,0.00315231896213245
385,175,295,7.8925,0.00354530914940842
385,175,295,7.9,0.00309350053635122
385,175,295,7.9075,0.00268117917375364
385,175,295,7.915,0.00245736897862758
385,175,295,7.9225,0.00180517504921619
385,175,295,7.93,0.00161300965272167
385,175,295,7.9375,0.00193661433219508
385,175,295,7.945,0.00133339815705884
385,175,295,7.9525,0.00153398863848476
385,175,295,7.96,0.00110187066969217
385,175,295,7.9675,0.00230114117398082
385,175,295,7.975,0.00255616869058412
385,175,295,7.9825,0.00310989260970172
385,175,295,7.99,0.00319897466502717
385,175,295,7.9975,0.0034102732874717
385,175,295,8.005,0.0035439524748218
385,175,295,8.0125,0.00395593919400254
385,175,295,8.02,0.00333750049958248
385,175,295,8.0275,0.00334318179585233
385,175,295,8.035,0.00279536108996397
385,175,295,8.0425,0.00256403219160304
385,175,295,8.05,0.00266915207685232
385,175,295,8.0575,0.00255967497451814
385,175,295,8.065,0.00239367259729254
385,175,295,8.0725,0.00220458856042155
385,175,295,8.08,0.00230228399545597
385,175,295,8.0875,0.00290495458277455
385,175,295,8.095,0.00284972501324897
385,175,295,8.1025,0.00322487534476669
385,175,295,8.11,0.00338054319215346
385,175,295,8.1175,0.00364668097273421
385,175,295,8.125,0.00394869528011931
385,175,295,8.1325,0.00360648461056703
385,175,295,8.14,0.00327609635603027
385,175,295,8.1475,0.00353416451131268
385,175,295,8.155,0.00321086769181122
385,175,295,8.1625,0.00289908484572677
385,175,295,8.17,0.00310477342933612
385,175,295,8.1775,0.00228467625114095
385,175,295,8.185,0.00178899811512409
385,175,295,8.1925,0.0017337211164621
385,175,295,8.2,0.00141040816402581
385,175,295,8.2075,0.00154611662742162
385,175,295,8.215,0.00162096106246352
385,175,295,8.2225,0.0016825619578592
385,175,295,8.23,0.00204956903478556
385,175,295,8.2375,0.00203059111695442
385,175,295,8.245,0.00289668776807064
385,175,295,8.2525,0.00238985857346867
385,175,295,8.26,0.00280739097003254
385,175,295,8.2675,0.00278617125556608
385,175,295,8.275,0.00310608085202546
385,175,295,8.2825,0.00250148775083822
385,175,295,8.29,0.00286656052123389
385,175,295,8.2975,0.00235108316795981
385,175,295,8.305,0.00208265377137987
385,175,295,8.3125,0.00178890066466479
385,175,295,8.32,0.00195971695355891
385,175,295,8.3275,0.00200871409970958
385,175,295,8.335,0.00241578568808862
385,175,295,8.3425,0.00261755051803928
385,175,295,8.35,0.00284456707436634
385,175,295,8.3575,0.00359533197113473
385,175,295,8.365,0.00309501619972858
385,175,295,8.3725,0.00371457305174565
385,175,295,8.38,0.00409815961543088
385,175,295,8.3875,0.00395614182893786
385,175,295,8.395,0.00387991387653679
385,175,295,8.4025,0.00429546702379037
385,175,295,8.41,0.00372340951201412
385,175,295,8.4175,0.00306098281426909
385,175,295,8.425,0.00297622953737057
385,175,295,8.4325,0.00236630669685742
385,175,295,8.44,0.00219472688139038
385,175,295,8.4475,0.00180779596629946
385,175,295,8.455,0.0019646208563082
385,175,295,8.4625,0.00181265992046435
385,175,295,8.47,0.00198200117746878
385,175,295,8.4775,0.00241925695692868
385,175,295,8.485,0.00274625891678363
385,175,295,8.4925,0.00261050007611299
385,175,295,8.5,0.00272801266614317
385,175,295,8.5075,0.00284853705118875
385,175,295,8.515,0.00318985504483265
385,175,295,8.5225,0.00320903536345809
385,175,295,8.53,0.00305006692842789
385,175,295,8.5375,0.00314652640161995
385,175,295,8.545,0.00259788117446832
385,175,295,8.5525,0.00249611587313705
385,175,295,8.56,0.00241334610746873
385,175,295,8.5675,0.00143233232529318
385,175,295,8.575,0.00142692858269808
385,175,295,8.5825,0.00124193724886005
385,175,295,8.59,0.00166950805838232
385,175,295,8.5975,0.00182634685808237
385,175,295,8.605,0.00167859610733882
385,175,295,8.6125,0.00247619700859473
385,175,295,8.62,0.0021897057438358
385,175,295,8.6275,0.00274276490747696
385,175,295,8.635,0.00320493074255864
385,175,295,8.6425,0.00275244952044763
385,175,295,8.65,0.00279905423095065
385,175,295,8.6575,0.00291708298480696
385,175,295,8.665,0.00284494374973453
385,175,295,8.6725,0.00242859813258852
385,175,295,8.68,0.00141837838895828
385,175,295,8.6875,0.0017508788122117
385,175,295,8.695,0.00158240032889204
385,175,295,8.7025,0.00129420379506514
385,175,295,8.71,0.00123515138473763
385,175,295,8.7175,0.00187339065125222
385,175,295,8.725,0.00174079650957312
385,175,295,8.7325,0.00221752766766528
385,175,295,8.74,0.00242872599392635
385,175,295,8.7475,0.00276843535756925
385,175,295,8.755,0.00306326996676313
385,175,295,8.7625,0.00316157452859252
385,175,295,8.77,0.00350565458633674
385,175,295,8.7775,0.00265515670841648
385,175,295,8.785,0.00290270466422956
385,175,295,8.7925,0.00281270765076479
385,175,295,8.8,0.00293855071685881
385,175,295,8.8075,0.00249649787549124
385,175,295,8.815,0.00206765810841476
385,175,295,8.8225,0.00148803740335355
385,175,295,8.83,0.00188146920284024
385,175,295,8.8375,0.00166300768181163
385,175,295,8.845,0.00206699612697931
385,175,295,8.8525,0.00234445072075682
385,175,295,8.86,0.00206529072596142
385,175,295,8.8675,0.00281108631112011
385,175,295,8.875,0.00346796955697547
385,175,295,8.8825,0.00305043527803952
385,175,295,8.89,0.0032881883646521
385,175,295,8.8975,0.00294791330352385
385,175,295,8.905,0.00288627929577591
385,175,295,8.9125,0.00285144308234735
385,175,295,8.92,0.002253568548898
385,175,295,8.9275,0.00191982184781831
385,175,295,8.935,0.00137865076837151
385,175,295,8.9425,0.00166428460375663
385,175,295,8.95,0.000752687236641041
385,175,295,8.9575,0.000948731006463709
385,175,295,8.965,0.000563234631560266
385,175,295,8.9725,0.00135793282332332
385,175,295,8.98,0.00164168359216928
385,175,295,8.9875,0.0024342835263558
385,175,295,8.995,0.002084940331358
385,175,295,9.0025,0.00275687521638372
385,175,295,9.01,0.00242738293908116
385,175,295,9.0175,0.00301201949273902
385,175,295,9.025,0.00242573479324539
385,175,295,9.0325,0.0026873986738313
385,175,295,9.04,0.00252138196626716
385,175,295,9.0475,0.00217446514657577
385,175,295,9.055,0.00207488233563805
385,175,295,9.0625,0.00222670291461521
385,175,295,9.07,0.00153246975860035
385,175,295,9.0775,0.00100434737543515
385,175,295,9.085,0.00165622648439198
385,175,295,9.0925,0.0015626440207533
385,175,295,9.1,0.001948719837897
385,175,295,9.1075,0.00184291200839245
385,175,295,9.115,0.00196533433501015
385,175,295,9.1225,0.00291736375143182
385,175,295,9.13,0.00248245917391613
385,175,295,9.1375,0.00320273156264388
385,175,295,9.145,0.00329947223886073
385,175,295,9.1525,0.00258798784704212
385,175,295,9.16,0.00269617618731161
385,175,295,9.1675,0.00262936870439768
385,175,295,9.175,0.0024202861604028
385,175,295,9.1825,0.00180625743634337
385,175,295,9.19,0.00180189087365085
385,175,295,9.1975,0.00159045977453877
385,175,295,9.205,0.00168386780942492
385,175,295,9.2125,0.00170818773974552
385,175,295,9.22,0.0020397645411307
385,175,295,9.2275,0.0020594752904499
385,175,295,9.235,0.00228318806613351
385,175,295,9.2425,0.00286783089473999
385,175,295,9.25,0.00317309205482165
385,175,295,9.2575,0.00312109197486025
385,175,295,9.265,0.00305509251123377
385,175,295,9.2725,0.00236091640010873
385,175,295,9.28,0.00296323634627896
385,175,295,9.2875,0.00281386761378989
385,175,295,9.295,0.00275471356018865
385,175,295,9.3025,0.00231133375151515
385,175,295,9.31,0.00258087124158218
385,175,295,9.3175,0.00197122681100467
385,175,295,9.325,0.00141878010307731
385,175,295,9.3325,0.00142318789684788
385,175,295,9.34,0.00156446226504438
385,175,295,9.3475,0.000981517661947907
385,175,295,9.355,0.00155302310399642
385,175,295,9.3625,0.00138446008023917
385,175,295,9.37,0.00148484483158155
385,175,295,9.3775,0.00207995478308456
385,175,295,9.385,0.00188848899541078
385,175,295,9.3925,0.00175191835512077
385,175,295,9.4,0.00213571554621154
385,175,295,9.4075,0.00210765322441868
385,175,295,9.415,0.00175414675592117
385,175,295,9.4225,0.00160269839506239
385,175,295,9.43,0.00182786152730606
385,175,295,9.4375,0.00113299940139336
385,175,295,9.445,0.00176333655242616
385,175,295,9.4525,0.00114387002798819
385,175,295,9.46,0.00114485565115152
385,175,295,9.4675,0.00128558474615839
385,175,295,9.475,0.00122773168510418
385,175,295,9.4825,0.00186091262830553
385,175,295,9.49,0.00196148295562841
385,175,295,9.4975,0.00226516264557858
385,175,295,9.505,0.00266664981364113
385,175,295,9.5125,0.00241042930644066
385,175,295,9.52,0.00268686792593289
385,175,295,9.5275,0.0027518945227877
385,175,295,9.535,0.00276510594410383
385,175,295,9.5425,0.0025354374424235
385,175,295,9.55,0.00220849053129591
385,175,295,9.5575,0.00207082625549456
385,175,295,9.565,0.00200210236582689
385,175,295,9.5725,0.00213889222595944
385,175,295,9.58,0.00157834325547801
385,175,295,9.5875,0.0015477679415486
385,175,295,9.595,0.00153968482853108
385,175,295,9.6025,0.00141640045196099
385,175,295,9.61,0.0021730038048061
385,175,295,9.6175,0.00221768757337321
385,175,295,9.625,0.0025940308132237
385,175,295,9.6325,0.00263833448985132
385,175,295,9.64,0.00267517490009469
385,175,295,9.6475,0.00247954973665687
385,175,295,9.655,0.00218516509645572
385,175,295,9.6625,0.00224465765529565
385,175,295,9.67,0.00243216030780852
385,175,295,9.6775,0.00198248691381356
385,175,295,9.685,0.00186052206035562
385,175,295,9.6925,0.00138163062126919
385,175,295,9.7,0.00104409623515509
385,175,295,9.7075,0.00113583091745985
385,175,295,9.715,0.000665219485392662
385,175,295,9.7225,0.0014271246581738
385,175,295,9.73,0.00152459176105382
385,175,295,9.7375,0.00164700590098267
385,175,295,9.745,0.00192860870103394
385,175,295,9.7525,0.00280209200429355
385,175,295,9.76,0.00261440351423121
385,175,295,9.7675,0.00293645631580713
385,175,295,9.775,0.00260360390724494
385,175,295,9.7825,0.00315077299124062
385,175,295,9.79,0.00279598562481582
385,175,295,9.7975,0.00287121319196545
385,175,295,9.805,0.00257662379819675
385,175,295,9.8125,0.00237187224109475
385,175,295,9.82,0.00167266384848253
385,175,295,9.8275,0.00140966375210263
385,175,295,9.835,0.00173584972547756
385,175,295,9.8425,0.00131884939927838
385,175,295,9.85,0.00164870537276987
385,175,295,9.8575,0.00131282342133448
385,175,295,9.865,0.00197627027016917
385,175,295,9.8725,0.00207352183714208
385,175,295,9.88,0.00176302959167546
385,175,295,9.8875,0.0021717536538922
385,175,295,9.895,0.00226558666624322
385,175,295,9.9025,0.00243233193187751
385,175,295,9.91,0.00198451124230708
385,175,295,9.9175,0.00186009213346897
385,175,295,9.925,0.00179547780738617
385,175,295,9.9325,0.00160362649521435
385,175,295,9.94,0.00168082533731228
385,175,295,9.9475,0.00147241756249718
385,175,295,9.955,0.00153265967478303
385,175,295,9.9625,0.00163646954338382
385,175,295,9.97,0.00184068152020475
385,175,295,9.9775,0.00234517389614867
385,175,295,9.985,0.0019033166340014
385,175,295,9.9925,0.00263797285777198
385,175,295,10,0.00318470216194932
385,175,295,10.0075,0.00329624061407281
385,175,295,10.015,0.00278288796518194
385,175,295,10.0225,0.00387129970690848
385,175,295,10.03,0.00290654035756543
385,175,295,10.0375,0.0031984101786833
385,175,295,10.045,0.00323399294961029
385,175,295,10.0525,0.00261623016315999
385,175,295,10.06,0.00266347944708803
385,175,295,10.0675,0.00240180957018268
385,175,295,10.075,0.00148401597247156
385,175,295,10.0825,0.00157349992644771
385,175,295,10.09,0.00115301023412354
385,175,295,10.0975,0.00117177336846012
385,175,295,10.105,0.000874957170482908
385,175,295,10.1125,0.00106230625172804
385,175,295,10.12,0.00105632046078413
385,175,295,10.1275,0.00166613633024572
385,175,295,10.135,0.0019667665460844
385,175,295,10.1425,0.00223319920663501
385,175,295,10.15,0.00181737455249826
385,175,295,10.1575,0.00177448005756196
385,175,295,10.165,0.0017705500293422
385,175,295,10.1725,0.00146036896330278
385,175,295,10.18,0.00174825485732092
385,175,295,10.1875,0.00179556224299976
385,175,295,10.195,0.00146914542866783
385,175,295,10.2025,0.000999251128932303
385,175,295,10.21,0.00153322965494154
385,175,295,10.2175,0.00098219066982208
385,175,295,10.225,0.000915995442262824
385,175,295,10.2325,0.00153571118928839
385,175,295,10.24,0.00166195575201309
385,175,295,10.2475,0.00177818507903793
385,175,295,10.255,0.00202397248003818
385,175,295,10.2625,0.00231134607416102
385,175,295,10.27,0.00228244126311466
385,175,295,10.2775,0.00187255164723892
385,175,295,10.285,0.00240742548551741
385,175,295,10.2925,0.00226702968669979
385,175,295,10.3,0.0020308111621596
385,175,295,10.3075,0.00200491019654165
385,175,295,10.315,0.0016959786031467
385,175,295,10.3225,0.00158246976500881
385,175,295,10.33,0.00119750974906995
385,175,295,10.3375,0.00105189808335981
385,175,295,10.345,0.00111798567858808
385,175,295,10.3525,0.00152734984538379
385,175,295,10.36,0.000888345880323909
385,175,295,10.3675,0.00117415266371293
385,175,295,10.375,0.00169002295448243
385,175,295,10.3825,0.00103713069935242
385,175,295,10.39,0.001819873234919
385,175,295,10.3975,0.00173341584828206
385,175,295,10.405,0.00157492895287977
385,175,295,10.4125,0.00196266992696036
385,175,295,10.42,0.00204438859759197
385,175,295,10.4275,0.00162227385706933
385,175,295,10.435,0.00101134180195072
385,175,295,10.4425,0.00191184114761666
385,175,295,10.45,0.00117045266787805
385,175,295,10.4575,0.00130837131243402
385,175,295,10.465,0.00100609873969883
385,175,295,10.4725,0.000951543310745018
385,175,295,10.48,0.000968281865407268
385,175,295,10.4875,0.00165597485507935
385,175,295,10.495,0.0015387479260191
385,175,295,10.5025,0.00180534684278574
385,175,295,10.51,0.00206215306936509
385,175,295,10.5175,0.00194220839985178
385,175,295,10.525,0.00158513637055393
385,175,295,10.5325,0.00162290961206789
385,175,295,10.54,0.00202793384954566
385,175,295,10.5475,0.00119195754587866
385,175,295,10.555,0.00168674912439272
385,175,295,10.5625,0.00142633325058917
385,175,295,10.57,0.00126879833187242
385,175,295,10.5775,0.000940563586048013
385,175,295,10.585,0.000490710130775846
385,175,295,10.5925,0.000263881914551168
385,175,295,10.6,0.000411697724839903
385,175,295,10.6075,0.000487833994049538
385,175,295,10.615,0.000479242157444398
385,175,295,10.6225,0.00082981510704726
385,175,295,10.63,0.000670297107984701
385,175,295,10.6375,0.000642839495406014
385,175,295,10.645,0.000985023143249531
385,175,295,10.6525,0.00150512762992789
385,175,295,10.66,0.00118649027627689
385,175,295,10.6675,0.00174845159237828
385,175,295,10.675,0.0014342329953975
385,175,295,10.6825,0.00193398675573534
385,175,295,10.69,0.0019220025982272
385,175,295,10.6975,0.00142001510971608
385,175,295,10.705,0.00117515499183685
385,175,295,10.7125,0.00152014342903487
385,175,295,10.72,0.00132252630905995
385,175,295,10.7275,0.00182358272143172
385,175,295,10.735,0.00151325186369192
385,175,295,10.7425,0.00150030516363752
385,175,295,10.75,0.00186491925795782
385,175,295,10.7575,0.00170551319665791
385,175,295,10.765,0.00208557719220848
385,175,295,10.7725,0.0021798594109451
385,175,295,10.78,0.00144282749518837
385,175,295,10.7875,0.00158146495229211
385,175,295,10.795,0.00152102439659629
385,175,295,10.8025,0.00153065147616823
385,175,295,10.81,0.0016839098716454
385,175,295,10.8175,0.00166020408668317
385,175,295,10.825,0.00131131887589378
385,175,295,10.8325,0.00105415539936011
385,175,295,10.84,0.000496945936437243
385,175,295,10.8475,0.000819566611767092
385,175,295,10.855,0.000302243245428158
385,175,295,10.8625,0.000449263643360904
385,175,295,10.87,0.000693734124510966
385,175,295,10.8775,0.00111755474687091
385,175,295,10.885,0.000847410756766529
385,175,295,10.8925,0.00131173292281987
385,175,295,10.9,0.00126384088272482
385,175,295,10.9075,0.00151450832500271
385,175,295,10.915,0.00107467646969142
385,175,295,10.9225,0.000684001517450015
385,175,295,10.93,0.000953438775431762
385,175,295,10.9375,0.00116464282343843
385,175,295,10.945,0.00111955341744459
385,175,295,10.9525,0.00107781219605433
385,175,295,10.96,0.000776771809647357
385,175,295,10.9675,0.000708875515892044
385,175,295,10.975,0.000724273611440868
385,175,295,10.9825,0.000340126596108238
385,175,295,10.99,0.000930489668304017
385,175,295,10.9975,0.0010981206433593
385,175,295,11.005,0.00110490900137392
385,175,295,11.0125,0.00150900700644409
385,175,295,11.02,0.001481789818424
385,175,295,11.0275,0.000897544683596813
385,175,295,11.035,0.0016801645495788
385,175,295,11.0425,0.00150967632720404
385,175,295,11.05,0.0018386542309998
385,175,295,11.0575,0.00157134071746624
385,175,295,11.065,0.0016965918510283
385,175,295,11.0725,0.000843154992465844
385,175,295,11.08,0.000988772821769243
385,175,295,11.0875,0.00120663242171191
385,175,295,11.095,0.0012255875708834
385,175,295,11.1025,0.00104283262508217
385,175,295,11.11,0.000507744911792594
385,175,295,11.1175,0.000505396713223164
385,175,295,11.125,0.0009144166548913
385,175,295,11.1325,0.00127543134888486
385,175,295,11.14,0.00110970503163479
385,175,295,11.1475,0.00123224144492778
385,175,295,11.155,0.00131189271637939
385,175,295,11.1625,0.0012595051768655
385,175,295,11.17,0.00147524792690565
385,175,295,11.1775,0.00160984731144754
385,175,295,11.185,0.0016481806834154
385,175,295,11.1925,0.00138968633928534
385,175,295,11.2,0.00144636271189018
385,175,295,11.2075,0.000805647400259223
385,175,295,11.215,0.00135784072073126
385,175,295,11.2225,0.00131584044893542
385,175,295,11.23,0.00121990606033356
385,175,295,11.2375,0.00115257334610857
385,175,295,11.245,0.00189700211119768
385,175,295,11.2525,0.00132209237986047
385,175,295,11.26,0.00115580119786286
385,175,295,11.2675,0.00158184491988491
385,175,295,11.275,0.00128076358333722
385,175,295,11.2825,0.00147220571830328
385,175,295,11.29,0.0010709285958359
385,175,295,11.2975,0.00144975612906542
385,175,295,11.305,0.00116780983048189
385,175,295,11.3125,0.000729805363989599
385,175,295,11.32,0.000728139025835135
385,175,295,11.3275,0.000670357072591555
385,175,295,11.335,0.000295253567400466
385,175,295,11.3425,0.000490966725254824
385,175,295,11.35,0.000818807546120732
385,175,295,11.3575,0.000834204679099632
385,175,295,11.365,0.00100744896544669
385,175,295,11.3725,0.00148983543036272
385,175,295,11.38,0.00166997218699975
385,175,295,11.3875,0.00126744864076424
385,175,295,11.395,0.00185426290794107
385,175,295,11.4025,0.00182940732813568
385,175,295,11.41,0.00187704534518775
385,175,295,11.4175,0.00211275222325753
385,175,295,11.425,0.00167329862492109
385,175,295,11.4325,0.00143373555187696
385,175,295,11.44,0.00163927998204276
385,175,295,11.4475,0.0015834386369427
385,175,295,11.455,0.00115880972352216
385,175,295,11.4625,0.00115551899176515
385,175,295,11.47,0.00080010086072706
385,175,295,11.4775,0.00103789542421921
385,175,295,11.485,0.00108080787082737
385,175,295,11.4925,0.000829744052434823
385,175,295,11.5,0.000828911728092326
385,175,295,11.5075,0.00142224386736064
385,175,295,11.515,0.0012646683770697
385,175,295,11.5225,0.00139121987597205
385,175,295,11.53,0.00158775232664635
385,175,295,11.5375,0.00151308234804544
385,175,295,11.545,0.00183795781961203
385,175,295,11.5525,0.00181193380787262
385,175,295,11.56,0.00155188800417319
385,175,295,11.5675,0.00176906317585093
385,175,295,11.575,0.00146590993188817
385,175,295,11.5825,0.00111580170673021
385,175,295,11.59,0.00111593153785021
385,175,295,11.5975,0.00145030523591014
385,175,295,11.605,0.0014267901302655
385,175,295,11.6125,0.00119248827276381
385,175,295,11.62,0.00139072448258498
385,175,295,11.6275,0.00164168957131847
385,175,295,11.635,0.00120532809167598
385,175,295,11.6425,0.0013870943727989
385,175,295,11.65,0.00151773543783078
385,175,295,11.6575,0.00152277081128155
385,175,295,11.665,0.00194559688836041
385,175,295,11.6725,0.00161186977294073
385,175,295,11.68,0.00154002367350462
385,175,295,11.6875,0.00115432008809312
385,175,295,11.695,0.00129938327837437
385,175,295,11.7025,0.000968519181919834
385,175,295,11.71,0.000967100158347446
385,175,295,11.7175,0.000933884876641422
385,175,295,11.725,0.000650400078284846
385,175,295,11.7325,0.000740474649647737
385,175,295,11.74,0.00047783657010651
385,175,295,11.7475,0.000902246028632822
385,175,295,11.755,0.000653644292309349
385,175,295,11.7625,0.000728796237675759
385,175,295,11.77,0.00120904477371959
385,175,295,11.7775,0.00112465061851309
385,175,295,11.785,0.00160876438961827
385,175,295,11.7925,0.00144495522036917
385,175,295,11.8,0.00140206912113539
385,175,295,11.8075,0.0013998395886982
385,175,295,11.815,0.000932395282877685
385,175,295,11.8225,0.00126661916516488
385,175,295,11.83,0.00136949189782049
385,175,295,11.8375,0.00107986470441834
385,175,295,11.845,0.0010251152463866
385,175,295,11.8525,0.00107671340391048
385,175,295,11.86,0.000839440421127814
385,175,295,11.8675,0.000925283683530315
385,175,295,11.875,0.00149502650067563
385,175,295,11.8825,0.00187172530411618
385,175,295,11.89,0.00187033326032878
385,175,295,11.8975,0.00199657132387196
385,175,295,11.905,0.00208189453241828
385,175,295,11.9125,0.00164020846984174
385,175,295,11.92,0.00200442001073987
385,175,295,11.9275,0.00202569089787955
385,175,295,11.935,0.00247227636319778
385,175,295,11.9425,0.00174813912376418
385,175,295,11.95,0.00143030186769777
385,175,295,11.9575,0.00152220799159175
385,175,295,11.965,0.00177168774960094
385,175,295,11.9725,0.0013235578936997
385,175,295,11.98,0.00105584370049137
385,175,295,11.9875,0.000498285449922975
385,175,295,11.995,0.000262492571696776
385,175,295,12.0025,0.00117814707484255
385,175,295,12.01,0.000775025383925295
385,175,295,12.0175,0.000488251087455621
385,175,295,12.025,0.00120865769686224
385,175,295,12.0325,0.00106980735764422
385,175,295,12.04,0.00122743650745295
385,175,295,12.0475,0.0016121191326774
385,175,295,12.055,0.00135981463021278
385,175,295,12.0625,0.000738286513580337
385,175,295,12.07,0.00116643060880623
385,175,295,12.0775,0.00105830389350874
385,175,295,12.085,0.000770508766779596
385,175,295,12.0925,0.000907584557537735
385,175,295,12.1,0.00106994834101145
385,175,295,12.1075,0.00097027950726217
385,175,295,12.115,0.00111052425492162
385,175,295,12.1225,0.000875874138995924
385,175,295,12.13,0.00112921006848509
385,175,295,12.1375,0.00106278585084838
385,175,295,12.145,0.00153666672499719
385,175,295,12.1525,0.00166904552458612
385,175,295,12.16,0.00137968681964662
385,175,295,12.1675,0.0013984358845281
385,175,295,12.175,0.00125975236409431
385,175,295,12.1825,0.0010694383547004
385,175,295,12.19,0.00102488402242673
385,175,295,12.1975,0.000940944047233477
385,175,295,12.205,0.000625222919438226
385,175,295,12.2125,0.000251892435806919
385,175,295,12.22,0.000205156200031262
385,175,295,12.2275,0.00071087210696777
385,175,295,12.235,0.000826696661898257
385,175,295,12.2425,0.000663474296689897
385,175,295,12.25,0.000572559106371462
385,175,295,12.2575,0.000972968973369947
385,175,295,12.265,0.00115593885814735
385,175,295,12.2725,0.00111192561882385
385,175,295,12.28,0.00170288683809687
385,175,295,12.2875,0.00198896030177508
385,175,295,12.295,0.00172162056731478
385,175,295,12.3025,0.00144730842439606
385,175,295,12.31,0.00191076720235163
385,175,295,12.3175,0.00224178988211847
385,175,295,12.325,0.0018427687542848
385,175,295,12.3325,0.00204434342130222
385,175,295,12.34,0.00177155616755788
385,175,295,12.3475,0.00165112005664081
385,175,295,12.355,0.00137687832352863
385,175,295,12.3625,0.00148242348099514
385,175,295,12.37,0.00153389926827545
385,175,295,12.3775,0.00150301373936618
385,175,295,12.385,0.00131469448520446
385,175,295,12.3925,0.00132890970211747
385,175,295,12.4,0.00126859936305585
385,175,295,12.4075,0.00141324686336541
385,175,295,12.415,0.00124742221741028
385,175,295,12.4225,0.00121069700719963
385,175,295,12.43,0.00166467366325121
385,175,295,12.4375,0.00185572577510593
385,175,295,12.445,0.00132193477739444
385,175,295,12.4525,0.00134319352442856
385,175,295,12.46,0.00054184928038725
385,175,295,12.4675,0.000841699224701869
385,175,295,12.475,0.000416976691495944
385,175,295,12.4825,0.000617892221136346
385,175,295,12.49,9.80157381830522e-05
385,175,295,12.4975,0.000176351142880957
385,175,295,12.505,0.000542010595934025
385,175,295,12.5125,0.000711754941457488
385,175,295,12.52,0.000512123684045178
385,175,295,12.5275,0.0011375348629937
385,175,295,12.535,0.00132884522667213
385,175,295,12.5425,0.00106315499632882
385,175,295,12.55,0.0012106880531297
385,175,295,12.5575,0.00112143778584086
385,175,295,12.565,0.00126507772090411
385,175,295,12.5725,0.000723655077831071
385,175,295,12.58,0.000725852947686672
385,175,295,12.5875,0.000906343155651853
385,175,295,12.595,0.000769485427775166
385,175,295,12.6025,0.00151140675925783
385,175,295,12.61,0.00103215353171703
385,175,295,12.6175,0.000722625162970919
385,175,295,12.625,0.000989733995567391
385,175,295,12.6325,0.00141678698925959
385,175,295,12.64,0.00113297155009282
385,175,295,12.6475,0.0014241895059961
385,175,295,12.655,0.001139458754516
385,175,295,12.6625,0.00134608172581539
385,175,295,12.67,0.00162678023599424
385,175,295,12.6775,0.0018812691899803
385,175,295,12.685,0.001424210603157
385,175,295,12.6925,0.00160878601765103
385,175,295,12.7,0.00141199839750177
385,175,295,12.7075,0.000868525944898861
385,175,295,12.715,0.00132722116330347
385,175,295,12.7225,0.00104376617600216
385,175,295,12.73,0.000170632358461316
385,175,295,12.7375,0.000487861880699651
385,175,295,12.745,0.000155981564099324
385,175,295,12.7525,0.000205263966348522
385,175,295,12.76,0.000588593738500235
385,175,295,12.7675,0.000417507567856309
385,175,295,12.775,0.000820743581220462
385,175,295,12.7825,0.00081130208464526
385,175,295,12.79,0.00110204220459555
385,175,295,12.7975,0.00108726312255255
385,175,295,12.805,0.000994264050699796
385,175,295,12.8125,0.00145644403204347
385,175,295,12.82,0.00138165472149894
385,175,295,12.8275,0.000980513512827252
385,175,295,12.835,0.00105648651174175
385,175,295,12.8425,0.00100973715643539
385,175,295,12.85,0.000707481667139806
385,175,295,12.8575,0.000550418941429967
385,175,295,12.865,0.000363559056464977
385,175,295,12.8725,0.000261581069004019
385,175,295,12.88,0.000754153716327964
385,175,295,12.8875,0.000326842981588396
385,175,295,12.895,0.000381490813136784
385,175,295,12.9025,0.00075214297074856
385,175,295,12.91,0.000462437008988073
385,175,295,12.9175,0.000825782226637489
385,175,295,12.925,0.000548991223290072
385,175,295,12.9325,0.000638500435424116
385,175,295,12.94,0.000807869901622862
385,175,295,12.9475,0.000493901017599747
385,175,295,12.955,0.000363296554099392
385,175,295,12.9625,0.000591238681758669
385,175,295,12.97,0.000472532710973736
385,175,295,12.9775,0.000364376857273921
385,175,295,12.985,0.000272098166251857
385,175,295,12.9925,0.000489661184762362
385,175,295,13,0.00114026150680903
385,175,295,13.0075,0.0009439429291852
385,175,295,13.015,0.00131841165369742
385,175,295,13.0225,0.00143546966116421
385,175,295,13.03,0.001719062296845
385,175,295,13.0375,0.00156835382103372
385,175,295,13.045,0.00142041498742495
385,175,295,13.0525,0.00116993587962787
385,175,295,13.06,0.00168822043184398
385,175,295,13.0675,0.00100902583993625
385,175,295,13.075,0.0017399350998743
385,175,295,13.0825,0.00148088544412247
385,175,295,13.09,0.000976370062407457
385,175,295,13.0975,0.000912296356123198
385,175,295,13.105,0.00108831882876248
385,175,295,13.1125,0.000721425335374327
385,175,295,13.12,0.000670701943574553
385,175,295,13.1275,0.000530886255281564
385,175,295,13.135,0.000390682557686105
385,175,295,13.1425,0.000572311809323372
385,175,295,13.15,0.000489342099863142
385,175,295,13.1575,0.000795203631665022
385,175,295,13.165,0.00106821769463677
385,175,295,13.1725,0.000969592628883029
385,175,295,13.18,0.00115719768531802
385,175,295,13.1875,0.00104541409648983
385,175,295,13.195,0.000906320206096652
385,175,295,13.2025,0.000742673922680925
385,175,295,13.21,0.000155282614837626
385,175,295,13.2175,0.000427436820523701
385,175,295,13.225,0.00045911099572332
385,175,295,13.2325,0.00091985261224713
385,175,295,13.24,0.000292700995537422
385,175,295,13.2475,0.000378122135544695
385,175,295,13.255,0.000658944817712366
385,175,295,13.2625,0.000468205350887509
385,175,295,13.27,0.000712927025382084
385,175,295,13.2775,0.000642310757197873
385,175,295,13.285,0.00117223035042528
385,175,295,13.2925,0.00124125342976407
385,175,295,13.3,0.000978893667421421
385,175,295,13.3075,0.00138446134818523
385,175,295,13.315,0.00115727703760591
385,175,295,13.3225,0.000948063251618137
385,175,295,13.33,0.000660631033753187
385,175,295,13.3375,0.000689797374908925
385,175,295,13.345,0.000646171656391172
385,175,295,13.3525,0.000628259954926266
385,175,295,13.36,0.00061009020011998
385,175,295,13.3675,0.000698391603373523
385,175,295,13.375,0.000544261071206981
385,175,295,13.3825,0.000525755104393704
385,175,295,13.39,0.0010509956050274
385,175,295,13.3975,0.000839336362583138
385,175,295,13.405,0.000882842606098303
385,175,295,13.4125,0.00159955527415188
385,175,295,13.42,0.00117817385851507
385,175,295,13.4275,0.00127999647534648
385,175,295,13.435,0.00137940051982242
385,175,295,13.4425,0.00146642142171231
385,175,295,13.45,0.000900671429761177
385,175,295,13.4575,0.000792725972039728
385,175,295,13.465,0.000633536758718843
385,175,295,13.4725,0.00045874640292224
385,175,295,13.48,0.00031385287275994
385,175,295,13.4875,0.000445843251157423
385,175,295,13.495,0.00053434016637639
385,175,295,13.5025,0.00115532569583292
385,175,295,13.51,0.00130381599005767
385,175,295,13.5175,0.00117284315933993
385,175,295,13.525,0.00128470364143287
385,175,295,13.5325,0.00145542173829574
385,175,295,13.54,0.00114384414141984
385,175,295,13.5475,0.00114559629069027
385,175,295,13.555,0.0010714844644173
385,175,295,13.5625,0.00121879114847542
385,175,295,13.57,0.00172347813886879
385,175,295,13.5775,0.00118733629735546
385,175,295,13.585,0.00133401820731819
385,175,295,13.5925,0.00121192281724375
385,175,295,13.6,0.000969225589412216
385,175,295,13.6075,0.000131506783584206
385,175,295,13.615,0.000324716730782539
385,175,295,13.6225,0.000447258049610634
385,175,295,13.63,0.000433995137703997
385,175,295,13.6375,0.000883585385068498
385,175,295,13.645,0.000666981782442596
385,175,295,13.6525,0.000691246380961276
385,175,295,13.66,0.00123846404519931
385,175,295,13.6675,0.00101899067263417
385,175,295,13.675,0.00111027414104164
385,175,295,13.6825,0.00138582289283551
385,175,295,13.69,0.00122512914012918
385,175,295,13.6975,0.00138025524956737
385,175,295,13.705,0.00101093030713289
385,175,295,13.7125,0.0010900953998938
385,175,295,13.72,0.000875597929161404
385,175,295,13.7275,0.000695179629919265
385,175,295,13.735,0.000304704533991626
385,175,295,13.7425,0.000557930121005218
385,175,295,13.75,0.000885029603187113
385,175,295,13.7575,0.00134716886963764
385,175,295,13.765,0.000843276953303311
385,175,295,13.7725,0.00135534190338977
385,175,295,13.78,0.0008742782251091
385,175,295,13.7875,0.00127871081824747
385,175,295,13.795,0.00132878997395053
385,175,295,13.8025,0.00173649089659869
385,175,295,13.81,0.00134969966164995
385,175,295,13.8175,0.000967234098222588
385,175,295,13.825,0.000757559496676854
385,175,295,13.8325,0.00138636432280373
385,175,295,13.84,0.000740401047369718
385,175,295,13.8475,0.000753426442314279
385,175,295,13.855,0.000667633443564916
385,175,295,13.8625,0.000451048495235667
385,175,295,13.87,0.000768291083509761
385,175,295,13.8775,0.000389386129987484
385,175,295,13.885,0.000788809809759318
385,175,295,13.8925,0.000826122459256468
385,175,295,13.9,0.000882532323831424
385,175,295,13.9075,0.000742067163062898
385,175,295,13.915,0.00104639870301121
385,175,295,13.9225,0.00109754237920199
385,175,295,13.93,0.00109753770050606
385,175,295,13.9375,0.00155998347410471
385,175,295,13.945,0.00171266457304105
385,175,295,13.9525,0.0012673163942368
385,175,295,13.96,0.00139603893238089
385,175,295,13.9675,0.00126404611934797
385,175,295,13.975,0.000839015743590492
385,175,295,13.9825,0.00120561370323777
385,175,295,13.99,0.00119146274997969
385,175,295,13.9975,0.000630004200299395
385,175,295,14.005,0.000676234926273517
385,175,295,14.0125,0.00112816329295518
385,175,295,14.02,0.000807344806599976
385,175,295,14.0275,0.000888997584502486
385,175,295,14.035,0.000827836840278514
385,175,295,14.0425,0.00104188711727207
385,175,295,14.05,0.00129702910224213
385,175,295,14.0575,0.000742276178140172
385,175,295,14.065,0.000802870145054221
385,175,295,14.0725,0.000796776992440435
385,175,295,14.08,0.000690452339031779
385,175,295,14.0875,0.000517654342742451
385,175,295,14.095,0.000603555398576816
385,175,295,14.1025,0.000614309862530415
385,175,295,14.11,0.000102563868890207
385,175,295,14.1175,0.000440103915863364
385,175,295,14.125,0.000915832146995365
385,175,295,14.1325,0.000183309249609792
385,175,295,14.14,0.000298503639242874
385,175,295,14.1475,0.00079755024918986
385,175,295,14.155,0.000821795973769577
385,175,295,14.1625,0.00082137356428464
385,175,295,14.17,0.00132913417357279
385,175,295,14.1775,0.0012720503791716
385,175,295,14.185,0.00127791752232546
385,175,295,14.1925,0.000943855664247036
385,175,295,14.2,0.00122464963482607
385,175,295,14.2075,0.00110614266913855
385,175,295,14.215,0.00104025582696141
385,175,295,14.2225,0.000775237960514026
385,175,295,14.23,0.000924406714448804
385,175,295,14.2375,0.000617005356622825
385,175,295,14.245,0.000560887260145245
385,175,295,14.2525,0.000734149845781064
385,175,295,14.26,0.000733062772178774
385,175,295,14.2675,0.0012635934060118
385,175,295,14.275,0.00149070753463951
385,175,295,14.2825,0.00092224166037039
385,175,295,14.29,0.00140544118022678
385,175,295,14.2975,0.000813529195709517
385,175,295,14.305,0.00094804015821556
385,175,295,14.3125,0.000968581410987216
385,175,295,14.32,0.000982444622852635
385,175,295,14.3275,0.000979406054221746
385,175,295,14.335,0.000837129519728246
385,175,295,14.3425,0.000747189948228748
385,175,295,14.35,0.000247266981524022
385,175,295,14.3575,0.000700811934665297
385,175,295,14.365,0.000428014534762523
385,175,295,14.3725,0.000541162287470235
385,175,295,14.38,0.000144772001267175
385,175,295,14.3875,0.000810680018066394
385,175,295,14.395,6.35982181614791e-05
385,175,295,14.4025,0.000771415226334532
385,175,295,14.41,0.000460832833634262
385,175,295,14.4175,0.000790636495315188
385,175,295,14.425,0.00118703636280276
385,175,295,14.4325,0.000589968201202916
385,175,295,14.44,0.00088743190284852
385,175,295,14.4475,0.00110193959357012
385,175,295,14.455,0.00103565396859878
385,175,295,14.4625,0.000937955148606686
385,175,295,14.47,0.00112903017771545
385,175,295,14.4775,0.00073162895033473
385,175,295,14.485,0.000727105470556676
385,175,295,14.4925,0.000932421089441725
385,175,295,14.5,0.000498709718084399
385,175,295,14.5075,0.000590862263936964
385,175,295,14.515,0.000104079099527663
385,175,295,14.5225,0.000816452606654771
385,175,295,14.53,0.000568586298306305
385,175,295,14.5375,0.000478015990660155
385,175,295,14.545,0.000866167218672806
385,175,295,14.5525,0.000241035898846591
385,175,295,14.56,0.000416386954920364
385,175,295,14.5675,0.000305706470453395
385,175,295,14.575,0.000346003167730471
385,175,295,14.5825,0.000838659815671573
385,175,295,14.59,0.000467872225100143
385,175,295,14.5975,0.000758917270043091
385,175,295,14.605,0.00051902513169389
385,175,295,14.6125,0.000264402777480339
385,175,295,14.62,0.000162036963792794
385,175,295,14.6275,0.000582187120705517
385,175,295,14.635,0.000554165684337474
385,175,295,14.6425,0.000185314593963284
385,175,295,14.65,0.000436080352339094
385,175,295,14.6575,0.000617851940905674
385,175,295,14.665,0.00110357797809277
385,175,295,14.6725,0.000732023466919305
385,175,295,14.68,0.000538160166906099
385,175,295,14.6875,0.000599244183229847
385,175,295,14.695,0.0009382982999793
385,175,295,14.7025,0.000637279452939089
385,175,295,14.71,0.000790553241873606
385,175,295,14.7175,0.00107602077804344
385,175,295,14.725,0.000983429567510048
385,175,295,14.7325,0.000735382221104891
385,175,295,14.74,0.000723205278961355
385,175,295,14.7475,0.000641691018376604
385,175,295,14.755,0.000737181211263593
385,175,295,14.7625,0.000466398572818123
385,175,295,14.77,0.000491122527656685
385,175,295,14.7775,0.000409993349398453
385,175,295,14.785,0.000833845393126991
385,175,295,14.7925,0.000779477749288399
385,175,295,14.8,0.000361531935936021
385,175,295,14.8075,0.000377559464219964
385,175,295,14.815,0.00018288868065
385,175,295,14.8225,0.000422433245711548
385,175,295,14.83,0.000176621440605677
385,175,295,14.8375,0.000287471814804097
385,175,295,14.845,4.99673802861487e-05
385,175,295,14.8525,0.000167759984959035
385,175,295,14.86,0.000129164512829044
385,175,295,14.8675,0.000298417360092257
385,175,295,14.875,0.0001052423959089
385,175,295,14.8825,0.000485716985330722
385,175,295,14.89,0.000531106494934653
385,175,295,14.8975,0.000772310344934511
385,175,295,14.905,0.000312038035043366
385,175,295,14.9125,0.000808538048595446
385,175,295,14.92,0.000790417793258383
385,175,295,14.9275,0.000456464826863805
385,175,295,14.935,0.00110123176028843
385,175,295,14.9425,0.000748727223130097
385,175,295,14.95,0.000636280127517267
385,175,295,14.9575,0.000775539679707951
385,175,295,14.965,0.000606567324040364
385,175,295,14.9725,0.000979225734140104
385,175,295,14.98,0.000594895324727908
385,175,295,14.9875,0.000113281831943871
385,175,295,14.995,0.000583472381862186
385,175,295,15.0025,0.000450919451638061
385,175,295,15.01,0.000473124426296554
385,175,295,15.0175,0.000759151908550648
385,175,295,15.025,0.000466663779744775
385,175,295,15.0325,0.000477432514223477
385,175,295,15.04,0.000766995673685211
385,175,295,15.0475,0.000921541990802857
385,175,295,15.055,0.000719884032193124
385,175,295,15.0625,0.000623301348845604
385,175,295,15.07,0.000436150276429688
385,175,295,15.0775,0.000643783529454684
385,175,295,15.085,0.000219989800568936
385,175,295,15.0925,0.00060189393198167
385,175,295,15.1,0.000394674241360335
385,175,295,15.1075,0.000296773033376161
385,175,295,15.115,0.000347859190250501
385,175,295,15.1225,0.000321022232813642
385,175,295,15.13,0.000412289814041879
385,175,295,15.1375,0.00032156647316676
385,175,295,15.145,0.000562601014135856
385,175,295,15.1525,0.000758241567319692
385,175,295,15.16,0.000677675362784759
385,175,295,15.1675,0.000662395559228552
385,175,295,15.175,0.000695695526572737
385,175,295,15.1825,0.000795004554197516
385,175,295,15.19,0.000587803126038107
385,175,295,15.1975,0.000417687875581927
385,175,295,15.205,0.000766096251527635
385,175,295,15.2125,0.000878678715298517
385,175,295,15.22,0.000620126794641072
385,175,295,15.2275,0.000146836604522634
385,175,295,15.235,0.000702443947210936
385,175,295,15.2425,0.000341114849643251
385,175,295,15.25,0.000186640726592973
385,175,295,15.2575,0.000336516492720117
385,175,295,15.265,0.00028038460433554
385,175,295,15.2725,0.000125930223608147
385,175,295,15.28,0.000830340773298883
385,175,295,15.2875,0.000292146369309757
385,175,295,15.295,0.000467343854702007
385,175,295,15.3025,0.00025533840673954
385,175,295,15.31,0.000488288950963979
385,175,295,15.3175,0.000459555091917638
385,175,295,15.325,0.000203137600459656
385,175,295,15.3325,8.52319135332742e-05
385,175,295,15.34,0.000329472536734585
385,175,295,15.3475,0.000616673567377337
385,175,295,15.355,0.000405167683478755
385,175,295,15.3625,0.000267266664732476
385,175,295,15.37,0.000429359972836945
385,175,295,15.3775,0.000456382724203434
385,175,295,15.385,0.000479849721316454
385,175,295,15.3925,0.000465648117353095
385,175,295,15.4,0.000449313527028768
385,175,295,15.4075,0.000486075605948013
385,175,295,15.415,0.000811033818401008
385,175,295,15.4225,4.81069847114562e-05
385,175,295,15.43,0.000597206932592287
385,175,295,15.4375,0.000362006046559112
385,175,295,15.445,0.00046953282232536
385,175,295,15.4525,0.000982916848507431
385,175,295,15.46,0.00101279788140712
385,175,295,15.4675,0.000252591550813242
385,175,295,15.475,0.00121575104117816
385,175,295,15.4825,0.000361170903025992
385,175,295,15.49,0.000673781429527526
385,175,295,15.4975,0.00021607399816245
385,175,295,15.505,7.4371813240581e-05
385,175,295,15.5125,1.35893321384939e-05
385,175,295,15.52,0.000743022924893826
385,175,295,15.5275,0.000794677396008508
385,175,295,15.535,0.000478445855434708
385,175,295,15.5425,0.000968729343556685
385,175,295,15.55,0.000683860136453321
385,175,295,15.5575,0.000420930266938601
385,175,295,15.565,0.00028337222586737
385,175,295,15.5725,0.000957721895958722
385,175,295,15.58,0.000614168003534651
385,175,295,15.5875,0.00126607218854695
385,175,295,15.595,0.000578064002544268
385,175,295,15.6025,0.000747819413345674
385,175,295,15.61,0.000477513968516731
385,175,295,15.6175,0.000186002536037655
385,175,295,15.625,0.000624493812552626
385,175,295,15.6325,0.000416417634866255
385,175,295,15.64,0.000400509641631774
385,175,295,15.6475,0.000223229181997059
385,175,295,15.655,0.000318182183250775
385,175,295,15.6625,0.000539315913540722
385,175,295,15.67,0.000450199460664733
385,175,295,15.6775,0.000175569554101307
385,175,295,15.685,0.000624481794399828
385,175,295,15.6925,0.000445139419954013
385,175,295,15.7,0.000371780582834015
385,175,295,15.7075,0.000521467372770611
385,175,295,15.715,0.000660767375329902
385,175,295,15.7225,0.000234562661782933
385,175,295,15.73,0.000721431952814029
385,175,295,15.7375,0.000385603941940968
385,175,295,15.745,0.000325477814311988
385,175,295,15.7525,0.000120320166910534
385,175,295,15.76,0.000450840846464767
385,175,295,15.7675,0.000143972480864663
385,175,295,15.775,0.000612809875802729
385,175,295,15.7825,0.000188732750685967
385,175,295,15.79,0.000952687819956395
385,175,295,15.7975,0.000346659629180182
385,175,295,15.805,0.000730043170095992
385,175,295,15.8125,0.000550236315584894
385,175,295,15.82,0.000642534602075156
385,175,295,15.8275,0.000895686786581775
385,175,295,15.835,0.00126626864756678
385,175,295,15.8425,0.000653934303867061
385,175,295,15.85,0.000665018754002587
385,175,295,15.8575,0.000876488214433481
385,175,295,15.865,0.000426829163227611
385,175,295,15.8725,0.000131984277743759
385,175,295,15.88,0.000323634752478078
385,175,295,15.8875,0.000337273613273321
385,175,295,15.895,0.000222821198727803
385,175,295,15.9025,0.000542687447112969
385,175,295,15.91,0.000644848394362504
385,175,295,15.9175,0.000335598050844587
385,175,295,15.925,0.000712474800209109
385,175,295,15.9325,0.000794638593747454
385,175,295,15.94,0.000823928388618803
385,175,295,15.9475,0.000970393239511277
385,175,295,15.955,0.000762383827635996
385,175,295,15.9625,0.000907922495753154
385,175,295,15.97,0.00104928552355848
385,175,295,15.9775,0.000818723309539449
385,175,295,15.985,0.000674553611531953
385,175,295,15.9925,0.000476583117791585
385,175,295,16,0.000872807163870372
