Human_Xpos [cm],Human_Ypos [cm],RX_Ypos [cm],Freq [GHz],"ang_rad(S(RX_ant1_1,TX_antenna)) [rad]"
235,275,315,4,-1.36499732451505
235,275,315,4.0075,-2.41290679282884
235,275,315,4.015,2.87417654774755
235,275,315,4.0225,1.9247702668592
235,275,315,4.03,0.925769354738903
235,275,315,4.0375,0.0117921205420433
235,275,315,4.045,-0.966125497131524
235,275,315,4.0525,-2.03311978356894
235,275,315,4.06,-2.76755521674067
235,275,315,4.0675,2.60017857289612
235,275,315,4.075,1.74049914878363
235,275,315,4.0825,0.807850706122153
235,275,315,4.09,-0.316122490688177
235,275,315,4.0975,-1.20322841621008
235,275,315,4.105,-2.20270399503111
235,275,315,4.1125,2.9668967330533
235,275,315,4.12,2.02615933253397
235,275,315,4.1275,1.06716356708354
235,275,315,4.135,0.231417501318171
235,275,315,4.1425,-0.670566506456135
235,275,315,4.15,-1.60501640885902
235,275,315,4.1575,-2.40954707397843
235,275,315,4.165,2.96245665777997
235,275,315,4.1725,2.29011143139483
235,275,315,4.18,1.50930269425952
235,275,315,4.1875,0.633849452717625
235,275,315,4.195,-0.277700335972765
235,275,315,4.2025,-1.2190730269008
235,275,315,4.21,-2.37358152662083
235,275,315,4.2175,-2.78497226377858
235,275,315,4.225,3.07529199223236
235,275,315,4.2325,2.19250956251702
235,275,315,4.24,1.48510887346001
235,275,315,4.2475,0.400947893430863
235,275,315,4.255,-0.336234022624309
235,275,315,4.2625,-1.33171247709958
235,275,315,4.27,-2.25676292332134
235,275,315,4.2775,2.96510409431704
235,275,315,4.285,1.99800362847267
235,275,315,4.2925,1.04489540143273
235,275,315,4.3,0.176239482024249
235,275,315,4.3075,-0.711453268734368
235,275,315,4.315,-1.64581624528669
235,275,315,4.3225,-2.74899585643765
235,275,315,4.33,2.6014967231387
235,275,315,4.3375,1.59203410055019
235,275,315,4.345,0.525481295478439
235,275,315,4.3525,-0.613939600968394
235,275,315,4.36,-1.68558198357036
235,275,315,4.3675,-2.73841076992487
235,275,315,4.375,2.56415546051935
235,275,315,4.3825,1.4329757562954
235,275,315,4.39,0.478453413724127
235,275,315,4.3975,-0.414565375645958
235,275,315,4.405,-1.39747726945781
235,275,315,4.4125,-2.36706295612731
235,275,315,4.42,3.11466123662854
235,275,315,4.4275,1.8006578156333
235,275,315,4.435,1.15088761788653
235,275,315,4.4425,0.0917118511547033
235,275,315,4.45,0.686371526692632
235,275,315,4.4575,1.03476206830339
235,275,315,4.465,-0.262523019078195
235,275,315,4.4725,-1.3513839332946
235,275,315,4.48,-2.37472571393162
235,275,315,4.4875,3.12500254602021
235,275,315,4.495,2.19744225829692
235,275,315,4.5025,1.27466780072834
235,275,315,4.51,0.0180660514334452
235,275,315,4.5175,-0.8642839175853
235,275,315,4.525,-1.78788411192833
235,275,315,4.5325,-2.80889511104734
235,275,315,4.54,2.43065736289409
235,275,315,4.5475,1.53848396858665
235,275,315,4.555,0.564483391536986
235,275,315,4.5625,-0.377058911524728
235,275,315,4.57,-1.33149761589499
235,275,315,4.5775,-2.40398106560261
235,275,315,4.585,2.94963607015806
235,275,315,4.5925,1.95686416168771
235,275,315,4.6,0.735682266732277
235,275,315,4.6075,-0.219267930000183
235,275,315,4.615,-1.46563929477846
235,275,315,4.6225,-2.33759691477598
235,275,315,4.63,2.8909704385317
235,275,315,4.6375,1.9002014651318
235,275,315,4.645,1.06079176717693
235,275,315,4.6525,0.356191275269558
235,275,315,4.66,0.470578202860812
235,275,315,4.6675,-0.628293013295026
235,275,315,4.675,-1.15886599277619
235,275,315,4.6825,-1.84959742851698
235,275,315,4.69,2.89525973730272
235,275,315,4.6975,2.62142901761446
235,275,315,4.705,2.03672009767337
235,275,315,4.7125,1.11109514980223
235,275,315,4.72,0.525285765379921
235,275,315,4.7275,-0.74640203995269
235,275,315,4.735,-1.42440880141105
235,275,315,4.7425,-2.41343236751702
235,275,315,4.75,2.6687415599176
235,275,315,4.7575,1.7023801433472
235,275,315,4.765,0.718004126867815
235,275,315,4.7725,-0.344800303775305
235,275,315,4.78,-1.12635954397494
235,275,315,4.7875,-1.99369636056319
235,275,315,4.795,-2.89950841832467
235,275,315,4.8025,2.06799303744049
235,275,315,4.81,1.24420395908156
235,275,315,4.8175,0.203258188242019
235,275,315,4.825,-0.761906109386392
235,275,315,4.8325,-1.79038058124969
235,275,315,4.84,-2.84650753420705
235,275,315,4.8475,2.19053197359606
235,275,315,4.855,1.29950322451888
235,275,315,4.8625,0.205869537991237
235,275,315,4.87,-0.730060688168876
235,275,315,4.8775,-1.76824914134631
235,275,315,4.885,-2.79071298922387
235,275,315,4.8925,2.57293383724838
235,275,315,4.9,1.63228582791423
235,275,315,4.9075,0.562423460765575
235,275,315,4.915,-0.337248592016231
235,275,315,4.9225,-0.764049168641792
235,275,315,4.93,-1.87517366828516
235,275,315,4.9375,2.70614149846624
235,275,315,4.945,1.62982186176129
235,275,315,4.9525,-0.0136302999731445
235,275,315,4.96,-2.32787516788906
235,275,315,4.9675,2.62532668898099
235,275,315,4.975,1.61093846232168
235,275,315,4.9825,0.867051452346706
235,275,315,4.99,-0.317203768987833
235,275,315,4.9975,-1.37767853345186
235,275,315,5.005,-2.28875947104565
235,275,315,5.0125,2.86713802727385
235,275,315,5.02,1.81230871598122
235,275,315,5.0275,0.758651165825508
235,275,315,5.035,-0.340448142363755
235,275,315,5.0425,-1.10475407253397
235,275,315,5.05,-2.19021710714054
235,275,315,5.0575,3.07758826878475
235,275,315,5.065,2.30282140210483
235,275,315,5.0725,1.11704371025087
235,275,315,5.08,0.113110705823982
235,275,315,5.0875,-0.95990077053412
235,275,315,5.095,-2.20630947751198
235,275,315,5.1025,-3.11744513316805
235,275,315,5.11,2.14987308800196
235,275,315,5.1175,1.14256146514452
235,275,315,5.125,0.0262436076928511
235,275,315,5.1325,-0.880345905707916
235,275,315,5.14,-1.9226773697578
235,275,315,5.1475,-2.67311428315215
235,275,315,5.155,2.77437645582126
235,275,315,5.1625,1.40614054280675
235,275,315,5.17,0.402935600844893
235,275,315,5.1775,-0.782985612614537
235,275,315,5.185,-1.97342576353562
235,275,315,5.1925,-3.08428593596717
235,275,315,5.2,1.56285655036011
235,275,315,5.2075,0.406698980813226
235,275,315,5.215,-0.549449592830296
235,275,315,5.2225,-2.18049942163022
235,275,315,5.23,3.0176367192749
235,275,315,5.2375,1.87476102382842
235,275,315,5.245,0.778807433455107
235,275,315,5.2525,-0.240148509290662
235,275,315,5.26,-1.30827217076217
235,275,315,5.2675,-2.52821774675129
235,275,315,5.275,2.70354906493522
235,275,315,5.2825,1.78675593893709
235,275,315,5.29,0.862208305147399
235,275,315,5.2975,-0.451560143955894
235,275,315,5.305,-1.22051130798411
235,275,315,5.3125,-2.5077909511403
235,275,315,5.32,2.90641940561727
235,275,315,5.3275,2.13767174505381
235,275,315,5.335,1.04260951004913
235,275,315,5.3425,0.112544380310722
235,275,315,5.35,-0.959082420786819
235,275,315,5.3575,-1.65598806381742
235,275,315,5.365,-2.69723669393457
235,275,315,5.3725,2.59602384299599
235,275,315,5.38,1.5602185183694
235,275,315,5.3875,0.486521680619528
235,275,315,5.395,-0.611152710517989
235,275,315,5.4025,-1.3476948116654
235,275,315,5.41,-2.41804216340872
235,275,315,5.4175,2.8345096151877
235,275,315,5.425,1.61453350124925
235,275,315,5.4325,0.999560199742357
235,275,315,5.44,-0.768666898131509
235,275,315,5.4475,-2.85575767360162
235,275,315,5.455,2.97730130356232
235,275,315,5.4625,1.23502605046929
235,275,315,5.47,-0.292085594820657
235,275,315,5.4775,-1.83769852034549
235,275,315,5.485,2.86659355314056
235,275,315,5.4925,2.07914618008932
235,275,315,5.5,1.05649391720089
235,275,315,5.5075,-0.0755106446347916
235,275,315,5.515,-1.1080611259209
235,275,315,5.5225,-1.9318482129605
235,275,315,5.53,-2.31559014486734
235,275,315,5.5375,3.02442729562795
235,275,315,5.545,1.92681318900415
235,275,315,5.5525,0.758822096873949
235,275,315,5.56,0.00581877103830399
235,275,315,5.5675,-1.09605455523624
235,275,315,5.575,-2.18318117001542
235,275,315,5.5825,2.94840340326049
235,275,315,5.59,2.0609193918163
235,275,315,5.5975,1.15382524747943
235,275,315,5.605,0.123164115572589
235,275,315,5.6125,-1.14372248579758
235,275,315,5.62,-2.06752668460517
235,275,315,5.6275,3.10328129531454
235,275,315,5.635,2.01328474071992
235,275,315,5.6425,0.800808463567695
235,275,315,5.65,-0.191082947953899
235,275,315,5.6575,-1.37809413885074
235,275,315,5.665,-2.53841754313512
235,275,315,5.6725,2.33051555675254
235,275,315,5.68,1.1774785130661
235,275,315,5.6875,-0.869363964420073
235,275,315,5.695,-1.94748863916044
235,275,315,5.7025,2.39555678872825
235,275,315,5.71,1.63153387087137
235,275,315,5.7175,0.317846366305258
235,275,315,5.725,-0.634370851666039
235,275,315,5.7325,-1.88219565642781
235,275,315,5.74,-2.96423467142628
235,275,315,5.7475,2.60355836874873
235,275,315,5.755,1.42536240311643
235,275,315,5.7625,0.52142834534017
235,275,315,5.77,-0.624041391633758
235,275,315,5.7775,-1.54729505843391
235,275,315,5.785,-2.52665771709861
235,275,315,5.7925,2.76252740450336
235,275,315,5.8,1.7197019206064
235,275,315,5.8075,0.856022310236716
235,275,315,5.815,-0.068759761695094
235,275,315,5.8225,-1.21972657031772
235,275,315,5.83,-2.11509820025971
235,275,315,5.8375,3.09625413819792
235,275,315,5.845,2.09452954406571
235,275,315,5.8525,1.01770706189676
235,275,315,5.86,0.300808236576155
235,275,315,5.8675,-0.773698508507355
235,275,315,5.875,-1.98820775521962
235,275,315,5.8825,-3.11952929577388
235,275,315,5.89,1.92921094103893
235,275,315,5.8975,0.68995591575391
235,275,315,5.905,-0.469782667941445
235,275,315,5.9125,-1.27279672049101
235,275,315,5.92,-2.90946878602116
235,275,315,5.9275,1.64106229209304
235,275,315,5.935,0.412260512685424
235,275,315,5.9425,-1.14365650469594
235,275,315,5.95,-2.33688952071732
235,275,315,5.9575,-3.09540554325678
235,275,315,5.965,1.95249318419434
235,275,315,5.9725,1.13284763540492
235,275,315,5.98,0.0333195818438915
235,275,315,5.9875,-1.2014732225087
235,275,315,5.995,-2.04274084142207
235,275,315,6.0025,-2.95690369567328
235,275,315,6.01,2.37356171925165
235,275,315,6.0175,1.28784847264242
235,275,315,6.025,0.361967453593799
235,275,315,6.0325,-0.956942400905348
235,275,315,6.04,-1.65874304323254
235,275,315,6.0475,-2.51112805208451
235,275,315,6.055,2.52263430822526
235,275,315,6.0625,1.75370725229373
235,275,315,6.07,0.612641799548421
235,275,315,6.0775,-0.41273266109266
235,275,315,6.085,-1.32032072796256
235,275,315,6.0925,-2.04778258235314
235,275,315,6.1,3.09821398293527
235,275,315,6.1075,2.12722760505883
235,275,315,6.115,1.00668280235894
235,275,315,6.1225,0.179306948681428
235,275,315,6.13,-1.05010176354844
235,275,315,6.1375,-2.11717151216909
235,275,315,6.145,-2.93773576752186
235,275,315,6.1525,1.61071623450822
235,275,315,6.16,0.440908813627243
235,275,315,6.1675,-1.56831579332847
235,275,315,6.175,3.05769521453159
235,275,315,6.1825,0.951928225842188
235,275,315,6.19,-0.795343730283013
235,275,315,6.1975,-1.41131526824862
235,275,315,6.205,-2.55256964919868
235,275,315,6.2125,2.58345552316674
235,275,315,6.22,1.88969057260415
235,275,315,6.2275,0.295111491025971
235,275,315,6.235,-0.164670265018787
235,275,315,6.2425,-1.38148501734556
235,275,315,6.25,-2.16064625296175
235,275,315,6.2575,-2.77747889200656
235,275,315,6.265,-2.88836982758802
235,275,315,6.2725,1.79186937602858
235,275,315,6.28,1.50821191948426
235,275,315,6.2875,0.407363540854102
235,275,315,6.295,-0.441119946831367
235,275,315,6.3025,-1.44213413971649
235,275,315,6.31,-2.51060463739409
235,275,315,6.3175,2.99919269830483
235,275,315,6.325,1.97811125022198
235,275,315,6.3325,1.01392601584721
235,275,315,6.34,0.161999645192677
235,275,315,6.3475,-0.878830541587726
235,275,315,6.355,-2.03131927232082
235,275,315,6.3625,3.02875929935045
235,275,315,6.37,2.18373492715745
235,275,315,6.3775,0.973621040845506
235,275,315,6.385,-0.0513849932126191
235,275,315,6.3925,-0.758508203260006
235,275,315,6.4,-1.93607315137489
235,275,315,6.4075,-2.44999713633523
235,275,315,6.415,2.25916698373745
235,275,315,6.4225,2.13776366891554
235,275,315,6.43,1.02754641853873
235,275,315,6.4375,0.0995586560427809
235,275,315,6.445,-1.21793049640669
235,275,315,6.4525,-2.132046863223
235,275,315,6.46,-3.07639572850316
235,275,315,6.4675,1.77075510052082
235,275,315,6.475,1.58669549828318
235,275,315,6.4825,1.0541387802966
235,275,315,6.49,2.2392097356002
235,275,315,6.4975,-0.039415869569345
235,275,315,6.505,-1.66190014741042
235,275,315,6.5125,-1.03239643815576
235,275,315,6.52,-2.38185192329726
235,275,315,6.5275,-3.07933303939246
235,275,315,6.535,2.10514642812095
235,275,315,6.5425,1.31294087628137
235,275,315,6.55,0.164408654281543
235,275,315,6.5575,-0.87971945270173
235,275,315,6.565,-1.78347198561689
235,275,315,6.5725,-2.72062449165359
235,275,315,6.58,2.51116966650543
235,275,315,6.5875,1.57739482439057
235,275,315,6.595,0.366780622775355
235,275,315,6.6025,-0.73167220370062
235,275,315,6.61,-1.68668502015817
235,275,315,6.6175,-2.65328735902723
235,275,315,6.625,2.61380001015815
235,275,315,6.6325,1.4640047088323
235,275,315,6.64,0.392964256101436
235,275,315,6.6475,-0.658052376229396
235,275,315,6.655,-1.14632833402759
235,275,315,6.6625,-1.91141763691292
235,275,315,6.67,-1.89193426445476
235,275,315,6.6775,2.76741644447243
235,275,315,6.685,1.84910177608092
235,275,315,6.6925,1.69236157120771
235,275,315,6.7,0.338049169610673
235,275,315,6.7075,-0.369788236589195
235,275,315,6.715,-1.02466092030305
235,275,315,6.7225,-2.09286716006872
235,275,315,6.73,-3.06269932254538
235,275,315,6.7375,2.40857592496676
235,275,315,6.745,1.65210778357841
235,275,315,6.7525,0.580072217474321
235,275,315,6.76,-0.372596085771977
235,275,315,6.7675,-1.15415306384275
235,275,315,6.775,-1.9913619210511
235,275,315,6.7825,2.95903486279629
235,275,315,6.79,2.31168716529773
235,275,315,6.7975,1.31011259998188
235,275,315,6.805,0.338537251314495
235,275,315,6.8125,-0.55889015998059
235,275,315,6.82,-1.46317673398536
235,275,315,6.8275,-2.44069932936394
235,275,315,6.835,2.60699152482626
235,275,315,6.8425,1.67255739073391
235,275,315,6.85,1.07734717540135
235,275,315,6.8575,-0.237094983292758
235,275,315,6.865,-1.22750027171671
235,275,315,6.8725,-1.95073984614519
235,275,315,6.88,-2.93695867961018
235,275,315,6.8875,2.32081292777585
235,275,315,6.895,1.4042146658949
235,275,315,6.9025,0.701056854865428
235,275,315,6.91,-0.340874276009136
235,275,315,6.9175,-1.18427611502683
235,275,315,6.925,-2.03360695658297
235,275,315,6.9325,-2.68484169228302
235,275,315,6.94,2.49809061068996
235,275,315,6.9475,1.32425142528985
235,275,315,6.955,0.215736446390175
235,275,315,6.9625,-0.662034239550591
235,275,315,6.97,-1.3786646221208
235,275,315,6.9775,-2.58215305092787
235,275,315,6.985,-2.72846563037993
235,275,315,6.9925,2.73038030890338
235,275,315,7,2.14557999007407
235,275,315,7.0075,1.36365940658335
235,275,315,7.015,0.363396083023641
235,275,315,7.0225,-0.348397345522985
235,275,315,7.03,-1.9524123247134
235,275,315,7.0375,-2.52701774123416
235,275,315,7.045,2.97838175071984
235,275,315,7.0525,2.18667223856744
235,275,315,7.06,1.26998345126195
235,275,315,7.0675,0.316594893321805
235,275,315,7.075,-0.680504673885532
235,275,315,7.0825,-1.48711519260585
235,275,315,7.09,-2.61630475596441
235,275,315,7.0975,2.61669593340471
235,275,315,7.105,1.57744707918039
235,275,315,7.1125,0.607886515481287
235,275,315,7.12,-0.455546478641998
235,275,315,7.1275,-1.51133495219221
235,275,315,7.135,-2.51743022973265
235,275,315,7.1425,2.93393855418253
235,275,315,7.15,2.01987197716293
235,275,315,7.1575,0.915588262978867
235,275,315,7.165,-0.222437613698442
235,275,315,7.1725,-0.966693670927536
235,275,315,7.18,-1.79112818352881
235,275,315,7.1875,-2.72675964865026
235,275,315,7.195,2.81516427314315
235,275,315,7.2025,1.43030593787556
235,275,315,7.21,0.713179202889558
235,275,315,7.2175,0.698716769729726
235,275,315,7.225,-0.45295626855848
235,275,315,7.2325,-1.42886852862133
235,275,315,7.24,-2.27103085068884
235,275,315,7.2475,3.11750888889708
235,275,315,7.255,2.50006041770481
235,275,315,7.2625,1.64729048261257
235,275,315,7.27,0.82291654163385
235,275,315,7.2775,-0.244959856870393
235,275,315,7.285,-1.22167053808948
235,275,315,7.2925,-2.38984134247148
235,275,315,7.3,-2.99053709669862
235,275,315,7.3075,2.11774701685176
235,275,315,7.315,1.48743378121383
235,275,315,7.3225,0.323969770954229
235,275,315,7.33,-0.630265685033117
235,275,315,7.3375,-1.4392242969743
235,275,315,7.345,-2.49637512433203
235,275,315,7.3525,2.76488674224125
235,275,315,7.36,1.86353953846113
235,275,315,7.3675,0.895851347890255
235,275,315,7.375,0.10686643721671
235,275,315,7.3825,-0.865704503437829
235,275,315,7.39,-2.0395682968096
235,275,315,7.3975,-2.6344948961961
235,275,315,7.405,2.73825419893714
235,275,315,7.4125,1.73200510817967
235,275,315,7.42,0.736744941177331
235,275,315,7.4275,-0.0375561477517437
235,275,315,7.435,-0.941009340170814
235,275,315,7.4425,-1.63742001387425
235,275,315,7.45,-2.46257574490994
235,275,315,7.4575,2.79661212667044
235,275,315,7.465,1.88093878951725
235,275,315,7.4725,0.994039869987344
235,275,315,7.48,-0.0268473567240829
235,275,315,7.4875,-1.14723376893719
235,275,315,7.495,-2.27369770880967
235,275,315,7.5025,-3.00400934980061
235,275,315,7.51,2.28909158987146
235,275,315,7.5175,1.4385706714538
235,275,315,7.525,0.766343899736748
235,275,315,7.5325,-0.26859732553007
235,275,315,7.54,-1.24288612252794
235,275,315,7.5475,-2.36954877704848
235,275,315,7.555,-2.14791083506897
235,275,315,7.5625,2.5102046696333
235,275,315,7.57,1.77065150064297
235,275,315,7.5775,1.0602904103105
235,275,315,7.585,-0.0134563086468433
235,275,315,7.5925,-0.946855998489371
235,275,315,7.6,-1.28489776355004
235,275,315,7.6075,-2.42469529646042
235,275,315,7.615,2.90053085099007
235,275,315,7.6225,2.06967959926317
235,275,315,7.63,0.960320660918669
235,275,315,7.6375,0.095175795921684
235,275,315,7.645,-0.896801553092384
235,275,315,7.6525,-1.7905424875146
235,275,315,7.66,-2.88143420504399
235,275,315,7.6675,2.23234924318229
235,275,315,7.675,1.23633966339235
235,275,315,7.6825,0.251230031412704
235,275,315,7.69,-0.805197446077265
235,275,315,7.6975,-1.59010618024868
235,275,315,7.705,-2.56306900034827
235,275,315,7.7125,2.76266451702983
235,275,315,7.72,1.79602304372911
235,275,315,7.7275,1.12291408244433
235,275,315,7.735,0.343769624256731
235,275,315,7.7425,-0.690004202358056
235,275,315,7.75,-1.85456073132328
235,275,315,7.7575,-2.53932343263043
235,275,315,7.765,-2.87380071074813
235,275,315,7.7725,2.54822349811029
235,275,315,7.78,2.20397938146813
235,275,315,7.7875,1.44889329180899
235,275,315,7.795,0.0261608657950598
235,275,315,7.8025,-0.446492111753418
235,275,315,7.81,-1.38030154738653
235,275,315,7.8175,-2.40598029871922
235,275,315,7.825,2.87456833662667
235,275,315,7.8325,1.72701085459866
235,275,315,7.84,0.685693570994239
235,275,315,7.8475,-0.258651571912354
235,275,315,7.855,-1.24398820224071
235,275,315,7.8625,-2.29038540735764
235,275,315,7.87,-2.97847340274294
235,275,315,7.8775,1.9789207497905
235,275,315,7.885,1.26184665576641
235,275,315,7.8925,0.357331279104813
235,275,315,7.9,-0.85523045088308
235,275,315,7.9075,-1.82627441954766
235,275,315,7.915,-2.53757336328474
235,275,315,7.9225,2.63770194447689
235,275,315,7.93,1.77226156387283
235,275,315,7.9375,0.924535697992433
235,275,315,7.945,0.119494056020506
235,275,315,7.9525,-0.680480441519813
235,275,315,7.96,-1.57447192955367
235,275,315,7.9675,-2.13834793821252
235,275,315,7.975,-2.99504693730382
235,275,315,7.9825,2.40665935057524
235,275,315,7.99,1.44474528763496
235,275,315,7.9975,0.329812173959176
235,275,315,8.005,-0.628526394438114
235,275,315,8.0125,-1.64630470903679
235,275,315,8.02,-2.90972698547999
235,275,315,8.0275,2.57606529139174
235,275,315,8.035,1.33752689627249
235,275,315,8.0425,0.307387223028948
235,275,315,8.05,0.348191304996306
235,275,315,8.0575,-0.860128467612754
235,275,315,8.065,-1.32329904143155
235,275,315,8.0725,-2.06687056470175
235,275,315,8.08,-2.95113801770668
235,275,315,8.0875,2.00713379249676
235,275,315,8.095,1.04699310563049
235,275,315,8.1025,0.345370382295351
235,275,315,8.11,-0.823751272520386
235,275,315,8.1175,-1.51142909951719
235,275,315,8.125,-2.23101422510899
235,275,315,8.1325,3.04660309992087
235,275,315,8.14,1.96096284537423
235,275,315,8.1475,1.39400372513898
235,275,315,8.155,0.358752020986582
235,275,315,8.1625,-0.61537328502498
235,275,315,8.17,-1.52517042510644
235,275,315,8.1775,-2.46141143451769
235,275,315,8.185,2.91130039541892
235,275,315,8.1925,2.05776650895256
235,275,315,8.2,0.91881824993963
235,275,315,8.2075,0.101700107032055
235,275,315,8.215,-0.787928480964
235,275,315,8.2225,-1.92564167307729
235,275,315,8.23,-2.74756064852263
235,275,315,8.2375,2.39427585227725
235,275,315,8.245,1.49147913313685
235,275,315,8.2525,0.402379957303264
235,275,315,8.26,-0.653603934944933
235,275,315,8.2675,-1.65746642883984
235,275,315,8.275,-2.63898185741514
235,275,315,8.2825,2.57114859811748
235,275,315,8.29,1.55487403465627
235,275,315,8.2975,0.941620989900187
235,275,315,8.305,0.0514152819924099
235,275,315,8.3125,-1.27957928196235
235,275,315,8.32,-0.941752153786157
235,275,315,8.3275,-2.07933229524019
235,275,315,8.335,-2.48608127264193
235,275,315,8.3425,3.07408292090255
235,275,315,8.35,2.11877172467504
235,275,315,8.3575,1.17525037709653
235,275,315,8.365,0.377763070154599
235,275,315,8.3725,-0.66817990977125
235,275,315,8.38,-1.8720903400953
235,275,315,8.3875,-2.71651671929674
235,275,315,8.395,2.53502828031468
235,275,315,8.4025,1.57755813171422
235,275,315,8.41,0.539667436912897
235,275,315,8.4175,-0.396128074991636
235,275,315,8.425,-1.35054662883597
235,275,315,8.4325,-2.26929015482585
235,275,315,8.44,-3.08175781679421
235,275,315,8.4475,2.17934402589233
235,275,315,8.455,1.36366429256403
235,275,315,8.4625,0.362097151959704
235,275,315,8.47,-0.725404797287157
235,275,315,8.4775,-1.47937719938397
235,275,315,8.485,-2.36247084020055
235,275,315,8.4925,2.73475963655876
235,275,315,8.5,1.89482866203398
235,275,315,8.5075,1.08367901009516
235,275,315,8.515,0.138523214242459
235,275,315,8.5225,-0.53737870644939
235,275,315,8.53,-1.76511271672995
235,275,315,8.5375,-2.35723357307523
235,275,315,8.545,2.96048086441749
235,275,315,8.5525,2.08216665773806
235,275,315,8.56,1.1576910554818
235,275,315,8.5675,0.333066382927252
235,275,315,8.575,-0.598305807020991
235,275,315,8.5825,-1.45522958568271
235,275,315,8.59,-2.36210203086171
235,275,315,8.5975,2.83058381655513
235,275,315,8.605,1.68819147785338
235,275,315,8.6125,0.984202570809091
235,275,315,8.62,0.048178633286493
235,275,315,8.6275,-0.930305135051764
235,275,315,8.635,-1.7058040975074
235,275,315,8.6425,-2.61876369370506
235,275,315,8.65,2.52003340277281
235,275,315,8.6575,2.14573836382185
235,275,315,8.665,0.793580053497568
235,275,315,8.6725,0.588943383293887
235,275,315,8.68,-0.757335229041069
235,275,315,8.6875,-1.55770954845108
235,275,315,8.695,-1.95886664649184
235,275,315,8.7025,-3.08591362996379
235,275,315,8.71,2.22404505363742
235,275,315,8.7175,1.24563630558614
235,275,315,8.725,0.551808821459459
235,275,315,8.7325,-0.625322551833739
235,275,315,8.74,-1.60462585643128
235,275,315,8.7475,-2.54972781243655
235,275,315,8.755,2.56470994084019
235,275,315,8.7625,1.56571128717541
235,275,315,8.77,0.670876118390786
235,275,315,8.7775,-0.54308680591726
235,275,315,8.785,-1.39062581634837
235,275,315,8.7925,-2.17392980363228
235,275,315,8.8,-2.84343701528348
235,275,315,8.8075,2.44075857006041
235,275,315,8.815,1.36632146881861
235,275,315,8.8225,0.650002108998379
235,275,315,8.83,-0.448150253612121
235,275,315,8.8375,-1.25771036288347
235,275,315,8.845,-1.47053438157807
235,275,315,8.8525,-2.99767451745735
235,275,315,8.86,2.73291448114197
235,275,315,8.8675,2.24174912282883
235,275,315,8.875,1.66037493758943
235,275,315,8.8825,0.133972033491422
235,275,315,8.89,-0.483600298594674
235,275,315,8.8975,-1.46158154455956
235,275,315,8.905,-2.26760834016408
235,275,315,8.9125,3.01770819485114
235,275,315,8.92,2.21911087742053
235,275,315,8.9275,1.37989061377071
235,275,315,8.935,0.20384268831987
235,275,315,8.9425,-0.693584864747158
235,275,315,8.95,-1.61219101555128
235,275,315,8.9575,-2.74175914881269
235,275,315,8.965,2.54965820557911
235,275,315,8.9725,1.54507979231549
235,275,315,8.98,0.718380972135413
235,275,315,8.9875,-0.599454106640294
235,275,315,8.995,-1.45696603557387
235,275,315,9.0025,-2.49535622894166
235,275,315,9.01,2.81261606993062
235,275,315,9.0175,1.78061675395295
235,275,315,9.025,0.925089880400457
235,275,315,9.0325,-0.18402442253282
235,275,315,9.04,-0.739833325077935
235,275,315,9.0475,-2.23472959575138
235,275,315,9.055,-2.94611399567178
235,275,315,9.0625,-2.96783581499619
235,275,315,9.07,2.10564617554265
235,275,315,9.0775,1.45829246304229
235,275,315,9.085,0.726906481359104
235,275,315,9.0925,0.299963747521308
235,275,315,9.1,-0.96269893681681
235,275,315,9.1075,-1.82989978494316
235,275,315,9.115,-2.83285556966965
235,275,315,9.1225,2.67265980595111
235,275,315,9.13,1.6936579662405
235,275,315,9.1375,0.632117138728791
235,275,315,9.145,-0.321338782738578
235,275,315,9.1525,-1.34201274013185
235,275,315,9.16,-2.32400741655417
235,275,315,9.1675,-3.13159201414607
235,275,315,9.175,2.32451091204808
235,275,315,9.1825,1.44491010101725
235,275,315,9.19,0.551817367273042
235,275,315,9.1975,-0.114947220998444
235,275,315,9.205,-1.34727481782037
235,275,315,9.2125,-2.22721523683685
235,275,315,9.22,-3.03568981922727
235,275,315,9.2275,2.34907710816821
235,275,315,9.235,1.39971534770035
235,275,315,9.2425,0.632255781182755
235,275,315,9.25,-0.477568392944222
235,275,315,9.2575,-1.29961182305529
235,275,315,9.265,-2.09262731432849
235,275,315,9.2725,2.86268406185846
235,275,315,9.28,1.95105875326392
235,275,315,9.2875,1.13675996382727
235,275,315,9.295,0.0383797435280638
235,275,315,9.3025,-0.747881344501832
235,275,315,9.31,-1.8538634685448
235,275,315,9.3175,-2.66024495267066
235,275,315,9.325,2.73697550123326
235,275,315,9.3325,1.52586000990445
235,275,315,9.34,0.649880573814589
235,275,315,9.3475,-0.281040489908687
235,275,315,9.355,-1.24476438463453
235,275,315,9.3625,-2.29583526230358
235,275,315,9.37,-3.08543015721144
235,275,315,9.3775,2.06816894417716
235,275,315,9.385,1.3713349495096
235,275,315,9.3925,0.105163293073953
235,275,315,9.4,-1.17820892540512
235,275,315,9.4075,-1.73543806523943
235,275,315,9.415,-1.53616543040271
235,275,315,9.4225,-1.89692783344958
235,275,315,9.43,-2.66261572580418
235,275,315,9.4375,2.6168615147457
235,275,315,9.445,1.53722305033735
235,275,315,9.4525,0.584489746868132
235,275,315,9.46,-0.341231978356295
235,275,315,9.4675,-1.31158621080856
235,275,315,9.475,-2.4017251382442
235,275,315,9.4825,3.04200511195112
235,275,315,9.49,2.08821572913442
235,275,315,9.4975,1.30534103433693
235,275,315,9.505,0.168260795645034
235,275,315,9.5125,-0.727497278480311
235,275,315,9.52,-2.00488731124179
235,275,315,9.5275,-2.78913550111513
235,275,315,9.535,2.35490513164617
235,275,315,9.5425,1.23076601205041
235,275,315,9.55,0.350908719145193
235,275,315,9.5575,-0.703328450489424
235,275,315,9.565,-1.72100567000253
235,275,315,9.5725,-2.5444557271513
235,275,315,9.58,2.86749128060774
235,275,315,9.5875,2.10028855200893
235,275,315,9.595,1.12274227597113
235,275,315,9.6025,0.537835128025452
235,275,315,9.61,-0.315796987804042
235,275,315,9.6175,-1.03919434769363
235,275,315,9.625,-2.25380018284695
235,275,315,9.6325,-2.83785588062653
235,275,315,9.64,2.43497383170291
235,275,315,9.6475,1.74327341642617
235,275,315,9.655,0.750063416945694
235,275,315,9.6625,-0.368043964720291
235,275,315,9.67,-1.13821932122188
235,275,315,9.6775,-1.73828757987451
235,275,315,9.685,-2.93390500385963
235,275,315,9.6925,2.64142590754102
235,275,315,9.7,1.71062230243298
235,275,315,9.7075,0.556745631688542
235,275,315,9.715,-0.221726327873032
235,275,315,9.7225,-1.43651743526958
235,275,315,9.73,-2.25920789369791
235,275,315,9.7375,-3.12548587454044
235,275,315,9.745,2.12063525454774
235,275,315,9.7525,1.29902648844697
235,275,315,9.76,0.599055801144392
235,275,315,9.7675,-0.488073602134684
235,275,315,9.775,-1.38645209274688
235,275,315,9.7825,-2.03179751422623
235,275,315,9.79,2.97657123859127
235,275,315,9.7975,2.0481226495381
235,275,315,9.805,1.08555696798603
235,275,315,9.8125,0.112341498799349
235,275,315,9.82,-0.650326239279464
235,275,315,9.8275,-1.28922444345246
235,275,315,9.835,-2.56869937628559
235,275,315,9.8425,2.85177356802398
235,275,315,9.85,2.07495924286528
235,275,315,9.8575,1.10118167215884
235,275,315,9.865,0.281152624483499
235,275,315,9.8725,-0.961361875255087
235,275,315,9.88,-1.72996327398706
235,275,315,9.8875,-2.7598284452799
235,275,315,9.895,2.63052581673691
235,275,315,9.9025,1.4981076174423
235,275,315,9.91,0.500705606836151
235,275,315,9.9175,0.0380129269868378
235,275,315,9.925,-0.353186999642953
235,275,315,9.9325,-1.51273993882123
235,275,315,9.94,-2.27168121118957
235,275,315,9.9475,-2.92551294085449
235,275,315,9.955,2.48622295108412
235,275,315,9.9625,1.48699609106151
235,275,315,9.97,0.584088174011066
235,275,315,9.9775,-0.356423228963167
235,275,315,9.985,-1.24730544249966
235,275,315,9.9925,-2.21156970163188
235,275,315,10,2.93347175038104
235,275,315,10.0075,2.1810351515025
235,275,315,10.015,1.20849436997856
235,275,315,10.0225,0.271831396718873
235,275,315,10.03,-0.797112910566669
235,275,315,10.0375,-1.75907042857809
235,275,315,10.045,-2.6960055881279
235,275,315,10.0525,2.46905239922045
235,275,315,10.06,1.53874759598966
235,275,315,10.0675,0.582974688305756
235,275,315,10.075,-0.530507166315849
235,275,315,10.0825,-1.64151124386239
235,275,315,10.09,-2.48851111964891
235,275,315,10.0975,3.05061485045179
235,275,315,10.105,1.90916979296289
235,275,315,10.1125,1.00214275606025
235,275,315,10.12,-0.1021219126896
235,275,315,10.1275,-1.08543382620654
235,275,315,10.135,-1.90168133571358
235,275,315,10.1425,-2.79587979728339
235,275,315,10.15,2.25873088580623
235,275,315,10.1575,1.32442264795967
235,275,315,10.165,-1.7316397879253
235,275,315,10.1725,-0.286946237518723
235,275,315,10.18,-0.0133909137515342
235,275,315,10.1875,0.700579622234731
235,275,315,10.195,-1.26296189036883
235,275,315,10.2025,-1.9596663784289
235,275,315,10.21,-2.75285950701422
235,275,315,10.2175,2.53381806553135
235,275,315,10.225,1.41618321616401
235,275,315,10.2325,0.436336485041579
235,275,315,10.24,-0.782865766332872
235,275,315,10.2475,-1.64242675085565
235,275,315,10.255,-2.62107378815225
235,275,315,10.2625,2.7196339781325
235,275,315,10.27,1.64145095136363
235,275,315,10.2775,0.730738020146656
235,275,315,10.285,-0.323663428330633
235,275,315,10.2925,-1.34026415664626
235,275,315,10.3,-2.18097088952544
235,275,315,10.3075,3.07039200622215
235,275,315,10.315,2.09288200569952
235,275,315,10.3225,1.00239337541043
235,275,315,10.33,0.293376718956028
235,275,315,10.3375,-0.615297830241288
235,275,315,10.345,-1.55258660076552
235,275,315,10.3525,-2.49113698235976
235,275,315,10.36,2.93369284249707
235,275,315,10.3675,1.73978066992895
235,275,315,10.375,0.795660643629105
235,275,315,10.3825,-0.154047221723723
235,275,315,10.39,-1.2294820187333
235,275,315,10.3975,-1.74746517358316
235,275,315,10.405,-2.31159417884869
235,275,315,10.4125,2.64837418288017
235,275,315,10.42,2.35513937706089
235,275,315,10.4275,0.983932836325827
235,275,315,10.435,-0.218930294586208
235,275,315,10.4425,-0.846691918618836
235,275,315,10.45,-1.35622452853791
235,275,315,10.4575,-2.92001484714985
235,275,315,10.465,-3.0592669248085
235,275,315,10.4725,2.60537578413237
235,275,315,10.48,1.95202754138852
235,275,315,10.4875,1.65340188505965
235,275,315,10.495,0.198221689527433
235,275,315,10.5025,-0.584689880847861
235,275,315,10.51,-1.55367310073246
235,275,315,10.5175,-2.40562639266909
235,275,315,10.525,2.61671313945099
235,275,315,10.5325,1.91999067597621
235,275,315,10.54,0.463127751608613
235,275,315,10.5475,-0.229731003066841
235,275,315,10.555,-0.946620145008073
235,275,315,10.5625,-1.88081682747223
235,275,315,10.57,-2.97828318330465
235,275,315,10.5775,2.34279322350449
235,275,315,10.585,0.974069842520216
235,275,315,10.5925,0.530017734476812
235,275,315,10.6,-0.728296957035701
235,275,315,10.6075,-1.92713677759364
235,275,315,10.615,-2.82127102258584
235,275,315,10.6225,2.58990545351463
235,275,315,10.63,1.51039821331005
235,275,315,10.6375,0.619495066022838
235,275,315,10.645,-0.154258444359335
235,275,315,10.6525,-1.48317348029898
235,275,315,10.66,-2.13817789731348
235,275,315,10.6675,-3.13121722820922
235,275,315,10.675,2.00525809956696
235,275,315,10.6825,1.50845463883753
235,275,315,10.69,0.805804856890599
235,275,315,10.6975,-0.221776948868067
235,275,315,10.705,-1.41901516260365
235,275,315,10.7125,-2.65986711280581
235,275,315,10.72,-1.83499802047033
235,275,315,10.7275,3.07556451696098
235,275,315,10.735,-3.05969503878866
235,275,315,10.7425,1.80148516462641
235,275,315,10.75,1.18884130393185
235,275,315,10.7575,0.0204269609729659
235,275,315,10.765,-0.966856519751501
235,275,315,10.7725,-2.17507845713223
235,275,315,10.78,3.13348958682391
235,275,315,10.7875,2.16833245442052
235,275,315,10.795,1.12900318822414
235,275,315,10.8025,0.184869240316472
235,275,315,10.81,-0.953948590232115
235,275,315,10.8175,-1.88040867702779
235,275,315,10.825,-2.93588052623568
235,275,315,10.8325,2.00244636109416
235,275,315,10.84,1.32985741976019
235,275,315,10.8475,0.345282923180511
235,275,315,10.855,-0.612329862675456
235,275,315,10.8625,-1.6825252048688
235,275,315,10.87,-2.72113680894501
235,275,315,10.8775,2.747915159861
235,275,315,10.885,1.6449188747577
235,275,315,10.8925,0.532262681551196
235,275,315,10.9,-0.0579620893686638
235,275,315,10.9075,-1.76957776531449
235,275,315,10.915,-1.36773236039928
235,275,315,10.9225,0.663813474877001
235,275,315,10.93,-3.02795616404584
235,275,315,10.9375,-1.47300482317479
235,275,315,10.945,-2.9877129663828
235,275,315,10.9525,1.69915737288214
235,275,315,10.96,0.5635750032296
235,275,315,10.9675,0.108132793157107
235,275,315,10.975,-1.31081512469092
235,275,315,10.9825,-2.13526472577346
235,275,315,10.99,-2.50678448577711
235,275,315,10.9975,2.26813743840528
235,275,315,11.005,1.27274522656131
235,275,315,11.0125,0.338003855131381
235,275,315,11.02,-0.760489050749199
235,275,315,11.0275,-1.86446117229371
235,275,315,11.035,-2.81489997572138
235,275,315,11.0425,2.70284346912079
235,275,315,11.05,1.81592069573753
235,275,315,11.0575,0.779796320687169
235,275,315,11.065,-0.272588903458647
235,275,315,11.0725,-1.48640206930829
235,275,315,11.08,-2.49452324726968
235,275,315,11.0875,3.09267745631104
235,275,315,11.095,1.94647603661486
235,275,315,11.1025,1.34614573891007
235,275,315,11.11,0.322267301402392
235,275,315,11.1175,-0.715406250487522
235,275,315,11.125,-1.58651628067765
235,275,315,11.1325,-2.21920457457815
235,275,315,11.14,2.56599621495704
235,275,315,11.1475,1.89941211621761
235,275,315,11.155,0.722866633913798
235,275,315,11.1625,-0.224825601169501
235,275,315,11.17,-1.28345612071317
235,275,315,11.1775,-2.622506674881
235,275,315,11.185,2.30658693380471
235,275,315,11.1925,1.36985065084799
235,275,315,11.2,-0.0835632346153611
235,275,315,11.2075,-1.42840042966333
235,275,315,11.215,2.41901674733738
235,275,315,11.2225,1.58525926753072
235,275,315,11.23,0.116477660181396
235,275,315,11.2375,-1.34678102169476
235,275,315,11.245,-2.10430885612446
235,275,315,11.2525,-2.74036654401099
235,275,315,11.26,2.46211586973675
235,275,315,11.2675,1.34592079472744
235,275,315,11.275,0.63154014530355
235,275,315,11.2825,-0.466210371271218
235,275,315,11.29,-1.52443879743047
235,275,315,11.2975,-2.7609620209105
235,275,315,11.305,3.01829402085887
235,275,315,11.3125,1.99484542897825
235,275,315,11.32,0.75463839694479
235,275,315,11.3275,-0.283249748311555
235,275,315,11.335,-1.1325937529589
235,275,315,11.3425,-2.14651689094369
235,275,315,11.35,3.06447476458479
235,275,315,11.3575,2.10687470379637
235,275,315,11.365,0.952988015998601
235,275,315,11.3725,0.0581944743896551
235,275,315,11.38,-0.72231007629278
235,275,315,11.3875,-1.8879280728559
235,275,315,11.395,-2.96237588484137
235,275,315,11.4025,2.40356024876912
235,275,315,11.41,1.04153173398627
235,275,315,11.4175,0.266425431219963
235,275,315,11.425,-1.06075503735477
235,275,315,11.4325,-2.18217696579099
235,275,315,11.44,2.96023983227551
235,275,315,11.4475,1.52369881243552
235,275,315,11.455,-0.281411685648888
235,275,315,11.4625,-1.62297912333368
235,275,315,11.47,2.44526479254329
235,275,315,11.4775,1.677835714794
235,275,315,11.485,0.867754025361823
235,275,315,11.4925,-0.480541217837261
235,275,315,11.5,-1.48853481706937
235,275,315,11.5075,-2.63021092539026
235,275,315,11.515,2.8086423317377
235,275,315,11.5225,1.52557551692938
235,275,315,11.53,0.896489850370047
235,275,315,11.5375,-0.291293895144058
235,275,315,11.545,-1.05176653962255
235,275,315,11.5525,-2.19549862083853
235,275,315,11.56,-2.97100720298059
235,275,315,11.5675,2.07671242673435
235,275,315,11.575,1.14309189530534
235,275,315,11.5825,0.189415417222802
235,275,315,11.59,-0.524587417244954
235,275,315,11.5975,-1.56022519908424
235,275,315,11.605,-2.51488130418251
235,275,315,11.6125,2.7392406656992
235,275,315,11.62,1.90340624210527
235,275,315,11.6275,1.00749755474832
235,275,315,11.635,0.0230041472179923
235,275,315,11.6425,-0.953042898653648
235,275,315,11.65,-1.94174037841815
235,275,315,11.6575,-2.93786133496862
235,275,315,11.665,2.48425920983511
235,275,315,11.6725,0.947736831972063
235,275,315,11.68,0.706310317036327
235,275,315,11.6875,-0.664474878663984
235,275,315,11.695,-0.766333031290306
235,275,315,11.7025,-1.79909406390129
235,275,315,11.71,-2.4073491914766
235,275,315,11.7175,-2.72370478226421
235,275,315,11.725,1.48896977274183
235,275,315,11.7325,1.08451145639382
235,275,315,11.74,-0.00960660633673975
235,275,315,11.7475,-0.566504020606253
235,275,315,11.755,-1.53821799150452
235,275,315,11.7625,-2.51227041215004
235,275,315,11.77,2.49457566292056
235,275,315,11.7775,1.74322932384352
235,275,315,11.785,1.00699900081118
235,275,315,11.7925,0.376093104689978
235,275,315,11.8,-0.53679578103394
235,275,315,11.8075,-1.76702790754194
235,275,315,11.815,-2.13560036106276
235,275,315,11.8225,2.80240366851595
235,275,315,11.83,1.83989795962002
235,275,315,11.8375,1.07994119065755
235,275,315,11.845,0.210358731326135
235,275,315,11.8525,-0.83826377153785
235,275,315,11.86,-1.73204564348112
235,275,315,11.8675,-2.8763862232956
235,275,315,11.875,2.46661019501289
235,275,315,11.8825,1.45715374686201
235,275,315,11.89,0.304052687570032
235,275,315,11.8975,-0.620972516088685
235,275,315,11.905,-1.58447405339502
235,275,315,11.9125,-2.41002769242633
235,275,315,11.92,2.71775675840297
235,275,315,11.9275,1.49127553134606
235,275,315,11.935,0.410598614760203
235,275,315,11.9425,-0.509512590376242
235,275,315,11.95,-0.331612245560933
235,275,315,11.9575,-2.31448791637444
235,275,315,11.965,3.11286374077008
235,275,315,11.9725,-3.00642258632574
235,275,315,11.98,0.70659108581493
235,275,315,11.9875,-0.49109790109114
235,275,315,11.995,1.61006636681587
235,275,315,12.0025,-3.00893740431157
235,275,315,12.01,-0.149913658444015
235,275,315,12.0175,-1.26666286342163
235,275,315,12.025,-2.03983695828933
235,275,315,12.0325,-2.96707174365558
235,275,315,12.04,2.27789960052159
235,275,315,12.0475,1.38771588225713
235,275,315,12.055,0.605332809620366
235,275,315,12.0625,-0.735334256105246
235,275,315,12.07,-1.65330017344284
235,275,315,12.0775,-2.95386971346161
235,275,315,12.085,2.60468220389611
235,275,315,12.0925,1.38480675705474
235,275,315,12.1,0.759424483896798
235,275,315,12.1075,-0.717561394870418
235,275,315,12.115,-1.78966414566134
235,275,315,12.1225,-2.54912420382686
235,275,315,12.13,2.70727597060852
235,275,315,12.1375,1.84353703814731
235,275,315,12.145,0.28171219210121
235,275,315,12.1525,-0.393017085853135
235,275,315,12.16,-1.73357447448977
235,275,315,12.1675,-2.63349569591463
235,275,315,12.175,2.92933371061611
235,275,315,12.1825,1.73690153444406
235,275,315,12.19,0.451301754941097
235,275,315,12.1975,-0.90008556182314
235,275,315,12.205,-1.13908758965098
235,275,315,12.2125,-1.68282594045195
235,275,315,12.22,2.33908778952724
235,275,315,12.2275,0.543002548525708
235,275,315,12.235,-1.8814794916652
235,275,315,12.2425,-1.91709686299929
235,275,315,12.25,2.09709376849632
235,275,315,12.2575,1.69430869354931
235,275,315,12.265,1.17097292914085
235,275,315,12.2725,-0.37029048262751
235,275,315,12.28,-1.16743054441711
235,275,315,12.2875,-2.35780633588615
235,275,315,12.295,2.8411092851861
235,275,315,12.3025,1.75048913693478
235,275,315,12.31,0.694773934895902
235,275,315,12.3175,-0.00097564208679556
235,275,315,12.325,-1.16114926756719
235,275,315,12.3325,-1.8458785897396
235,275,315,12.34,-2.79646477150926
235,275,315,12.3475,2.26091686734414
235,275,315,12.355,1.1762401560647
235,275,315,12.3625,0.579755559334454
235,275,315,12.37,-0.742072028019615
235,275,315,12.3775,-1.56567636687069
235,275,315,12.385,-2.77374879206523
235,275,315,12.3925,2.73830002653976
235,275,315,12.4,1.65712166610587
235,275,315,12.4075,0.659955343088473
235,275,315,12.415,-0.314710663865911
235,275,315,12.4225,-1.14826117790688
235,275,315,12.43,-1.79998674581288
235,275,315,12.4375,2.89511270440947
235,275,315,12.445,2.25135334398081
235,275,315,12.4525,1.33588878297175
235,275,315,12.46,0.287168491953744
235,275,315,12.4675,-0.611741163928896
235,275,315,12.475,-1.7628231670373
235,275,315,12.4825,-3.08049285273648
235,275,315,12.49,2.59845749764568
235,275,315,12.4975,1.30960177618408
235,275,315,12.505,0.865182360522546
235,275,315,12.5125,0.128212713688321
235,275,315,12.52,2.763816177096
235,275,315,12.5275,-1.09255740168723
235,275,315,12.535,-0.49298180937254
235,275,315,12.5425,-0.852911561889969
235,275,315,12.55,-1.57167504783047
235,275,315,12.5575,3.01226725511484
235,275,315,12.565,1.91026781892236
235,275,315,12.5725,1.21188366568812
235,275,315,12.58,0.282129581239211
235,275,315,12.5875,-0.785636840845343
235,275,315,12.595,-1.8261397089633
235,275,315,12.6025,-3.12852357762769
235,275,315,12.61,2.13757483113495
235,275,315,12.6175,0.875532846384207
235,275,315,12.625,0.016161019620566
235,275,315,12.6325,-1.16862826744376
235,275,315,12.64,-1.82113426743158
235,275,315,12.6475,-2.78673183031457
235,275,315,12.655,2.01951086150923
235,275,315,12.6625,1.07239197905808
235,275,315,12.67,0.0814761517080966
235,275,315,12.6775,-0.603394952936328
235,275,315,12.685,-1.94812388749396
235,275,315,12.6925,-2.56016860474284
235,275,315,12.7,2.33490624501723
235,275,315,12.7075,1.48841552400152
235,275,315,12.715,0.477746973364564
235,275,315,12.7225,-0.172329459517367
235,275,315,12.73,-1.9912472060452
235,275,315,12.7375,3.07333823741347
235,275,315,12.745,1.86825599608811
235,275,315,12.7525,-1.3511719557662
235,275,315,12.76,-2.54409015182982
235,275,315,12.7675,2.70798561257977
235,275,315,12.775,1.93745498214606
235,275,315,12.7825,0.743760734645936
235,275,315,12.79,-0.517611564727663
235,275,315,12.7975,-1.41942969956679
235,275,315,12.805,2.79596879672179
235,275,315,12.8125,2.41071215993795
235,275,315,12.82,1.77075173773512
235,275,315,12.8275,1.22384844240844
235,275,315,12.835,-0.273929788502507
235,275,315,12.8425,-1.1736805547246
235,275,315,12.85,-2.26086910279901
235,275,315,12.8575,-3.141275132753
235,275,315,12.865,2.31062351496919
235,275,315,12.8725,1.10970814451657
235,275,315,12.88,0.438917425655964
235,275,315,12.8875,-0.541116871475761
235,275,315,12.895,-1.66420486554293
235,275,315,12.9025,-2.80389473348988
235,275,315,12.91,2.59779037127416
235,275,315,12.9175,1.94912503304815
235,275,315,12.925,0.958701393597429
235,275,315,12.9325,-0.150279457594898
235,275,315,12.94,-2.01889652807525
235,275,315,12.9475,-2.59602455409844
235,275,315,12.955,2.85553476621585
235,275,315,12.9625,1.51661954795985
235,275,315,12.97,1.01219554214532
235,275,315,12.9775,-0.138705711850587
235,275,315,12.985,-2.13464861472704
235,275,315,12.9925,-2.97109186557936
235,275,315,13,1.30174591622134
235,275,315,13.0075,-1.45061092896189
235,275,315,13.015,-1.64404722387893
235,275,315,13.0225,3.00970745357369
235,275,315,13.03,2.18929210583586
235,275,315,13.0375,1.01015539322641
235,275,315,13.045,0.399636757665186
235,275,315,13.0525,-0.873545055177024
235,275,315,13.06,-2.04669688939927
235,275,315,13.0675,-2.61029944460044
235,275,315,13.075,3.00930972061013
235,275,315,13.0825,1.62072157126946
235,275,315,13.09,0.661398450579548
235,275,315,13.0975,0.31122601034387
235,275,315,13.105,-0.694285028086709
235,275,315,13.1125,-1.53691427512138
235,275,315,13.12,-3.06488584776463
235,275,315,13.1275,2.56282774621616
235,275,315,13.135,1.3199030617186
235,275,315,13.1425,0.390966656840279
235,275,315,13.15,-0.66439598160332
235,275,315,13.1575,-1.87616936193168
235,275,315,13.165,-2.76989127288454
235,275,315,13.1725,2.49132692532773
235,275,315,13.18,1.63939880412273
235,275,315,13.1875,0.385392514588659
235,275,315,13.195,-0.551835115216382
235,275,315,13.2025,-1.56624561577833
235,275,315,13.21,-2.48151713113454
235,275,315,13.2175,2.98278220284369
235,275,315,13.225,1.50308686569798
235,275,315,13.2325,0.637713796895758
235,275,315,13.24,-1.14947468095406
235,275,315,13.2475,-1.18946733309313
235,275,315,13.255,-1.64705853985677
235,275,315,13.2625,-1.56449568247845
235,275,315,13.27,-1.73033648683831
235,275,315,13.2775,-0.391841287409715
235,275,315,13.285,-0.149839065703698
235,275,315,13.2925,-3.05173685440666
235,275,315,13.3,1.82814470009393
235,275,315,13.3075,0.653660643473584
235,275,315,13.315,-0.291756648295717
235,275,315,13.3225,-1.52249856867676
235,275,315,13.33,-2.46979443178679
235,275,315,13.3375,-3.09225545686945
235,275,315,13.345,1.68702829021605
235,275,315,13.3525,0.769632480184353
235,275,315,13.36,-0.294174894012093
235,275,315,13.3675,-1.20455545938583
235,275,315,13.375,-2.3653514679243
235,275,315,13.3825,2.8273709732331
235,275,315,13.39,2.03259161479865
235,275,315,13.3975,1.08048089207461
235,275,315,13.405,-0.0261381435332332
235,275,315,13.4125,-1.10714396609208
235,275,315,13.42,-2.35560015889705
235,275,315,13.4275,-2.99123336503919
235,275,315,13.435,2.15977184281672
235,275,315,13.4425,1.2650229778557
235,275,315,13.45,0.58613939984979
235,275,315,13.4575,-0.978220151376959
235,275,315,13.465,-1.72906372114579
235,275,315,13.4725,-2.15304055203806
235,275,315,13.48,3.09231728130226
235,275,315,13.4875,1.89255846275859
235,275,315,13.495,2.08372689301627
235,275,315,13.5025,0.256457114701972
235,275,315,13.51,0.00493270927890656
235,275,315,13.5175,-0.813421775609895
235,275,315,13.525,-2.0684115815497
235,275,315,13.5325,-2.29387934630584
235,275,315,13.54,2.99072454215701
235,275,315,13.5475,1.83223806208724
235,275,315,13.555,1.0279652192377
235,275,315,13.5625,0.168710535413466
235,275,315,13.57,-0.740123022175399
235,275,315,13.5775,-1.7552032783638
235,275,315,13.585,-2.34639464502483
235,275,315,13.5925,-2.37454271504999
235,275,315,13.6,2.00665687924152
235,275,315,13.6075,1.38844709310752
235,275,315,13.615,0.325321590830991
235,275,315,13.6225,-0.91889994502899
235,275,315,13.63,-1.6833088313671
235,275,315,13.6375,-2.57130704708457
235,275,315,13.645,2.74898388861082
235,275,315,13.6525,1.87694628244625
235,275,315,13.66,0.992081521777803
235,275,315,13.6675,-0.0463346586533905
235,275,315,13.675,-1.5241424233274
235,275,315,13.6825,-1.87215168573934
235,275,315,13.69,-3.08919003344964
235,275,315,13.6975,2.44197474352465
235,275,315,13.705,1.7409910466264
235,275,315,13.7125,0.28394536421226
235,275,315,13.72,-0.599282136855135
235,275,315,13.7275,-1.11522736716283
235,275,315,13.735,-2.42660390722655
235,275,315,13.7425,-3.13439136807775
235,275,315,13.75,1.8916224304506
235,275,315,13.7575,0.940169695370107
235,275,315,13.765,-0.158714453275324
235,275,315,13.7725,-0.802824799695252
235,275,315,13.78,-1.86407483313811
235,275,315,13.7875,3.05041817814717
235,275,315,13.795,1.90008431985277
235,275,315,13.8025,2.66484792894224
235,275,315,13.81,1.07809687400342
235,275,315,13.8175,1.51533619592859
235,275,315,13.825,0.176765278563258
235,275,315,13.8325,-0.662027814557483
235,275,315,13.84,-1.28776517135024
235,275,315,13.8475,-2.3376116023624
235,275,315,13.855,2.83147705207877
235,275,315,13.8625,2.16585825710239
235,275,315,13.87,1.2622880831477
235,275,315,13.8775,0.141486263059583
235,275,315,13.885,-1.06526244505458
235,275,315,13.8925,-2.0230403122373
235,275,315,13.9,-2.72104119151718
235,275,315,13.9075,2.64987652551133
235,275,315,13.915,1.2344120067124
235,275,315,13.9225,0.621794765805592
235,275,315,13.93,-0.783216969354723
235,275,315,13.9375,-1.65405880265849
235,275,315,13.945,-2.64232024848587
235,275,315,13.9525,2.55356012250178
235,275,315,13.96,1.61470287336503
235,275,315,13.9675,0.500137862126928
235,275,315,13.975,-0.310305388804305
235,275,315,13.9825,-1.55516942340529
235,275,315,13.99,-2.87437080330693
235,275,315,13.9975,2.63969061357996
235,275,315,14.005,1.57588900610425
235,275,315,14.0125,0.303988499968543
235,275,315,14.02,-0.23846443542515
235,275,315,14.0275,3.02637845104691
235,275,315,14.035,0.910827519664941
235,275,315,14.0425,1.31277995787043
235,275,315,14.05,-1.65373126016742
235,275,315,14.0575,-2.5798063824131
235,275,315,14.065,3.09732019485095
235,275,315,14.0725,1.51689280498469
235,275,315,14.08,1.16204517329739
235,275,315,14.0875,0.0151356065942073
235,275,315,14.095,-1.4807787725042
235,275,315,14.1025,-1.8405757997677
235,275,315,14.11,2.87522183686122
235,275,315,14.1175,2.14855011192571
235,275,315,14.125,1.43799924944905
235,275,315,14.1325,0.307910555045159
235,275,315,14.14,-0.297644686018922
235,275,315,14.1475,-1.536514622432
235,275,315,14.155,-2.76227016366205
235,275,315,14.1625,2.62244660792205
235,275,315,14.17,1.98400322372591
235,275,315,14.1775,0.669078639546079
235,275,315,14.185,-0.0409546419432568
235,275,315,14.1925,-1.29089032501239
235,275,315,14.2,-2.55475865254302
235,275,315,14.2075,-2.96543637561627
235,275,315,14.215,2.14405010109694
235,275,315,14.2225,1.5589905303249
235,275,315,14.23,0.429060284458616
235,275,315,14.2375,-1.17644002191829
235,275,315,14.245,-1.8384774348966
235,275,315,14.2525,-2.34041048829445
235,275,315,14.26,2.37675814839681
235,275,315,14.2675,1.50304787450398
235,275,315,14.275,0.672565473558804
235,275,315,14.2825,-1.08214132505203
235,275,315,14.29,0.720098562568039
235,275,315,14.2975,-0.368588140989541
235,275,315,14.305,2.9996887714528
235,275,315,14.3125,2.02491198889476
235,275,315,14.32,1.4988151528673
235,275,315,14.3275,2.12932533048892
235,275,315,14.335,0.742404741114108
235,275,315,14.3425,0.756797885849054
235,275,315,14.35,0.500837555768601
235,275,315,14.3575,-2.09559081057979
235,275,315,14.365,-2.55865173753002
235,275,315,14.3725,1.66393915939054
235,275,315,14.38,2.27184429476342
235,275,315,14.3875,0.771265091298773
235,275,315,14.395,0.181398341365696
235,275,315,14.4025,-1.33088284370206
235,275,315,14.41,-1.96349966064949
235,275,315,14.4175,-2.77352455764259
235,275,315,14.425,2.36889352557526
235,275,315,14.4325,1.79673767706353
235,275,315,14.44,0.595235195686744
235,275,315,14.4475,-0.543407048549492
235,275,315,14.455,-1.45459805251312
235,275,315,14.4625,-2.09123827970093
235,275,315,14.47,2.83129965846376
235,275,315,14.4775,1.73162718622391
235,275,315,14.485,0.802325418951077
235,275,315,14.4925,0.102190437323579
235,275,315,14.5,-1.2651439410653
235,275,315,14.5075,-2.37480260199894
235,275,315,14.515,-3.05485393435716
235,275,315,14.5225,1.814306079198
235,275,315,14.53,1.19509639521147
235,275,315,14.5375,-0.0122267125073129
235,275,315,14.545,-0.806337040608805
235,275,315,14.5525,-2.19337909327933
235,275,315,14.56,-2.10516740568856
235,275,315,14.5675,2.66619665433512
235,275,315,14.575,2.07141380174461
235,275,315,14.5825,-0.545437188336886
235,275,315,14.59,1.82116012060525
235,275,315,14.5975,-0.929014907928527
235,275,315,14.605,2.50315191021622
235,275,315,14.6125,0.744183444046219
235,275,315,14.62,-0.684266329968133
235,275,315,14.6275,-3.04901432477492
235,275,315,14.635,2.63840587863477
235,275,315,14.6425,1.87000287584582
235,275,315,14.65,1.05567273612091
235,275,315,14.6575,0.122169871269082
235,275,315,14.665,-1.57282960286294
235,275,315,14.6725,-2.73455744977266
235,275,315,14.68,2.53167899407209
235,275,315,14.6875,1.99034812632568
235,275,315,14.695,0.398630206090019
235,275,315,14.7025,0.114600063838503
235,275,315,14.71,-0.860792352587507
235,275,315,14.7175,-2.27574939642371
235,275,315,14.725,-2.67618355671792
235,275,315,14.7325,2.44965030753123
235,275,315,14.74,1.50064246007228
235,275,315,14.7475,0.356083294526101
235,275,315,14.755,-0.704806596322521
235,275,315,14.7625,-1.40106947137978
235,275,315,14.77,-3.08171028492606
235,275,315,14.7775,2.69858519314343
235,275,315,14.785,1.79129684837605
235,275,315,14.7925,0.0523622474657618
235,275,315,14.8,-0.632882545500227
235,275,315,14.8075,0.961455624985561
235,275,315,14.815,-2.96970763964509
235,275,315,14.8225,2.81403748858348
235,275,315,14.83,2.61298503511124
235,275,315,14.8375,0.188776246245665
235,275,315,14.845,1.62104531519937
235,275,315,14.8525,-0.11969916054599
235,275,315,14.86,2.76942149170312
235,275,315,14.8675,0.84783457663172
235,275,315,14.875,-1.12033236242838
235,275,315,14.8825,-1.62970812133112
235,275,315,14.89,-3.1185304616432
235,275,315,14.8975,1.39692437017185
235,275,315,14.905,0.51884379788172
235,275,315,14.9125,0.625889643638821
235,275,315,14.92,-0.675441191622832
235,275,315,14.9275,-1.44149540750713
235,275,315,14.935,-2.68390771945485
235,275,315,14.9425,2.52787805712335
235,275,315,14.95,2.11995346273295
235,275,315,14.9575,0.616306199509425
235,275,315,14.965,-0.465029896609077
235,275,315,14.9725,-1.22850821487383
235,275,315,14.98,-2.49899349543498
235,275,315,14.9875,-3.14035076099421
235,275,315,14.995,1.56668341050424
235,275,315,15.0025,1.02098650780464
235,275,315,15.01,0.139958985092422
235,275,315,15.0175,-0.645998624702414
235,275,315,15.025,-2.15759931728906
235,275,315,15.0325,-2.39307120023023
235,275,315,15.04,2.79315141790329
235,275,315,15.0475,2.08109697480342
235,275,315,15.055,1.38803662770439
235,275,315,15.0625,0.0540903434123028
235,275,315,15.07,-1.03653546074885
235,275,315,15.0775,-2.32091263814996
235,275,315,15.085,2.35752144263001
235,275,315,15.0925,0.931849752429521
235,275,315,15.1,-0.839365106413768
235,275,315,15.1075,2.82062022158662
235,275,315,15.115,1.09436288525755
235,275,315,15.1225,1.19325058584623
235,275,315,15.13,0.780531143336273
235,275,315,15.1375,-1.09774196763082
235,275,315,15.145,-2.05561842228356
235,275,315,15.1525,3.02214307243173
235,275,315,15.16,1.33800012525235
235,275,315,15.1675,1.24001625139673
235,275,315,15.175,-0.18471202004003
235,275,315,15.1825,-1.45243526075505
235,275,315,15.19,-2.21268312898754
235,275,315,15.1975,-2.48720326271077
235,275,315,15.205,2.20307498113557
235,275,315,15.2125,1.41237856271177
235,275,315,15.22,0.888640860615976
235,275,315,15.2275,-0.930542772818351
235,275,315,15.235,-1.49307638268833
235,275,315,15.2425,-2.21690299303037
235,275,315,15.25,2.69891516078315
235,275,315,15.2575,1.70313292880439
235,275,315,15.265,0.755866012256363
235,275,315,15.2725,0.0620738020061185
235,275,315,15.28,-1.51404021059171
235,275,315,15.2875,-2.5181161685301
235,275,315,15.295,-2.81024942176833
235,275,315,15.3025,2.31464711698328
235,275,315,15.31,0.976875155699814
235,275,315,15.3175,-0.036580196034863
235,275,315,15.325,-0.546860022355647
235,275,315,15.3325,-2.17564910067177
235,275,315,15.34,-1.75656010065346
235,275,315,15.3475,-0.510780458759083
235,275,315,15.355,-2.01338927411688
235,275,315,15.3625,2.50032421079835
235,275,315,15.37,2.87620410826265
235,275,315,15.3775,1.17214084274047
235,275,315,15.385,0.343090091333156
235,275,315,15.3925,-0.644853026942693
235,275,315,15.4,-0.908916488794944
235,275,315,15.4075,-2.76816141744894
235,275,315,15.415,1.57632632153149
235,275,315,15.4225,1.99831454208294
235,275,315,15.43,0.617915503196175
235,275,315,15.4375,0.102216101535727
235,275,315,15.445,-1.41904499390456
235,275,315,15.4525,-2.06303484625174
235,275,315,15.46,2.13536638917344
235,275,315,15.4675,1.3887941684073
235,275,315,15.475,0.616870321574088
235,275,315,15.4825,-1.13214155733197
235,275,315,15.49,-0.206206408214962
235,275,315,15.4975,-1.51142301473541
235,275,315,15.505,-2.42707894615951
235,275,315,15.5125,2.06599228570524
235,275,315,15.52,2.11261502547484
235,275,315,15.5275,0.440961749738091
235,275,315,15.535,0.512748015771529
235,275,315,15.5425,-0.480553968534677
235,275,315,15.55,-2.72423769617935
235,275,315,15.5575,2.29688820389992
235,275,315,15.565,1.98123631327521
235,275,315,15.5725,0.90872334960857
235,275,315,15.58,0.338201802341143
235,275,315,15.5875,0.225135361742244
235,275,315,15.595,-0.215937611259122
235,275,315,15.6025,-1.5061992577281
235,275,315,15.61,-2.24183918736835
235,275,315,15.6175,2.53510018923878
235,275,315,15.625,2.20598232389399
235,275,315,15.6325,0.577037188722385
235,275,315,15.64,-0.616942649084641
235,275,315,15.6475,-1.12560473822114
235,275,315,15.655,2.35742066107936
235,275,315,15.6625,3.0547044707849
235,275,315,15.67,3.0759572464532
235,275,315,15.6775,-1.87429608898233
235,275,315,15.685,2.52051327878987
235,275,315,15.6925,0.886219202555217
235,275,315,15.7,-0.554322677841543
235,275,315,15.7075,-1.54769971855168
235,275,315,15.715,-0.578301188850904
235,275,315,15.7225,-2.97919192789706
235,275,315,15.73,2.36515575207455
235,275,315,15.7375,0.614856932128361
235,275,315,15.745,-0.245672302819168
235,275,315,15.7525,-1.50433966842103
235,275,315,15.76,-1.52440719807402
235,275,315,15.7675,-2.70418762513941
235,275,315,15.775,2.04348014799952
235,275,315,15.7825,1.40096327387221
235,275,315,15.79,0.0180857284080822
235,275,315,15.7975,-0.893652410518096
235,275,315,15.805,-1.50977921067514
235,275,315,15.8125,-1.94656195617787
235,275,315,15.82,2.35648437204674
235,275,315,15.8275,0.316617151388109
235,275,315,15.835,-0.343077914337243
235,275,315,15.8425,-1.22537313616628
235,275,315,15.85,-1.26290338634527
235,275,315,15.8575,-3.07347653409322
235,275,315,15.865,-0.283924568637275
235,275,315,15.8725,-0.853585364437739
235,275,315,15.88,1.32277003510118
235,275,315,15.8875,1.96698420245969
235,275,315,15.895,1.49712532130315
235,275,315,15.9025,-1.24182757629312
235,275,315,15.91,-1.54858935746223
235,275,315,15.9175,2.95132374135811
235,275,315,15.925,-0.781599574913329
235,275,315,15.9325,3.06776075056042
235,275,315,15.94,2.61342507705842
235,275,315,15.9475,0.725839599702595
235,275,315,15.955,0.646502155429212
235,275,315,15.9625,-1.41774038865441
235,275,315,15.97,-2.0790189143698
235,275,315,15.9775,2.92972235198859
235,275,315,15.985,2.5194952667716
235,275,315,15.9925,0.0574798299524208
235,275,315,16,0.0549829167486913
235,275,314,4,-1.46798449686328
235,275,314,4.0075,-2.41296523589889
235,275,314,4.015,2.89989193184289
235,275,314,4.0225,1.88340678321039
235,275,314,4.03,0.932515824378759
235,275,314,4.0375,-0.0308873938550515
235,275,314,4.045,-1.01862734346071
235,275,314,4.0525,-1.97235362890682
235,275,314,4.06,-2.91290447483617
235,275,314,4.0675,2.57276966145473
235,275,314,4.075,1.69073384105244
235,275,314,4.0825,0.778975175574493
235,275,314,4.09,-0.24537572537591
235,275,314,4.0975,-1.15054048652591
235,275,314,4.105,-2.24617947653754
235,275,314,4.1125,2.96739833821224
235,275,314,4.12,2.16688334702145
235,275,314,4.1275,1.04362255038009
235,275,314,4.135,0.178757404094133
235,275,314,4.1425,-0.53685420909878
235,275,314,4.15,-1.13386102775022
235,275,314,4.1575,-2.13582771514772
235,275,314,4.165,3.04758112174638
235,275,314,4.1725,2.66541798802337
235,275,314,4.18,1.77578081324357
235,275,314,4.1875,0.878272142733907
235,275,314,4.195,-0.019342483227395
235,275,314,4.2025,-0.792107700486724
235,275,314,4.21,-1.97575346412237
235,275,314,4.2175,-2.44387498880561
235,275,314,4.225,2.97293093443965
235,275,314,4.2325,2.44104293365546
235,275,314,4.24,1.44326555941295
235,275,314,4.2475,0.447913265374912
235,275,314,4.255,-0.405753936438522
235,275,314,4.2625,-1.4704936756144
235,275,314,4.27,-2.41824574569544
235,275,314,4.2775,2.93942623982831
235,275,314,4.285,1.85825589098483
235,275,314,4.2925,0.915039004052012
235,275,314,4.3,-0.119843715648017
235,275,314,4.3075,-0.909016358978844
235,275,314,4.315,-1.91413766771414
235,275,314,4.3225,-2.84084349117765
235,275,314,4.33,2.47383557886081
235,275,314,4.3375,1.34558880988131
235,275,314,4.345,0.353445260260609
235,275,314,4.3525,-0.682772723658643
235,275,314,4.36,-1.68584554375115
235,275,314,4.3675,-2.90300720101051
235,275,314,4.375,2.43621759626801
235,275,314,4.3825,1.51281891208016
235,275,314,4.39,0.280239730091086
235,275,314,4.3975,-0.400307531709433
235,275,314,4.405,-1.67897755869306
235,275,314,4.4125,-2.05318153147976
235,275,314,4.42,-3.12201610014723
235,275,314,4.4275,-2.93202953454287
235,275,314,4.435,3.12117689088115
235,275,314,4.4425,2.11079921890121
235,275,314,4.45,1.36764901132185
235,275,314,4.4575,0.499777824957344
235,275,314,4.465,-0.696607817419132
235,275,314,4.4725,-1.621465745014
235,275,314,4.48,-2.47589844765336
235,275,314,4.4875,2.65555713919017
235,275,314,4.495,1.98347385852794
235,275,314,4.5025,0.899108308324474
235,275,314,4.51,-0.109382840216287
235,275,314,4.5175,-1.04762700917044
235,275,314,4.525,-2.04593460250592
235,275,314,4.5325,-3.10703504875458
235,275,314,4.54,2.18232102445755
235,275,314,4.5475,1.22089407204779
235,275,314,4.555,0.23523024728033
235,275,314,4.5625,-0.710079578039541
235,275,314,4.57,-1.73373430115426
235,275,314,4.5775,-2.64416469264398
235,275,314,4.585,2.65601068335517
235,275,314,4.5925,1.64866261924279
235,275,314,4.6,0.478342563588679
235,275,314,4.6075,-0.660977729910581
235,275,314,4.615,-1.81293937960276
235,275,314,4.6225,-3.04638698361883
235,275,314,4.63,2.2617583693418
235,275,314,4.6375,0.883329549202666
235,275,314,4.645,-0.193845856097135
235,275,314,4.6525,-2.20508093697987
235,275,314,4.66,2.60437966861482
235,275,314,4.6675,0.739356585074508
235,275,314,4.675,-0.0732664673929208
235,275,314,4.6825,-1.55802239397938
235,275,314,4.69,-1.97166141803777
235,275,314,4.6975,2.81687119993793
235,275,314,4.705,2.3319094895498
235,275,314,4.7125,1.22457840336267
235,275,314,4.72,0.453830712522733
235,275,314,4.7275,-0.687225354613891
235,275,314,4.735,-1.69113040802764
235,275,314,4.7425,-2.64547828678894
235,275,314,4.75,2.66655792116657
235,275,314,4.7575,1.61339324170567
235,275,314,4.765,0.452150154350134
235,275,314,4.7725,-0.466476288268779
235,275,314,4.78,-1.42771019213872
235,275,314,4.7875,-2.4305449302006
235,275,314,4.795,2.85440427960006
235,275,314,4.8025,1.93638683043818
235,275,314,4.81,0.939738843171092
235,275,314,4.8175,0.0179487596990162
235,275,314,4.825,-1.0378959792404
235,275,314,4.8325,-1.93413818233308
235,275,314,4.84,-2.98627609154335
235,275,314,4.8475,2.19430206280726
235,275,314,4.855,1.14698870911928
235,275,314,4.8625,0.0171619673978432
235,275,314,4.87,-0.987470112225351
235,275,314,4.8775,-2.04441430239275
235,275,314,4.885,3.06732088604418
235,275,314,4.8925,2.10846992504195
235,275,314,4.9,0.845924530738988
235,275,314,4.9075,0.163664348896673
235,275,314,4.915,-0.764090009032435
235,275,314,4.9225,0.052383893894562
235,275,314,4.93,-1.79387338399628
235,275,314,4.9375,2.38895904909348
235,275,314,4.945,0.86294297779413
235,275,314,4.9525,-1.1329794126964
235,275,314,4.96,-2.51409085978184
235,275,314,4.9675,2.54540021727297
235,275,314,4.975,1.58522299517962
235,275,314,4.9825,0.534248057311808
235,275,314,4.99,-0.547886780325221
235,275,314,4.9975,-1.4784493318243
235,275,314,5.005,-2.53517509420371
235,275,314,5.0125,2.49083038311953
235,275,314,5.02,1.50758608263353
235,275,314,5.0275,0.67272563799605
235,275,314,5.035,-0.379097626337834
235,275,314,5.0425,-1.3574636351212
235,275,314,5.05,-2.25798102307643
235,275,314,5.0575,2.90067382250261
235,275,314,5.065,2.0947349565678
235,275,314,5.0725,1.19706759521494
235,275,314,5.08,0.0174561377393487
235,275,314,5.0875,-0.911633539093458
235,275,314,5.095,-2.0760110703219
235,275,314,5.1025,3.05087887652102
235,275,314,5.11,2.31147910577237
235,275,314,5.1175,0.931498984329205
235,275,314,5.125,0.0413125447824799
235,275,314,5.1325,-1.06607785687387
235,275,314,5.14,-2.06965932053457
235,275,314,5.1475,-2.88707114858842
235,275,314,5.155,2.43667935729074
235,275,314,5.1625,1.63439807976259
235,275,314,5.17,0.506081438577719
235,275,314,5.1775,-0.8052672025356
235,275,314,5.185,-1.99586455957983
235,275,314,5.1925,-3.12042178488236
235,275,314,5.2,1.28686408511368
235,275,314,5.2075,0.474735154073455
235,275,314,5.215,-1.11524142966849
235,275,314,5.2225,-2.37461372558142
235,275,314,5.23,2.53498827963519
235,275,314,5.2375,1.41429491401577
235,275,314,5.245,0.340982820412012
235,275,314,5.2525,-0.593643253892693
235,275,314,5.26,-1.77095061304879
235,275,314,5.2675,-2.91390654413539
235,275,314,5.275,2.40083314858326
235,275,314,5.2825,1.3208858658038
235,275,314,5.29,0.60179918214529
235,275,314,5.2975,-0.544412097785466
235,275,314,5.305,-1.67340351090791
235,275,314,5.3125,-2.63679918455752
235,275,314,5.32,2.67074037034677
235,275,314,5.3275,1.57381556328717
235,275,314,5.335,0.2293269342761
235,275,314,5.3425,-0.405201813453477
235,275,314,5.35,-1.18418198654158
235,275,314,5.3575,-2.22242538607809
235,275,314,5.365,-3.10251459026458
235,275,314,5.3725,2.57147672313203
235,275,314,5.38,2.26491194229979
235,275,314,5.3875,0.867796766039442
235,275,314,5.395,-0.175591881857081
235,275,314,5.4025,-1.28827852077372
235,275,314,5.41,-1.82311114605857
235,275,314,5.4175,-2.27770454650503
235,275,314,5.425,2.89090959049269
235,275,314,5.4325,1.47743798029942
235,275,314,5.44,2.18914539636422
235,275,314,5.4475,1.80377916068124
235,275,314,5.455,0.284491514237525
235,275,314,5.4625,0.0890335628868627
235,275,314,5.47,-1.0001188425513
235,275,314,5.4775,-2.55442400925762
235,275,314,5.485,2.75646442770017
235,275,314,5.4925,1.72613349458239
235,275,314,5.5,0.568135725180754
235,275,314,5.5075,-0.77301885114032
235,275,314,5.515,-1.58147263799614
235,275,314,5.5225,-2.28564136570456
235,275,314,5.53,-3.10618202285219
235,275,314,5.5375,1.93495769787291
235,275,314,5.545,1.33655834052233
235,275,314,5.5525,-0.00370194267180115
235,275,314,5.56,-0.436182244591423
235,275,314,5.5675,-1.30215794779741
235,275,314,5.575,-2.63932356500054
235,275,314,5.5825,2.62881296419619
235,275,314,5.59,1.40859072232799
235,275,314,5.5975,0.521735322153769
235,275,314,5.605,-0.472841556801561
235,275,314,5.6125,-1.56017775249858
235,275,314,5.62,-2.52921920910396
235,275,314,5.6275,2.97898407371601
235,275,314,5.635,1.71881531280457
235,275,314,5.6425,0.862834584086253
235,275,314,5.65,-0.578477832777476
235,275,314,5.6575,-1.77273956564249
235,275,314,5.665,2.79817642173775
235,275,314,5.6725,1.21532580432774
235,275,314,5.68,0.0296126607270318
235,275,314,5.6875,-1.43342609467502
235,275,314,5.695,-2.86509688676088
235,275,314,5.7025,2.31366173698075
235,275,314,5.71,1.23167810854292
235,275,314,5.7175,0.205065568598767
235,275,314,5.725,-0.762951555312147
235,275,314,5.7325,-1.95153922135511
235,275,314,5.74,-2.82890104259899
235,275,314,5.7475,2.30529138172972
235,275,314,5.755,1.34920673312369
235,275,314,5.7625,0.318642075541479
235,275,314,5.77,-0.589059937758265
235,275,314,5.7775,-1.87948520136964
235,275,314,5.785,-2.81117274309669
235,275,314,5.7925,2.47485491544739
235,275,314,5.8,1.76779243240087
235,275,314,5.8075,0.588142839603876
235,275,314,5.815,-0.491131554230339
235,275,314,5.8225,-1.37896543392013
235,275,314,5.83,-2.50824495249362
235,275,314,5.8375,2.79886408832065
235,275,314,5.845,1.78685052576818
235,275,314,5.8525,0.788794438232158
235,275,314,5.86,-0.374520497459382
235,275,314,5.8675,-1.2781210105219
235,275,314,5.875,-2.34550522597513
235,275,314,5.8825,-3.0431578969322
235,275,314,5.89,1.54292287205121
235,275,314,5.8975,0.420045403313416
235,275,314,5.905,-1.09548556133264
235,275,314,5.9125,-2.108819976659
235,275,314,5.92,2.08281788132907
235,275,314,5.9275,1.20945611559117
235,275,314,5.935,0.0138722767193944
235,275,314,5.9425,-1.20204995986361
235,275,314,5.95,-2.33668629862135
235,275,314,5.9575,3.05487804826163
235,275,314,5.965,1.47091346115566
235,275,314,5.9725,0.610603452057047
235,275,314,5.98,-0.277735837854388
235,275,314,5.9875,-1.15146970634145
235,275,314,5.995,-2.26403048489517
235,275,314,6.0025,2.67883126584183
235,275,314,6.01,2.2881146408626
235,275,314,6.0175,0.869166564961403
235,275,314,6.025,0.233865681672897
235,275,314,6.0325,-0.810343701309848
235,275,314,6.04,-1.67092939608475
235,275,314,6.0475,-2.63761529042179
235,275,314,6.055,2.72823042886332
235,275,314,6.0625,1.66170439301571
235,275,314,6.07,0.717830231413378
235,275,314,6.0775,-0.376902493882787
235,275,314,6.085,-1.23402966359521
235,275,314,6.0925,-2.34506901232224
235,275,314,6.1,3.13483598483666
235,275,314,6.1075,1.94469892639892
235,275,314,6.115,0.862404996469764
235,275,314,6.1225,0.304089186348944
235,275,314,6.13,-0.856827556199249
235,275,314,6.1375,-1.90173406885049
235,275,314,6.145,-2.46475523904714
235,275,314,6.1525,1.94924440122604
235,275,314,6.16,0.677347827380886
235,275,314,6.1675,2.82799746428994
235,275,314,6.175,1.90218992113159
235,275,314,6.1825,1.18067314700817
235,275,314,6.19,0.336375314336703
235,275,314,6.1975,-1.00042669077145
235,275,314,6.205,-2.55646103385624
235,275,314,6.2125,2.79551609716424
235,275,314,6.22,1.75623469428241
235,275,314,6.2275,0.970728086790519
235,275,314,6.235,-0.430713818588151
235,275,314,6.2425,-0.987546918973774
235,275,314,6.25,-1.71956349070999
235,275,314,6.2575,-2.96363521915574
235,275,314,6.265,2.81434133846749
235,275,314,6.2725,1.61865230475651
235,275,314,6.28,0.916984813440612
235,275,314,6.2875,0.397003492083786
235,275,314,6.295,-0.764566995552392
235,275,314,6.3025,-1.67319443013848
235,275,314,6.31,-2.6715262414952
235,275,314,6.3175,2.69284709928086
235,275,314,6.325,1.77912052832247
235,275,314,6.3325,0.588383499622097
235,275,314,6.34,-0.0806268106516333
235,275,314,6.3475,-1.30884478196119
235,275,314,6.355,-2.07387932075577
235,275,314,6.3625,3.07267985829976
235,275,314,6.37,2.09132581777828
235,275,314,6.3775,0.809544588889185
235,275,314,6.385,0.0633340857083772
235,275,314,6.3925,-1.13215510423693
235,275,314,6.4,-1.89370679994342
235,275,314,6.4075,-2.62396357032983
235,275,314,6.415,2.55775285955431
235,275,314,6.4225,1.29820419965444
235,275,314,6.43,2.9251546727128
235,275,314,6.4375,0.916153360244006
235,275,314,6.445,0.0835165223796535
235,275,314,6.4525,-1.13939595942404
235,275,314,6.46,-2.0561013202259
235,275,314,6.4675,-2.99693293395095
235,275,314,6.475,2.50268937070579
235,275,314,6.4825,0.934355486713925
235,275,314,6.49,0.962650942263856
235,275,314,6.4975,0.334253796765692
235,275,314,6.505,-0.435457149852234
235,275,314,6.5125,-1.54437315203198
235,275,314,6.52,-2.5876346346832
235,275,314,6.5275,2.92452487561164
235,275,314,6.535,1.90662435974204
235,275,314,6.5425,0.888338930714914
235,275,314,6.55,-0.150272036029722
235,275,314,6.5575,-0.964352112362641
235,275,314,6.565,-2.13261178181238
235,275,314,6.5725,-2.99003834510194
235,275,314,6.58,2.23347458859688
235,275,314,6.5875,1.12830902675457
235,275,314,6.595,-0.0824030902671879
235,275,314,6.6025,-1.00509385300123
235,275,314,6.61,-1.98045279037684
235,275,314,6.6175,-3.06953565753329
235,275,314,6.625,2.47123778061405
235,275,314,6.6325,1.17571323936539
235,275,314,6.64,0.00126851652339702
235,275,314,6.6475,-0.288189110533598
235,275,314,6.655,-1.62988189491366
235,275,314,6.6625,-2.69609277935201
235,275,314,6.67,2.9206783004476
235,275,314,6.6775,0.239506202559648
235,275,314,6.685,-2.80692328138498
235,275,314,6.6925,2.39673648787818
235,275,314,6.7,1.41025957531938
235,275,314,6.7075,0.311416290024136
235,275,314,6.715,-0.975049126798226
235,275,314,6.7225,-1.86381542286256
235,275,314,6.73,-2.65062908059519
235,275,314,6.7375,2.65518015489071
235,275,314,6.745,1.62375909553294
235,275,314,6.7525,0.72357384571566
235,275,314,6.76,-0.339053704715732
235,275,314,6.7675,-0.94324108688885
235,275,314,6.775,-2.14108228912046
235,275,314,6.7825,-3.07113086967028
235,275,314,6.79,2.2370888725891
235,275,314,6.7975,0.98346644934322
235,275,314,6.805,0.141596851168566
235,275,314,6.8125,-0.640070072596182
235,275,314,6.82,-1.78962610881203
235,275,314,6.8275,-2.78283019908941
235,275,314,6.835,2.64996326266061
235,275,314,6.8425,1.80597207827714
235,275,314,6.85,0.690891118476252
235,275,314,6.8575,-0.487467711974128
235,275,314,6.865,-1.23932055680099
235,275,314,6.8725,-2.08058639496562
235,275,314,6.88,-2.84884516824949
235,275,314,6.8875,2.08169208547718
235,275,314,6.895,1.30984194811332
235,275,314,6.9025,0.385525319168525
235,275,314,6.91,-0.457711637168408
235,275,314,6.9175,-1.09410432421313
235,275,314,6.925,-1.71735221779539
235,275,314,6.9325,-2.40554471214224
235,275,314,6.94,2.53162156385501
235,275,314,6.9475,1.6407730270444
235,275,314,6.955,0.944614326505225
235,275,314,6.9625,-0.185684461702994
235,275,314,6.97,-1.2048495356508
235,275,314,6.9775,-1.93551558324479
235,275,314,6.985,-2.60193603284726
235,275,314,6.9925,-3.11822680242728
235,275,314,7,2.6473158959863
235,275,314,7.0075,1.59044019513951
235,275,314,7.015,0.359644039458955
235,275,314,7.0225,-0.693518754693065
235,275,314,7.03,-1.6633792334183
235,275,314,7.0375,-2.61844118526595
235,275,314,7.045,2.70491884186403
235,275,314,7.0525,1.90994070280098
235,275,314,7.06,1.13918007359002
235,275,314,7.0675,0.219723917179571
235,275,314,7.075,-0.749436413628618
235,275,314,7.0825,-1.66112027563181
235,275,314,7.09,-2.50364908181515
235,275,314,7.0975,2.6853062640953
235,275,314,7.105,1.61961779797569
235,275,314,7.1125,0.606520865177799
235,275,314,7.12,-0.356396059601112
235,275,314,7.1275,-1.38671573781931
235,275,314,7.135,-2.47397048270726
235,275,314,7.1425,2.78651966441854
235,275,314,7.15,1.8218066764606
235,275,314,7.1575,0.842586651177656
235,275,314,7.165,-0.00702747576331668
235,275,314,7.1725,-0.899367404513241
235,275,314,7.18,-1.73642352467548
235,275,314,7.1875,-2.75165082375288
235,275,314,7.195,2.90231103219191
235,275,314,7.2025,1.8977947631691
235,275,314,7.21,1.90204238297525
235,275,314,7.2175,0.524055502096521
235,275,314,7.225,-0.121417533124478
235,275,314,7.2325,-1.30111556260983
235,275,314,7.24,-1.81347445325228
235,275,314,7.2475,-2.82839189646626
235,275,314,7.255,2.8037045832367
235,275,314,7.2625,1.72954547259405
235,275,314,7.27,0.827558466089408
235,275,314,7.2775,-0.0551814887546585
235,275,314,7.285,-1.3859894285127
235,275,314,7.2925,-2.08832512463032
235,275,314,7.3,-3.01325552469573
235,275,314,7.3075,2.26582826720716
235,275,314,7.315,1.3604847967846
235,275,314,7.3225,0.291630718665825
235,275,314,7.33,-0.64760025535219
235,275,314,7.3375,-1.53334716123756
235,275,314,7.345,-2.41624842287012
235,275,314,7.3525,2.88433611725199
235,275,314,7.36,2.07424760079616
235,275,314,7.3675,0.811729699763206
235,275,314,7.375,-0.133230046172686
235,275,314,7.3825,-0.930861075016971
235,275,314,7.39,-1.93321864792295
235,275,314,7.3975,-2.85009179142179
235,275,314,7.405,2.73778136019753
235,275,314,7.4125,1.61217730414772
235,275,314,7.42,0.793646712204959
235,275,314,7.4275,0.150486628144325
235,275,314,7.435,-1.02105184525935
235,275,314,7.4425,-1.57138101429186
235,275,314,7.45,-2.2514439514699
235,275,314,7.4575,2.85188010699339
235,275,314,7.465,2.06883042995292
235,275,314,7.4725,1.07087820381416
235,275,314,7.48,-0.0812543295238745
235,275,314,7.4875,-0.746846380941895
235,275,314,7.495,-1.69502028046405
235,275,314,7.5025,-2.6343735363865
235,275,314,7.51,2.61812379872533
235,275,314,7.5175,1.81920148300598
235,275,314,7.525,0.708556248546965
235,275,314,7.5325,-0.00541038756268408
235,275,314,7.54,-0.858658906556776
235,275,314,7.5475,-1.98468807385547
235,275,314,7.555,-2.37045608923682
235,275,314,7.5625,2.77905042374174
235,275,314,7.57,1.93941496911073
235,275,314,7.5775,1.1884355831432
235,275,314,7.585,0.137580876588092
235,275,314,7.5925,-0.575761756330941
235,275,314,7.6,-1.4350041799645
235,275,314,7.6075,-2.63327926978434
235,275,314,7.615,2.84296684290391
235,275,314,7.6225,1.78994540470508
235,275,314,7.63,0.937096254805353
235,275,314,7.6375,-0.0998876316267481
235,275,314,7.645,-1.04623630738461
235,275,314,7.6525,-2.32057308444013
235,275,314,7.66,-3.04658421466272
235,275,314,7.6675,2.08328114178867
235,275,314,7.675,1.27342217304343
235,275,314,7.6825,0.220490977260437
235,275,314,7.69,-0.781850435046615
235,275,314,7.6975,-1.74900681147066
235,275,314,7.705,-2.64107643218671
235,275,314,7.7125,2.92095586307719
235,275,314,7.72,1.95655917170198
235,275,314,7.7275,1.15529825140776
235,275,314,7.735,0.42756633381026
235,275,314,7.7425,-0.52599144506449
235,275,314,7.75,-0.959539509471244
235,275,314,7.7575,-2.32388589204906
235,275,314,7.765,-2.62714929595082
235,275,314,7.7725,2.49200231030434
235,275,314,7.78,2.15481036219369
235,275,314,7.7875,1.4937857675711
235,275,314,7.795,0.391682293986089
235,275,314,7.8025,-0.53024836387572
235,275,314,7.81,-1.64304076070716
235,275,314,7.8175,-2.56121177452724
235,275,314,7.825,2.87841268992617
235,275,314,7.8325,1.95724741584827
235,275,314,7.84,0.654755097723483
235,275,314,7.8475,-0.272359896246995
235,275,314,7.855,-1.15404564677963
235,275,314,7.8625,-2.21699572943509
235,275,314,7.87,-3.05362177043573
235,275,314,7.8775,1.98695620962584
235,275,314,7.885,1.36120108525783
235,275,314,7.8925,0.352821454134156
235,275,314,7.9,-0.85687468422149
235,275,314,7.9075,-1.60573103097611
235,275,314,7.915,-2.54018321667585
235,275,314,7.9225,2.58487195899231
235,275,314,7.93,1.96901697971192
235,275,314,7.9375,0.90331160104203
235,275,314,7.945,0.0731131512019744
235,275,314,7.9525,-0.768450101219081
235,275,314,7.96,-1.30159101553131
235,275,314,7.9675,-2.41461275589456
235,275,314,7.975,-2.79115747370792
235,275,314,7.9825,2.44033789060976
235,275,314,7.99,1.49260771114167
235,275,314,7.9975,0.241454724832882
235,275,314,8.005,-0.61765681941208
235,275,314,8.0125,-1.6090488001007
235,275,314,8.02,-2.86582806997364
235,275,314,8.0275,2.58714613620893
235,275,314,8.035,1.61058558313798
235,275,314,8.0425,1.06967989299691
235,275,314,8.05,0.331386622871917
235,275,314,8.0575,-0.636001972561373
235,275,314,8.065,-1.06570130767426
235,275,314,8.0725,-2.24751735392981
235,275,314,8.08,3.06218547637069
235,275,314,8.0875,2.39153995219928
235,275,314,8.095,1.42813997205398
235,275,314,8.1025,0.554025292329859
235,275,314,8.11,-0.581606114469403
235,275,314,8.1175,-1.51672320969674
235,275,314,8.125,-2.56152646819596
235,275,314,8.1325,3.0077336184873
235,275,314,8.14,2.14631409541967
235,275,314,8.1475,1.46329395068352
235,275,314,8.155,0.135585399848612
235,275,314,8.1625,-0.511746842381548
235,275,314,8.17,-1.46202137216149
235,275,314,8.1775,-2.28678632939561
235,275,314,8.185,2.96281593323306
235,275,314,8.1925,2.06914791756383
235,275,314,8.2,1.25115209563633
235,275,314,8.2075,0.373685741605084
235,275,314,8.215,-0.77918324020851
235,275,314,8.2225,-1.65958398116289
235,275,314,8.23,-2.70742936609944
235,275,314,8.2375,2.59819169051348
235,275,314,8.245,1.57310635558523
235,275,314,8.2525,0.562737833868243
235,275,314,8.26,-0.462390548584906
235,275,314,8.2675,-1.48903207626478
235,275,314,8.275,-2.42836048458029
235,275,314,8.2825,2.79981872051446
235,275,314,8.29,2.03709530596788
235,275,314,8.2975,0.966757770748955
235,275,314,8.305,0.376425862503679
235,275,314,8.3125,-0.15966409731934
235,275,314,8.32,-0.654430350471231
235,275,314,8.3275,-1.22424636805342
235,275,314,8.335,-2.21784944333354
235,275,314,8.3425,-2.88836759406521
235,275,314,8.35,2.05388349364174
235,275,314,8.3575,1.2077109832679
235,275,314,8.365,0.2685092104875
235,275,314,8.3725,-0.876888467763597
235,275,314,8.38,-1.71437470665023
235,275,314,8.3875,-2.82383656654542
235,275,314,8.395,2.45677432838789
235,275,314,8.4025,1.46837124732272
235,275,314,8.41,0.487754538188817
235,275,314,8.4175,-0.534894058802453
235,275,314,8.425,-1.44414196380969
235,275,314,8.4325,-2.58115077841963
235,275,314,8.44,3.03685509881367
235,275,314,8.4475,2.09888955217277
235,275,314,8.455,1.18594467399009
235,275,314,8.4625,0.280749588172217
235,275,314,8.47,-0.631700293121985
235,275,314,8.4775,-1.68087086292717
235,275,314,8.485,-2.55705095310187
235,275,314,8.4925,2.93158733672941
235,275,314,8.5,1.82453962760501
235,275,314,8.5075,1.03193102984596
235,275,314,8.515,0.766843785087181
235,275,314,8.5225,-0.110329984476246
235,275,314,8.53,-0.978058231726979
235,275,314,8.5375,-1.87339406754438
235,275,314,8.545,-2.71746531183312
235,275,314,8.5525,2.65321438414889
235,275,314,8.56,1.61020904285128
235,275,314,8.5675,0.713069596772933
235,275,314,8.575,-0.165374224448862
235,275,314,8.5825,-1.08330830603095
235,275,314,8.59,-2.11264444855506
235,275,314,8.5975,3.1301155014061
235,275,314,8.605,2.13580786118547
235,275,314,8.6125,1.4726504317829
235,275,314,8.62,0.265687259130147
235,275,314,8.6275,-0.617446598206197
235,275,314,8.635,-1.26013170895623
235,275,314,8.6425,-2.47438351911246
235,275,314,8.65,3.07080329731745
235,275,314,8.6575,1.9750319340799
235,275,314,8.665,1.09595912700537
235,275,314,8.6725,0.0414723744453182
235,275,314,8.68,-0.737534840372464
235,275,314,8.6875,-1.43428228157195
235,275,314,8.695,-2.44834661731323
235,275,314,8.7025,2.72746814412334
235,275,314,8.71,2.17111421885117
235,275,314,8.7175,1.05973177862058
235,275,314,8.725,0.285744467902973
235,275,314,8.7325,-0.796133405127081
235,275,314,8.74,-1.68468291154653
235,275,314,8.7475,-2.66792337507835
235,275,314,8.755,2.53896903796097
235,275,314,8.7625,1.57767588871903
235,275,314,8.77,0.669430405749047
235,275,314,8.7775,-0.461016162935486
235,275,314,8.785,-1.2173292783544
235,275,314,8.7925,-2.11974355272822
235,275,314,8.8,-2.96448385133338
235,275,314,8.8075,2.55554218670727
235,275,314,8.815,1.87244402777378
235,275,314,8.8225,1.30043681150618
235,275,314,8.83,0.53644840340402
235,275,314,8.8375,-0.529260221815922
235,275,314,8.845,-1.78339020915654
235,275,314,8.8525,-2.22047410667391
235,275,314,8.86,-2.97498442737115
235,275,314,8.8675,2.27511936430168
235,275,314,8.875,1.4519200984348
235,275,314,8.8825,0.549440255878691
235,275,314,8.89,-0.325013323114251
235,275,314,8.8975,-1.3162865051516
235,275,314,8.905,-2.36496087597035
235,275,314,8.9125,3.1367181738201
235,275,314,8.92,2.19458935452267
235,275,314,8.9275,1.0885589537622
235,275,314,8.935,0.19289117584313
235,275,314,8.9425,-0.779485319745051
235,275,314,8.95,-1.70943160727935
235,275,314,8.9575,-2.74563385797371
235,275,314,8.965,2.47729836612622
235,275,314,8.9725,1.57762215637225
235,275,314,8.98,0.624488166377517
235,275,314,8.9875,-0.498127220323461
235,275,314,8.995,-1.25545930576497
235,275,314,9.0025,-2.37785552153323
235,275,314,9.01,2.90918278472406
235,275,314,9.0175,1.94882130625094
235,275,314,9.025,1.0612113957111
235,275,314,9.0325,-0.301359825220174
235,275,314,9.04,-0.765137195775675
235,275,314,9.0475,-1.45594895025223
235,275,314,9.055,-2.35366964564889
235,275,314,9.0625,3.13245155688699
235,275,314,9.07,2.46908545769257
235,275,314,9.0775,1.79401009133692
235,275,314,9.085,0.973956831817615
235,275,314,9.0925,-0.0211735869236995
235,275,314,9.1,-0.583543465047794
235,275,314,9.1075,-1.82309509435337
235,275,314,9.115,-2.89196263661577
235,275,314,9.1225,2.79640900009048
235,275,314,9.13,1.70291392815918
235,275,314,9.1375,0.67490221352514
235,275,314,9.145,-0.188814212491393
235,275,314,9.1525,-1.17968426732752
235,275,314,9.16,-1.89550257497585
235,275,314,9.1675,3.0985215341207
235,275,314,9.175,2.13781031513025
235,275,314,9.1825,1.3493261131315
235,275,314,9.19,0.509508903160967
235,275,314,9.1975,-0.30920821172545
235,275,314,9.205,-1.18591814504155
235,275,314,9.2125,-2.21373693230182
235,275,314,9.22,-3.13526787064742
235,275,314,9.2275,2.19767327042422
235,275,314,9.235,1.62928833066845
235,275,314,9.2425,0.785496162707645
235,275,314,9.25,-0.394201419980105
235,275,314,9.2575,-1.22551158413113
235,275,314,9.265,-2.003428556175
235,275,314,9.2725,-2.99552328693488
235,275,314,9.28,2.1482907927772
235,275,314,9.2875,1.27275597903275
235,275,314,9.295,0.274836731121687
235,275,314,9.3025,-0.492961424717336
235,275,314,9.31,-1.5015920858239
235,275,314,9.3175,-2.28936140926259
235,275,314,9.325,2.85403094105219
235,275,314,9.3325,2.06964246771021
235,275,314,9.34,1.01434113069374
235,275,314,9.3475,0.081754116828107
235,275,314,9.355,-0.738779150715771
235,275,314,9.3625,-1.72116637389516
235,275,314,9.37,-2.85853665011416
235,275,314,9.3775,2.68335271158332
235,275,314,9.385,1.70885850124275
235,275,314,9.3925,0.987030557436199
235,275,314,9.4,0.183847886191791
235,275,314,9.4075,-0.823428287148514
235,275,314,9.415,-1.23242621422103
235,275,314,9.4225,-1.88101497140374
235,275,314,9.43,-3.11357727279044
235,275,314,9.4375,2.09342346268856
235,275,314,9.445,1.42430617765621
235,275,314,9.4525,0.395976303018927
235,275,314,9.46,-0.542436472559828
235,275,314,9.4675,-1.42222314307912
235,275,314,9.475,-2.52906166709914
235,275,314,9.4825,3.0120081360248
235,275,314,9.49,1.87423383755389
235,275,314,9.4975,0.82538599897046
235,275,314,9.505,0.0227874573136123
235,275,314,9.5125,-0.902442047963073
235,275,314,9.52,-2.0650765484921
235,275,314,9.5275,-3.13842976308298
235,275,314,9.535,2.07448955819509
235,275,314,9.5425,1.23549658862754
235,275,314,9.55,0.196673039668411
235,275,314,9.5575,-1.01146068844911
235,275,314,9.565,-1.78654175204854
235,275,314,9.5725,-2.67087216968925
235,275,314,9.58,-3.05191427593651
235,275,314,9.5875,2.84314035132907
235,275,314,9.595,2.88058977891066
235,275,314,9.6025,1.8676802247718
235,275,314,9.61,0.609815714194527
235,275,314,9.6175,-0.31629632420033
235,275,314,9.625,-1.54008697359595
235,275,314,9.6325,-2.14876660964908
235,275,314,9.64,3.09849343861652
235,275,314,9.6475,1.96877824829459
235,275,314,9.655,1.2768095601041
235,275,314,9.6625,0.21547359562419
235,275,314,9.67,-0.769272429424279
235,275,314,9.6775,-1.63829512526855
235,275,314,9.685,-2.55232865307628
235,275,314,9.6925,2.68045345660787
235,275,314,9.7,1.69651450817256
235,275,314,9.7075,0.626432351367206
235,275,314,9.715,-0.328546316704863
235,275,314,9.7225,-1.30156831040334
235,275,314,9.73,-2.35357473109799
235,275,314,9.7375,3.02816542861864
235,275,314,9.745,2.12212536875783
235,275,314,9.7525,1.04792219427005
235,275,314,9.76,0.292479190480947
235,275,314,9.7675,-0.776411093509993
235,275,314,9.775,-1.81200674123539
235,275,314,9.7825,-2.64855726885172
235,275,314,9.79,2.69325694079559
235,275,314,9.7975,1.72728893543177
235,275,314,9.805,1.37298375409795
235,275,314,9.8125,0.132362999455786
235,275,314,9.82,-0.821519205789687
235,275,314,9.8275,-1.93087398626991
235,275,314,9.835,-2.50663244360252
235,275,314,9.8425,3.01197886397117
235,275,314,9.85,2.56584165362804
235,275,314,9.8575,1.46249671801249
235,275,314,9.865,0.475531088121214
235,275,314,9.8725,-0.144487302635088
235,275,314,9.88,-1.46115327426523
235,275,314,9.8875,-2.25946128556102
235,275,314,9.895,-3.13929876306815
235,275,314,9.9025,2.40681994161696
235,275,314,9.91,1.56009205425203
235,275,314,9.9175,0.680217985759967
235,275,314,9.925,-0.0229917769645649
235,275,314,9.9325,-0.895989335570305
235,275,314,9.94,-1.89960733172017
235,275,314,9.9475,-2.92181413919744
235,275,314,9.955,2.3755443469692
235,275,314,9.9625,1.58930597087498
235,275,314,9.97,0.542368219047456
235,275,314,9.9775,-0.332314289757648
235,275,314,9.985,-1.43018409243598
235,275,314,9.9925,-2.3023049381112
235,275,314,10,3.01517454534117
235,275,314,10.0075,2.12623633403929
235,275,314,10.015,1.23509761891001
235,275,314,10.0225,0.182044336040189
235,275,314,10.03,-0.837571642173316
235,275,314,10.0375,-1.67581446300801
235,275,314,10.045,-2.75746925854919
235,275,314,10.0525,2.44963940253374
235,275,314,10.06,1.53893880689784
235,275,314,10.0675,0.43236504380864
235,275,314,10.075,-0.47151166856595
235,275,314,10.0825,-1.34589380536816
235,275,314,10.09,-2.45220003844376
235,275,314,10.0975,2.73678750775475
235,275,314,10.105,1.75962368710757
235,275,314,10.1125,1.37411584199149
235,275,314,10.12,0.334606961152838
235,275,314,10.1275,-0.581809831125791
235,275,314,10.135,-1.95969819982554
235,275,314,10.1425,-1.71529353092823
235,275,314,10.15,-2.35290872668908
235,275,314,10.1575,2.71511027593374
235,275,314,10.165,2.36014644763107
235,275,314,10.1725,2.0513943437191
235,275,314,10.18,0.870349819243558
235,275,314,10.1875,-0.326766679193564
235,275,314,10.195,-1.45010211861838
235,275,314,10.2025,-2.22680067222689
235,275,314,10.21,-3.12556596280839
235,275,314,10.2175,2.19978774618122
235,275,314,10.225,1.40608143793526
235,275,314,10.2325,0.322249148098462
235,275,314,10.24,-0.441364373263666
235,275,314,10.2475,-1.68382671967451
235,275,314,10.255,-2.87234499902444
235,275,314,10.2625,2.43384008081995
235,275,314,10.27,1.49591744268259
235,275,314,10.2775,0.580849067713811
235,275,314,10.285,-0.417647116698839
235,275,314,10.2925,-1.31290084368769
235,275,314,10.3,-2.34173186685104
235,275,314,10.3075,2.80252523580337
235,275,314,10.315,1.8215858681761
235,275,314,10.3225,0.81050714216469
235,275,314,10.33,0.416737558119955
235,275,314,10.3375,-0.7301233435025
235,275,314,10.345,-2.05093090260374
235,275,314,10.3525,-2.18524963264583
235,275,314,10.36,-2.71501474152743
235,275,314,10.3675,2.63458204468839
235,275,314,10.375,2.37710320518607
235,275,314,10.3825,1.22997817707881
235,275,314,10.39,0.108775315009494
235,275,314,10.3975,-1.34670142948954
235,275,314,10.405,-1.96245281317579
235,275,314,10.4125,-2.73806946384953
235,275,314,10.42,2.72179069086451
235,275,314,10.4275,1.99030307696637
235,275,314,10.435,0.836427253753062
235,275,314,10.4425,0.0877630766568052
235,275,314,10.45,-1.23207604794833
235,275,314,10.4575,-2.06822817435716
235,275,314,10.465,-3.11497990745649
235,275,314,10.4725,2.4867731622472
235,275,314,10.48,1.77627390853514
235,275,314,10.4875,0.571024351747392
235,275,314,10.495,-0.120981148255187
235,275,314,10.5025,-1.21320439080166
235,275,314,10.51,-2.50121668448856
235,275,314,10.5175,3.0694827721741
235,275,314,10.525,2.25968963576635
235,275,314,10.5325,1.20154708454204
235,275,314,10.54,-0.111643575069918
235,275,314,10.5475,-0.749825828167795
235,275,314,10.555,-2.0770113118067
235,275,314,10.5625,-2.5074049775341
235,275,314,10.57,-3.12922680155454
235,275,314,10.5775,2.13137177526845
235,275,314,10.585,0.860109009742375
235,275,314,10.5925,-0.159306700640574
235,275,314,10.6,0.220215519225063
235,275,314,10.6075,-1.51472414185712
235,275,314,10.615,-2.28386993216386
235,275,314,10.6225,-2.86984956339973
235,275,314,10.63,2.24947826833135
235,275,314,10.6375,1.76387061569729
235,275,314,10.645,0.870154412599847
235,275,314,10.6525,0.00710966682574351
235,275,314,10.66,-1.03198357480221
235,275,314,10.6675,-1.27528205547268
235,275,314,10.675,-1.90579794847499
235,275,314,10.6825,3.03708347700678
235,275,314,10.69,2.10199505317882
235,275,314,10.6975,1.42522239553627
235,275,314,10.705,0.19634714649207
235,275,314,10.7125,-0.812727061466755
235,275,314,10.72,-1.62061708946057
235,275,314,10.7275,-2.87386788275129
235,275,314,10.735,2.90955106671865
235,275,314,10.7425,2.03312357047559
235,275,314,10.75,0.644893692993715
235,275,314,10.7575,-0.184170335370231
235,275,314,10.765,-1.24853597305646
235,275,314,10.7725,-2.40664193330302
235,275,314,10.78,2.72278340017899
235,275,314,10.7875,1.82956425841655
235,275,314,10.795,0.580104775129867
235,275,314,10.8025,-0.0692875973236108
235,275,314,10.81,-1.35758867963264
235,275,314,10.8175,-2.27096926997197
235,275,314,10.825,3.00152959005508
235,275,314,10.8325,1.58324893426641
235,275,314,10.84,0.636749514984445
235,275,314,10.8475,0.00990458241201331
235,275,314,10.855,-1.70247533203103
235,275,314,10.8625,-2.30789246491226
235,275,314,10.87,2.95178161396882
235,275,314,10.8775,1.93010667821127
235,275,314,10.885,1.49409618575115
235,275,314,10.8925,0.101945776907771
235,275,314,10.9,2.32620823680831
235,275,314,10.9075,2.75094542295006
235,275,314,10.915,0.883882296864954
235,275,314,10.9225,0.476249640032729
235,275,314,10.93,-1.29491033578268
235,275,314,10.9375,-2.20859797677265
235,275,314,10.945,2.51135428052414
235,275,314,10.9525,1.7165539117814
235,275,314,10.96,1.0838807670177
235,275,314,10.9675,-0.181760443688215
235,275,314,10.975,-0.943918518369154
235,275,314,10.9825,-2.15826496551142
235,275,314,10.99,-3.00997490930906
235,275,314,10.9975,2.31528588531232
235,275,314,11.005,1.40727177899205
235,275,314,11.0125,0.238403658398848
235,275,314,11.02,-0.789354870101203
235,275,314,11.0275,-1.82093930897048
235,275,314,11.035,-2.90557134883288
235,275,314,11.0425,2.5435379023882
235,275,314,11.05,1.39255663853436
235,275,314,11.0575,0.553873745768342
235,275,314,11.065,-0.220018228112973
235,275,314,11.0725,-1.58734301223962
235,275,314,11.08,-2.57888341610961
235,275,314,11.0875,3.0040130023838
235,275,314,11.095,1.83724175420987
235,275,314,11.1025,0.811899214854703
235,275,314,11.11,-0.169636850491407
235,275,314,11.1175,-1.11056090185195
235,275,314,11.125,-1.58771863305855
235,275,314,11.1325,-2.46859564353933
235,275,314,11.14,2.51506326434402
235,275,314,11.1475,1.16458589787506
235,275,314,11.155,1.05776843536348
235,275,314,11.1625,0.911724249508044
235,275,314,11.17,0.285141269458176
235,275,314,11.1775,-1.20920704489061
235,275,314,11.185,-1.14721000417405
235,275,314,11.1925,-1.7196982782426
235,275,314,11.2,-2.94024487456591
235,275,314,11.2075,2.74873770549692
235,275,314,11.215,1.85083155348239
235,275,314,11.2225,0.764456100536896
235,275,314,11.23,-0.193588960954417
235,275,314,11.2375,-1.31081291233418
235,275,314,11.245,-2.46394643442502
235,275,314,11.2525,2.81010326679846
235,275,314,11.26,1.865198431386
235,275,314,11.2675,0.652264630424595
235,275,314,11.275,-0.355354839213588
235,275,314,11.2825,-1.3881391306294
235,275,314,11.29,-1.99016554178743
235,275,314,11.2975,-2.85200964004622
235,275,314,11.305,2.5740439160816
235,275,314,11.3125,1.68188577471084
235,275,314,11.32,0.463920969234701
235,275,314,11.3275,-0.151239967737657
235,275,314,11.335,-1.3288388832485
235,275,314,11.3425,-2.06646554994317
235,275,314,11.35,3.0978031084062
235,275,314,11.3575,2.28908609960199
235,275,314,11.365,1.25527941939417
235,275,314,11.3725,0.540098700551746
235,275,314,11.38,-0.520432838439761
235,275,314,11.3875,-1.97037948170234
235,275,314,11.395,-2.64234531160352
235,275,314,11.4025,2.65802290256569
235,275,314,11.41,1.54588301219196
235,275,314,11.4175,1.10986801156593
235,275,314,11.425,0.466269992969858
235,275,314,11.4325,-0.275965279636665
235,275,314,11.44,-0.965765448609059
235,275,314,11.4475,-1.58948653208853
235,275,314,11.455,-3.00542073161665
235,275,314,11.4625,-2.98363180729871
235,275,314,11.47,1.95977727217106
235,275,314,11.4775,1.35371924413613
235,275,314,11.485,0.242945961376245
235,275,314,11.4925,-0.99075942371516
235,275,314,11.5,-1.81951158436436
235,275,314,11.5075,-2.90237929089682
235,275,314,11.515,2.29555554094791
235,275,314,11.5225,1.53835477642778
235,275,314,11.53,0.473962168815853
235,275,314,11.5375,-0.696993890338701
235,275,314,11.545,-1.53469829467768
235,275,314,11.5525,-2.61532686080254
235,275,314,11.56,2.78255204766868
235,275,314,11.5675,1.7857413023077
235,275,314,11.575,0.884276612162827
235,275,314,11.5825,-0.487659918702635
235,275,314,11.59,-1.39636606247163
235,275,314,11.5975,-2.29651332564353
235,275,314,11.605,-2.97541216019205
235,275,314,11.6125,1.43261608538344
235,275,314,11.62,0.836294311436721
235,275,314,11.6275,0.206093238462053
235,275,314,11.635,-0.629143070209042
235,275,314,11.6425,-1.10519110057389
235,275,314,11.65,-2.59400203059332
235,275,314,11.6575,-2.04019216092851
235,275,314,11.665,-2.81937207940991
235,275,314,11.6725,2.83058234176056
235,275,314,11.68,2.48993223966694
235,275,314,11.6875,1.61475854702446
235,275,314,11.695,0.296896371781461
235,275,314,11.7025,-0.525117351437186
235,275,314,11.71,-1.45850418688505
235,275,314,11.7175,-2.74539901685287
235,275,314,11.725,2.34725931988315
235,275,314,11.7325,1.41405240890719
235,275,314,11.74,0.449229773546399
235,275,314,11.7475,-0.57446714766709
235,275,314,11.755,-1.44547434707742
235,275,314,11.7625,-2.45408220657219
235,275,314,11.77,2.67128361988621
235,275,314,11.7775,1.83259342774445
235,275,314,11.785,0.646716104678533
235,275,314,11.7925,-0.0427682512661334
235,275,314,11.8,-1.18269104368466
235,275,314,11.8075,-1.89406626729176
235,275,314,11.815,-2.9283319196576
235,275,314,11.8225,2.28005879547035
235,275,314,11.83,1.17818611888135
235,275,314,11.8375,0.434814418813294
235,275,314,11.845,-0.630228524514594
235,275,314,11.8525,-1.75432933274994
235,275,314,11.86,-2.40963993410193
235,275,314,11.8675,2.72162351072609
235,275,314,11.875,2.49261999486939
235,275,314,11.8825,1.33609042624587
235,275,314,11.89,-0.138277248618119
235,275,314,11.8975,-1.07936720095617
235,275,314,11.905,-1.74535861272092
235,275,314,11.9125,-2.71552138876556
235,275,314,11.92,-2.77095081433591
235,275,314,11.9275,2.05156753663177
235,275,314,11.935,0.786410500662186
235,275,314,11.9425,1.46566618558201
235,275,314,11.95,1.54639946609008
235,275,314,11.9575,0.855261935319492
235,275,314,11.965,-0.491642962532813
235,275,314,11.9725,-1.5249177273216
235,275,314,11.98,-2.5378483836334
235,275,314,11.9875,2.69733772549887
235,275,314,11.995,1.87669177850967
235,275,314,12.0025,0.951026229711376
235,275,314,12.01,-0.171462315150556
235,275,314,12.0175,-1.5626326417495
235,275,314,12.025,-2.13665075982734
235,275,314,12.0325,-3.13837109657409
235,275,314,12.04,1.99687998940531
235,275,314,12.0475,1.01187679148297
235,275,314,12.055,0.0758424179430432
235,275,314,12.0625,-1.23934984079284
235,275,314,12.07,-2.00603109928606
235,275,314,12.0775,3.04301981509127
235,275,314,12.085,2.06246147846542
235,275,314,12.0925,0.97760059022343
235,275,314,12.1,0.399986270928704
235,275,314,12.1075,-0.78126145103908
235,275,314,12.115,-1.4127055702723
235,275,314,12.1225,-2.93536309309175
235,275,314,12.13,2.49932508364926
235,275,314,12.1375,1.86773098029127
235,275,314,12.145,0.187741991445804
235,275,314,12.1525,-0.542071717563465
235,275,314,12.16,-1.46347228136491
235,275,314,12.1675,-1.15882203058206
235,275,314,12.175,-2.6997231408213
235,275,314,12.1825,2.77962569809891
235,275,314,12.19,-0.774447760835855
235,275,314,12.1975,1.90631513933545
235,275,314,12.205,1.7344317378537
235,275,314,12.2125,0.979146685910842
235,275,314,12.22,-0.14117831890408
235,275,314,12.2275,-1.42965784451481
235,275,314,12.235,-2.31498498849049
235,275,314,12.2425,2.85345810758203
235,275,314,12.25,2.21168680943835
235,275,314,12.2575,1.20213436796408
235,275,314,12.265,-0.037218900347146
235,275,314,12.2725,-0.818172119451213
235,275,314,12.28,-1.93075248518484
235,275,314,12.2875,-2.86041943289543
235,275,314,12.295,2.53248809354657
235,275,314,12.3025,1.465760722495
235,275,314,12.31,0.30124713112339
235,275,314,12.3175,-0.855972189886953
235,275,314,12.325,-1.97738076257318
235,275,314,12.3325,-2.64470595250873
235,275,314,12.34,2.22089732941028
235,275,314,12.3475,1.23146991914205
235,275,314,12.355,0.387112041252474
235,275,314,12.3625,-0.780762237081174
235,275,314,12.37,-1.28118317598753
235,275,314,12.3775,-1.28367674128833
235,275,314,12.385,-1.45624540611029
235,275,314,12.3925,-3.10241828557961
235,275,314,12.4,0.906876966337326
235,275,314,12.4075,2.61452493191796
235,275,314,12.415,1.11887734710361
235,275,314,12.4225,0.0426352521471858
235,275,314,12.43,-0.62277998068554
235,275,314,12.4375,-2.06793590327547
235,275,314,12.445,-2.26296415522595
235,275,314,12.4525,2.81426819945365
235,275,314,12.46,1.57901231208396
235,275,314,12.4675,0.492912304138559
235,275,314,12.475,-0.677599499291636
235,275,314,12.4825,-1.53703791508939
235,275,314,12.49,-2.93144834845324
235,275,314,12.4975,-2.92918911854497
235,275,314,12.505,2.07808950548964
235,275,314,12.5125,0.958102303464598
235,275,314,12.52,0.0225534661189445
235,275,314,12.5275,-0.899215284215482
235,275,314,12.535,-1.62631592288638
235,275,314,12.5425,-2.60109671526946
235,275,314,12.55,-3.11292863345605
235,275,314,12.5575,1.60967249695486
235,275,314,12.565,0.848698530559834
235,275,314,12.5725,0.326833193543918
235,275,314,12.58,-1.12332677966836
235,275,314,12.5875,-2.04379791305962
235,275,314,12.595,-2.55441416371238
235,275,314,12.6025,2.75687786993534
235,275,314,12.61,1.39069403725986
235,275,314,12.6175,0.638542008878875
235,275,314,12.625,-0.533295815336923
235,275,314,12.6325,-1.62165726201206
235,275,314,12.64,-2.30938045406009
235,275,314,12.6475,2.78027092355138
235,275,314,12.655,1.63721037785674
235,275,314,12.6625,0.847206616879195
235,275,314,12.67,-0.685953804412674
235,275,314,12.6775,-1.64519804213925
235,275,314,12.685,-3.13379780952766
235,275,314,12.6925,2.31782053032449
235,275,314,12.7,-0.330783773512148
235,275,314,12.7075,-0.774735621856267
235,275,314,12.715,-1.08429417906337
235,275,314,12.7225,2.33164452542812
235,275,314,12.73,1.6076187653391
235,275,314,12.7375,0.701695778488283
235,275,314,12.745,-0.80521416523328
235,275,314,12.7525,-1.85548792504366
235,275,314,12.76,-2.74263260408696
235,275,314,12.7675,2.5258345040513
235,275,314,12.775,1.44960669414812
235,275,314,12.7825,0.258745417286416
235,275,314,12.79,-0.466686991686703
235,275,314,12.7975,-1.73312711392719
235,275,314,12.805,-2.67167008656103
235,275,314,12.8125,2.43638208906357
235,275,314,12.82,1.51815459898902
235,275,314,12.8275,0.290940122805582
235,275,314,12.835,-0.569233377621848
235,275,314,12.8425,-1.54664695757355
235,275,314,12.85,-2.55542126364422
235,275,314,12.8575,-2.87024787460711
235,275,314,12.865,2.28083346927063
235,275,314,12.8725,0.8600897910819
235,275,314,12.88,0.0244846263650477
235,275,314,12.8875,-0.951773449690551
235,275,314,12.895,-2.49260172855097
235,275,314,12.9025,2.96107236908766
235,275,314,12.91,1.67335884050347
235,275,314,12.9175,0.644298929933844
235,275,314,12.925,-0.123351457540579
235,275,314,12.9325,-2.87944267772074
235,275,314,12.94,2.50730827391734
235,275,314,12.9475,1.53569487960104
235,275,314,12.955,0.400536696307954
235,275,314,12.9625,0.954997940434939
235,275,314,12.97,-2.41052650592407
235,275,314,12.9775,2.69982073545519
235,275,314,12.985,1.81964254564345
235,275,314,12.9925,0.783002880529246
235,275,314,13,-0.514797481856798
235,275,314,13.0075,-1.49272922312545
235,275,314,13.015,-2.79575036849978
235,275,314,13.0225,2.65217102142804
235,275,314,13.03,1.86688803215013
235,275,314,13.0375,0.80336101662402
235,275,314,13.045,-0.17569746893519
235,275,314,13.0525,-0.883020915516453
235,275,314,13.06,-1.95553998822962
235,275,314,13.0675,-3.05788401671258
235,275,314,13.075,2.25188811584308
235,275,314,13.0825,1.15913987481381
235,275,314,13.09,0.327292277516043
235,275,314,13.0975,-0.615254443172447
235,275,314,13.105,-1.25194960380511
235,275,314,13.1125,-2.24059420011934
235,275,314,13.12,2.91785366220761
235,275,314,13.1275,1.75208281885896
235,275,314,13.135,1.02165885780544
235,275,314,13.1425,0.0638391664520941
235,275,314,13.15,-0.720831899488976
235,275,314,13.1575,-1.89076748739634
235,275,314,13.165,-2.86500747121863
235,275,314,13.1725,2.81236204597193
235,275,314,13.18,2.09219650775452
235,275,314,13.1875,-0.745019044311846
235,275,314,13.195,-0.511074993862017
235,275,314,13.2025,-1.20927711362661
235,275,314,13.21,-1.96969777500639
235,275,314,13.2175,2.80749366105291
235,275,314,13.225,2.47349325892739
235,275,314,13.2325,2.58559493168932
235,275,314,13.24,1.70983751781887
235,275,314,13.2475,0.880084726752049
235,275,314,13.255,0.341359156298315
235,275,314,13.2625,-0.822387994074081
235,275,314,13.27,-1.38748251327151
235,275,314,13.2775,-3.0965184274128
235,275,314,13.285,2.20045727315445
235,275,314,13.2925,1.66000842974323
235,275,314,13.3,0.395082655706981
235,275,314,13.3075,-0.335157398979859
235,275,314,13.315,-1.34545829243247
235,275,314,13.3225,-2.37433633156362
235,275,314,13.33,3.04622668325081
235,275,314,13.3375,2.31647567374134
235,275,314,13.345,1.05832888027018
235,275,314,13.3525,0.25410361528265
235,275,314,13.36,-0.703669922725181
235,275,314,13.3675,-1.80963523499057
235,275,314,13.375,-2.67708343986
235,275,314,13.3825,2.05008000811969
235,275,314,13.39,1.34830591634922
235,275,314,13.3975,1.12926174901209
235,275,314,13.405,-0.153892699931283
235,275,314,13.4125,-1.43355916654434
235,275,314,13.42,-1.6943374358345
235,275,314,13.4275,-2.7342414624484
235,275,314,13.435,2.89055498756161
235,275,314,13.4425,2.05234675546574
235,275,314,13.45,0.493004681543163
235,275,314,13.4575,2.06915068236949
235,275,314,13.465,0.111453409349044
235,275,314,13.4725,-0.600766207609696
235,275,314,13.48,-1.6920939738384
235,275,314,13.4875,-2.93419799369726
235,275,314,13.495,2.55739251759468
235,275,314,13.5025,1.26581047707053
235,275,314,13.51,0.657897039177013
235,275,314,13.5175,-0.259958150135364
235,275,314,13.525,-1.05703469343339
235,275,314,13.5325,-2.08838121889386
235,275,314,13.54,-3.01188083411994
235,275,314,13.5475,1.92947814252955
235,275,314,13.555,1.32730064599342
235,275,314,13.5625,0.201243440224054
235,275,314,13.57,-0.767120031072585
235,275,314,13.5775,-1.65713645183895
235,275,314,13.585,-2.22475095213753
235,275,314,13.5925,2.59499103354382
235,275,314,13.6,1.51238815570771
235,275,314,13.6075,0.371553909229619
235,275,314,13.615,-0.137056840998983
235,275,314,13.6225,-1.70815817382448
235,275,314,13.63,-2.52133774468838
235,275,314,13.6375,3.09989657380446
235,275,314,13.645,0.855606688491775
235,275,314,13.6525,0.934282951947552
235,275,314,13.66,0.00110029680765594
235,275,314,13.6675,-0.949074673799534
235,275,314,13.675,-1.25458304465543
235,275,314,13.6825,-2.09128668814937
235,275,314,13.69,-2.74884420044695
235,275,314,13.6975,-2.85962653999185
235,275,314,13.705,2.86522588797021
235,275,314,13.7125,0.457808416500536
235,275,314,13.72,0.182927914112577
235,275,314,13.7275,-0.911998709646367
235,275,314,13.735,-1.39936066769879
235,275,314,13.7425,-2.16830518088252
235,275,314,13.75,3.13279599226502
235,275,314,13.7575,2.18068807875744
235,275,314,13.765,1.59756080645426
235,275,314,13.7725,0.352723712021027
235,275,314,13.78,0.280648242364223
235,275,314,13.7875,-1.23599515382485
235,275,314,13.795,-2.48244100857184
235,275,314,13.8025,3.07949894148485
235,275,314,13.81,2.17099139577997
235,275,314,13.8175,1.41326001476408
235,275,314,13.825,0.201322049981639
235,275,314,13.8325,-1.13726557744688
235,275,314,13.84,-1.5930820724804
235,275,314,13.8475,-2.75962584599551
235,275,314,13.855,2.65365913614345
235,275,314,13.8625,2.02919091271762
235,275,314,13.87,0.683938956514208
235,275,314,13.8775,-0.542521300629453
235,275,314,13.885,-1.22245326314256
235,275,314,13.8925,-2.09118494884897
235,275,314,13.9,-2.8461808599147
235,275,314,13.9075,1.99511076464274
235,275,314,13.915,0.911645623458652
235,275,314,13.9225,0.423930608379265
235,275,314,13.93,-1.0151957729351
235,275,314,13.9375,-1.75091563818209
235,275,314,13.945,-2.95089358535511
235,275,314,13.9525,2.58954340430561
235,275,314,13.96,1.6323366932929
235,275,314,13.9675,0.134200871463972
235,275,314,13.975,0.355298384905196
235,275,314,13.9825,-0.222516075211209
235,275,314,13.99,0.0575811202114672
235,275,314,13.9975,2.87023501371181
235,275,314,14.005,-2.12656318231889
235,275,314,14.0125,1.93367884877809
235,275,314,14.02,2.11339567933917
235,275,314,14.0275,1.25656240481748
235,275,314,14.035,0.0711037148603803
235,275,314,14.0425,-0.73984465364142
235,275,314,14.05,-1.69726292913283
235,275,314,14.0575,-2.74021513232904
235,275,314,14.065,2.73843998963929
235,275,314,14.0725,1.59182160809467
235,275,314,14.08,0.130386708554154
235,275,314,14.0875,-0.4339115386324
235,275,314,14.095,-1.03115634960289
235,275,314,14.1025,-2.37445570688245
235,275,314,14.11,3.02183881482254
235,275,314,14.1175,1.933716218788
235,275,314,14.125,1.32981836222332
235,275,314,14.1325,0.425977647336304
235,275,314,14.14,-1.51462869381288
235,275,314,14.1475,-1.90292331021735
235,275,314,14.155,-2.72920119475583
235,275,314,14.1625,2.40935513672186
235,275,314,14.17,0.933461381162487
235,275,314,14.1775,0.542123254098643
235,275,314,14.185,-0.595914345408233
235,275,314,14.1925,-1.22507568072343
235,275,314,14.2,-2.97471571049474
235,275,314,14.2075,2.67733989704037
235,275,314,14.215,0.810328165940433
235,275,314,14.2225,1.93004240599443
235,275,314,14.23,2.44835724933149
235,275,314,14.2375,0.320030320609247
235,275,314,14.245,-0.702279948059485
235,275,314,14.2525,-1.57400751591382
235,275,314,14.26,-2.16240396391753
235,275,314,14.2675,-2.88206192870729
235,275,314,14.275,1.96384229092649
235,275,314,14.2825,1.18962032804443
235,275,314,14.29,-0.158937022855547
235,275,314,14.2975,-0.94870711657098
235,275,314,14.305,-2.01589195061046
235,275,314,14.3125,3.08007000197694
235,275,314,14.32,2.89726094447597
235,275,314,14.3275,1.45088200956448
235,275,314,14.335,0.673389606692654
235,275,314,14.3425,-0.251296278161112
235,275,314,14.35,-1.51128056474775
235,275,314,14.3575,-2.22091686441086
235,275,314,14.365,2.76187830883248
235,275,314,14.3725,2.06318698990625
235,275,314,14.38,1.09819475253381
235,275,314,14.3875,0.0456183898726975
235,275,314,14.395,-1.23697777529461
235,275,314,14.4025,2.90607696930732
235,275,314,14.41,-2.26427779129694
235,275,314,14.4175,2.94985269666473
235,275,314,14.425,1.79008140944028
235,275,314,14.4325,1.1564826448728
235,275,314,14.44,0.20246415772254
235,275,314,14.4475,-1.3408306499249
235,275,314,14.455,-1.85929897471799
235,275,314,14.4625,-1.88887819935185
235,275,314,14.47,-2.0288819520047
235,275,314,14.4775,2.72559823629836
235,275,314,14.485,1.80550928295017
235,275,314,14.4925,-0.306256841918483
235,275,314,14.5,-0.431916033346495
235,275,314,14.5075,-0.557129182427505
235,275,314,14.515,2.9501064074635
235,275,314,14.5225,2.3353786445011
235,275,314,14.53,2.22675046283002
235,275,314,14.5375,0.399252351926672
235,275,314,14.545,-0.106382212429899
235,275,314,14.5525,-0.503543689785518
235,275,314,14.56,-2.02377949450649
235,275,314,14.5675,-0.886250545782403
235,275,314,14.575,2.99118065331846
235,275,314,14.5825,2.75990804668171
235,275,314,14.59,1.93821030800839
235,275,314,14.5975,0.955306153785627
235,275,314,14.605,-0.0957855535415024
235,275,314,14.6125,-1.16024795537117
235,275,314,14.62,-2.67092197464402
235,275,314,14.6275,2.44104787729625
235,275,314,14.635,1.97034058660343
235,275,314,14.6425,1.1492356973168
235,275,314,14.65,-0.135627074334742
235,275,314,14.6575,-1.15401592022897
235,275,314,14.665,-1.8800791500438
235,275,314,14.6725,-2.79096104574685
235,275,314,14.68,2.61092783187385
235,275,314,14.6875,1.77693753934282
235,275,314,14.695,0.596450168462683
235,275,314,14.7025,-0.439178766009626
235,275,314,14.71,-1.93302913344049
235,275,314,14.7175,-2.40070129786884
235,275,314,14.725,2.84728959887518
235,275,314,14.7325,1.43602236137121
235,275,314,14.74,1.25296480701732
235,275,314,14.7475,0.508783047763265
235,275,314,14.755,-0.0133969788945775
235,275,314,14.7625,2.76227231387537
235,275,314,14.77,-0.00580875702850592
235,275,314,14.7775,-0.698100617392692
235,275,314,14.785,-2.29977127600546
235,275,314,14.7925,2.75853475604667
235,275,314,14.8,2.90406374817088
235,275,314,14.8075,1.03575493511495
235,275,314,14.815,-0.346566890766037
235,275,314,14.8225,-0.579555090460145
235,275,314,14.83,-1.50274777630199
235,275,314,14.8375,-1.88377145969702
235,275,314,14.845,2.45198699352871
235,275,314,14.8525,1.3440149819386
235,275,314,14.86,0.147218388552348
235,275,314,14.8675,-0.507013052669491
235,275,314,14.875,-1.82513956868793
235,275,314,14.8825,-2.79640003758624
235,275,314,14.89,2.88779800091837
235,275,314,14.8975,1.30845603995385
235,275,314,14.905,0.887109836373858
235,275,314,14.9125,-0.020994030499287
235,275,314,14.92,-1.60081626334701
235,275,314,14.9275,-2.52211200387635
235,275,314,14.935,2.55558365552537
235,275,314,14.9425,1.33697953166921
235,275,314,14.95,0.69833413379936
235,275,314,14.9575,-1.59587506295309
235,275,314,14.965,-0.330550725168268
235,275,314,14.9725,-1.17333821212609
235,275,314,14.98,-1.7330125551521
235,275,314,14.9875,1.13889540198323
235,275,314,14.995,-2.68437145448631
235,275,314,15.0025,2.82382330379245
235,275,314,15.01,0.33468679821745
235,275,314,15.0175,-0.573561256627648
235,275,314,15.025,-0.720869716214203
235,275,314,15.0325,-1.86397159287214
235,275,314,15.04,-2.13229328840456
235,275,314,15.0475,-2.05947840542402
235,275,314,15.055,2.02836469878081
235,275,314,15.0625,0.023148839902785
235,275,314,15.07,0.723075521981588
235,275,314,15.0775,-0.577198500266824
235,275,314,15.085,-1.66272986284513
235,275,314,15.0925,-2.41269877616334
235,275,314,15.1,2.63101626842252
235,275,314,15.1075,1.74706590832521
235,275,314,15.115,0.692212796948346
235,275,314,15.1225,-0.628438424172286
235,275,314,15.13,-1.15529387371177
235,275,314,15.1375,-2.02427223622594
235,275,314,15.145,-2.97443449545054
235,275,314,15.1525,2.21683494524696
235,275,314,15.16,1.54606566969967
235,275,314,15.1675,0.919492278457069
235,275,314,15.175,-0.38662370779776
235,275,314,15.1825,-1.52654270511835
235,275,314,15.19,-2.75670410699267
235,275,314,15.1975,2.78788609008275
235,275,314,15.205,1.54758861405254
235,275,314,15.2125,1.50906114473879
235,275,314,15.22,-0.0806212087628522
235,275,314,15.2275,-0.0534507142734695
235,275,314,15.235,-2.02449512846165
235,275,314,15.2425,-2.26358463345882
235,275,314,15.25,3.02608668002876
235,275,314,15.2575,1.7122492157979
235,275,314,15.265,-1.50053992510184
235,275,314,15.2725,1.78732255753677
235,275,314,15.28,0.358996437741724
235,275,314,15.2875,-0.607200933462321
235,275,314,15.295,-0.578931294232125
235,275,314,15.3025,2.67714572093336
235,275,314,15.31,2.44060299528152
235,275,314,15.3175,2.65615384133052
235,275,314,15.325,1.30573163566396
235,275,314,15.3325,1.19237659807335
235,275,314,15.34,-2.01842871253054
235,275,314,15.3475,-2.92728501909846
235,275,314,15.355,-2.15953442713909
235,275,314,15.3625,3.09200980646923
235,275,314,15.37,1.68413974008264
235,275,314,15.3775,0.0632005462158105
235,275,314,15.385,0.201625966198503
235,275,314,15.3925,-0.938285658281145
235,275,314,15.4,-2.74328979845231
235,275,314,15.4075,3.13402326355719
235,275,314,15.415,2.27431441262303
235,275,314,15.4225,1.09019370707153
235,275,314,15.43,0.325580358103602
235,275,314,15.4375,-0.800503324561739
235,275,314,15.445,-2.0768387707879
235,275,314,15.4525,-3.10960314571524
235,275,314,15.46,2.19471901115831
235,275,314,15.4675,1.53703027341788
235,275,314,15.475,0.780631203322076
235,275,314,15.4825,-0.938791156303898
235,275,314,15.49,-1.71345098147274
235,275,314,15.4975,-2.49568583225024
235,275,314,15.505,2.06695474385848
235,275,314,15.5125,1.77788676423425
235,275,314,15.52,1.45443088952685
235,275,314,15.5275,-0.0845506133534014
235,275,314,15.535,0.815796501774311
235,275,314,15.5425,1.30410161920711
235,275,314,15.55,-0.236326081872232
235,275,314,15.5575,-0.852444968231509
235,275,314,15.565,-2.52758106704898
235,275,314,15.5725,2.78155116963354
235,275,314,15.58,1.30149205142921
235,275,314,15.5875,0.405446479745
235,275,314,15.595,-0.466002031459245
235,275,314,15.6025,-1.50744134418413
235,275,314,15.61,-1.82802178927157
235,275,314,15.6175,2.33565373128688
235,275,314,15.625,1.80409956883033
235,275,314,15.6325,1.40865753995508
235,275,314,15.64,0.782677781958472
235,275,314,15.6475,-1.02749618555467
235,275,314,15.655,-2.73422123747349
235,275,314,15.6625,-2.09237798680654
235,275,314,15.67,1.84527644324921
235,275,314,15.6775,1.24961527717701
235,275,314,15.685,1.20477513463479
235,275,314,15.6925,-0.794011925172404
235,275,314,15.7,-0.713298412672436
235,275,314,15.7075,-1.79604069879105
235,275,314,15.715,-1.87062345364025
235,275,314,15.7225,2.21426149233567
235,275,314,15.73,2.04300011588283
235,275,314,15.7375,-1.06662158878026
235,275,314,15.745,-0.96713800548395
235,275,314,15.7525,-1.51682715840296
235,275,314,15.76,-2.45151155858877
235,275,314,15.7675,2.54128445072254
235,275,314,15.775,1.4053391332449
235,275,314,15.7825,0.765238589763571
235,275,314,15.79,3.11431081408002
235,275,314,15.7975,-1.4216129383502
235,275,314,15.805,-2.18893464287066
235,275,314,15.8125,-1.65911371380007
235,275,314,15.82,-1.30521499273704
235,275,314,15.8275,1.05907063965157
235,275,314,15.835,0.407695337620638
235,275,314,15.8425,0.266245531880245
235,275,314,15.85,1.93867691537486
235,275,314,15.8575,2.84838885053228
235,275,314,15.865,0.469545988157861
235,275,314,15.8725,-1.3686204183922
235,275,314,15.88,-1.98650790381237
235,275,314,15.8875,-2.70867870363349
235,275,314,15.895,2.16774754294063
235,275,314,15.9025,0.050292581595135
235,275,314,15.91,-1.05772234612038
235,275,314,15.9175,-2.02613510432329
235,275,314,15.925,-1.62924997742994
235,275,314,15.9325,-2.92754517472516
235,275,314,15.94,1.04909976486028
235,275,314,15.9475,-0.146932972252463
235,275,314,15.955,-0.530115484296219
235,275,314,15.9625,-1.92556687395288
235,275,314,15.97,-1.8753013077578
235,275,314,15.9775,-2.92356306470054
235,275,314,15.985,2.25077572390663
235,275,314,15.9925,0.466901509673083
235,275,314,16,-0.521917209971153
235,275,313,4,-1.55440252826964
235,275,313,4.0075,-2.46202554727747
235,275,313,4.015,2.84818073876508
235,275,313,4.0225,1.85181257949795
235,275,313,4.03,0.979135679015372
235,275,313,4.0375,0.0165682543300791
235,275,313,4.045,-1.03180482704944
235,275,313,4.0525,-1.98225870283679
235,275,313,4.06,-2.93594696149867
235,275,313,4.0675,2.47985587701602
235,275,313,4.075,1.82788689581308
235,275,313,4.0825,0.930492309880652
235,275,313,4.09,-0.0542177276192726
235,275,313,4.0975,-1.01440584468982
235,275,313,4.105,-2.05567024229108
235,275,313,4.1125,-3.03022807185301
235,275,313,4.12,2.21712676699057
235,275,313,4.1275,1.33875164512558
235,275,313,4.135,0.34723797403552
235,275,313,4.1425,-0.146030320185636
235,275,313,4.15,-1.07608814778001
235,275,313,4.1575,-1.73260338007638
235,275,313,4.165,-2.64489282436056
235,275,313,4.1725,2.61391423016143
235,275,313,4.18,1.66811677963987
235,275,313,4.1875,0.987883561777576
235,275,313,4.195,0.137842038868896
235,275,313,4.2025,-0.639494140555491
235,275,313,4.21,-1.75154260175076
235,275,313,4.2175,-2.43109831495693
235,275,313,4.225,2.75287695371632
235,275,313,4.2325,2.04949856816783
235,275,313,4.24,1.06482646100632
235,275,313,4.2475,-0.0339475187615419
235,275,313,4.255,-0.650875154806176
235,275,313,4.2625,-1.60181068451805
235,275,313,4.27,-2.49806135140424
235,275,313,4.2775,2.89901428082348
235,275,313,4.285,1.74900364563971
235,275,313,4.2925,0.692144479042623
235,275,313,4.3,-0.310202464902295
235,275,313,4.3075,-1.18866052275951
235,275,313,4.315,-2.15781506565158
235,275,313,4.3225,-3.06285905518784
235,275,313,4.33,2.39491471274345
235,275,313,4.3375,1.37981482461189
235,275,313,4.345,0.190000459834191
235,275,313,4.3525,-0.770181557060114
235,275,313,4.36,-1.75422462836178
235,275,313,4.3675,-2.98809289215917
235,275,313,4.375,2.03507535983499
235,275,313,4.3825,1.00419137752379
235,275,313,4.39,0.292850084670848
235,275,313,4.3975,0.831350223524009
235,275,313,4.405,1.2651487285913
235,275,313,4.4125,-0.260864655084978
235,275,313,4.42,-1.35404109728844
235,275,313,4.4275,-2.26854832941296
235,275,313,4.435,3.0481434921395
235,275,313,4.4425,2.16195923994397
235,275,313,4.45,1.25884240240443
235,275,313,4.4575,0.299357651267719
235,275,313,4.465,-0.603340231434903
235,275,313,4.4725,-1.71688125976345
235,275,313,4.48,-2.73024803115131
235,275,313,4.4875,2.47592868780307
235,275,313,4.495,1.57714235647317
235,275,313,4.5025,0.720417631318961
235,275,313,4.51,-0.438106148153333
235,275,313,4.5175,-1.04068766009189
235,275,313,4.525,-2.22136335834591
235,275,313,4.5325,2.9881894140439
235,275,313,4.54,2.01953031911509
235,275,313,4.5475,0.948400451015167
235,275,313,4.555,0.114395345000678
235,275,313,4.5625,-0.994859847184806
235,275,313,4.57,-1.91149027622391
235,275,313,4.5775,-2.95292511153297
235,275,313,4.585,2.31519850612579
235,275,313,4.5925,1.31323999677731
235,275,313,4.6,0.0163814887091438
235,275,313,4.6075,-0.871977543123738
235,275,313,4.615,-1.98057487760014
235,275,313,4.6225,2.96657786905787
235,275,313,4.63,1.54346737757128
235,275,313,4.6375,0.0247388036574597
235,275,313,4.645,-1.57536501087869
235,275,313,4.6525,-2.80892118852943
235,275,313,4.66,2.04590055176127
235,275,313,4.6675,0.866053408893218
235,275,313,4.675,-0.215543064942253
235,275,313,4.6825,-1.26697072206712
235,275,313,4.69,-2.04297019778679
235,275,313,4.6975,-3.02097786897694
235,275,313,4.705,2.29562181465365
235,275,313,4.7125,1.16650070881888
235,275,313,4.72,0.37754672038366
235,275,313,4.7275,-0.777642144414809
235,275,313,4.735,-1.87759632936949
235,275,313,4.7425,-2.69930350692511
235,275,313,4.75,2.56709516953827
235,275,313,4.7575,1.54952307844836
235,275,313,4.765,0.572253048420258
235,275,313,4.7725,-0.48681031992578
235,275,313,4.78,-1.66381140681271
235,275,313,4.7875,-2.61516256381252
235,275,313,4.795,2.74999233460979
235,275,313,4.8025,1.91087677555369
235,275,313,4.81,0.801242365385755
235,275,313,4.8175,-0.21442703051865
235,275,313,4.825,-1.10488105749799
235,275,313,4.8325,-2.05031896254106
235,275,313,4.84,-3.12886300803786
235,275,313,4.8475,2.26849290692655
235,275,313,4.855,0.999417141782484
235,275,313,4.8625,0.00440666668891774
235,275,313,4.87,-1.08627461587028
235,275,313,4.8775,-2.30505611352683
235,275,313,4.885,2.27772365364308
235,275,313,4.8925,2.37789817740624
235,275,313,4.9,0.430082804442795
235,275,313,4.9075,0.0972273542259446
235,275,313,4.915,2.45210021311105
235,275,313,4.9225,0.115178232950556
235,275,313,4.93,-1.02548567375033
235,275,313,4.9375,-1.58733931095659
235,275,313,4.945,-0.0308163587369372
235,275,313,4.9525,-1.55521970175412
235,275,313,4.96,-2.62738517838344
235,275,313,4.9675,2.37128228834022
235,275,313,4.975,1.21810677238692
235,275,313,4.9825,0.40419172946283
235,275,313,4.99,-0.819260282327822
235,275,313,4.9975,-1.95367767038953
235,275,313,5.005,-3.0165646131933
235,275,313,5.0125,2.34908469189888
235,275,313,5.02,1.38373510616997
235,275,313,5.0275,0.245050316820274
235,275,313,5.035,-0.642595787052247
235,275,313,5.0425,-1.79456051450905
235,275,313,5.05,-2.66816035808731
235,275,313,5.0575,2.60231281646629
235,275,313,5.065,1.91360055814844
235,275,313,5.0725,0.809399316987168
235,275,313,5.08,0.0596988736595493
235,275,313,5.0875,-1.00119009055058
235,275,313,5.095,-1.94197706051905
235,275,313,5.1025,3.09868267212808
235,275,313,5.11,1.84275573139258
235,275,313,5.1175,1.18575041582784
235,275,313,5.125,0.449028200268592
235,275,313,5.1325,-0.552680320895017
235,275,313,5.14,-1.66027362947508
235,275,313,5.1475,-2.56102355653526
235,275,313,5.155,-2.23662317358519
235,275,313,5.1625,1.79938076767596
235,275,313,5.17,1.40464963840924
235,275,313,5.1775,-1.04647203725665
235,275,313,5.185,1.72899737037474
235,275,313,5.1925,3.0501110381689
235,275,313,5.2,1.33303248859576
235,275,313,5.2075,-0.802872539698647
235,275,313,5.215,-1.85407693875486
235,275,313,5.2225,-2.87963220542197
235,275,313,5.23,2.31387231166619
235,275,313,5.2375,1.23223859641896
235,275,313,5.245,-0.187888024892797
235,275,313,5.2525,-0.998065358627384
235,275,313,5.26,-2.37573519528208
235,275,313,5.2675,3.00196941791161
235,275,313,5.275,1.89466846196831
235,275,313,5.2825,0.848104742912892
235,275,313,5.29,-0.261158410491906
235,275,313,5.2975,-1.29810491270456
235,275,313,5.305,-2.12200088463276
235,275,313,5.3125,-3.06769156547813
235,275,313,5.32,2.25523044925224
235,275,313,5.3275,1.20504424471212
235,275,313,5.335,0.0657617210079556
235,275,313,5.3425,-0.776645933866883
235,275,313,5.35,-3.06891672379697
235,275,313,5.3575,2.56789775852058
235,275,313,5.365,0.661826818475647
235,275,313,5.3725,-1.61379140651855
235,275,313,5.38,-2.33306780502145
235,275,313,5.3875,2.32679963722427
235,275,313,5.395,1.13782499697092
235,275,313,5.4025,0.931744121058184
235,275,313,5.41,-0.642170226823159
235,275,313,5.4175,-1.14709870961152
235,275,313,5.425,-2.21772844767764
235,275,313,5.4325,-2.9354982033115
235,275,313,5.44,2.11632163182886
235,275,313,5.4475,1.41071962288266
235,275,313,5.455,0.519027895314546
235,275,313,5.4625,-0.699261565892564
235,275,313,5.47,-1.90037431651839
235,275,313,5.4775,-2.52601400335254
235,275,313,5.485,2.46292711488285
235,275,313,5.4925,1.4280786012542
235,275,313,5.5,0.27293003271893
235,275,313,5.5075,-0.791871672216101
235,275,313,5.515,-1.88391303935531
235,275,313,5.5225,-3.01951673962674
235,275,313,5.53,2.36720890398845
235,275,313,5.5375,1.55058590028841
235,275,313,5.545,0.660705918339249
235,275,313,5.5525,-0.564203397216929
235,275,313,5.56,-0.894754102333337
235,275,313,5.5675,-1.87896167259706
235,275,313,5.575,-2.77595905269195
235,275,313,5.5825,2.22042753174495
235,275,313,5.59,1.15227598527761
235,275,313,5.5975,0.171698040424488
235,275,313,5.605,-1.17961024767327
235,275,313,5.6125,-2.00228234969118
235,275,313,5.62,-3.03769146032073
235,275,313,5.6275,2.48510689483896
235,275,313,5.635,0.687852384963111
235,275,313,5.6425,-0.872589602866448
235,275,313,5.65,-2.70658370947441
235,275,313,5.6575,-2.75668251722042
235,275,313,5.665,1.83922021650246
235,275,313,5.6725,0.894041092325185
235,275,313,5.68,-0.350478356042661
235,275,313,5.6875,-1.68778403434435
235,275,313,5.695,-3.04187750310809
235,275,313,5.7025,2.07749618477309
235,275,313,5.71,1.18199901317802
235,275,313,5.7175,0.0727575530291394
235,275,313,5.725,-0.991294238530089
235,275,313,5.7325,-2.07468929501533
235,275,313,5.74,-2.97333057438178
235,275,313,5.7475,2.20561158082503
235,275,313,5.755,1.08709691547691
235,275,313,5.7625,0.213563355085214
235,275,313,5.77,-0.754504213656274
235,275,313,5.7775,-1.86567066926535
235,275,313,5.785,-2.87763325720634
235,275,313,5.7925,2.20305441948026
235,275,313,5.8,1.26763126220665
235,275,313,5.8075,0.479546961946798
235,275,313,5.815,-0.651936633785197
235,275,313,5.8225,-1.62024154370876
235,275,313,5.83,-2.76146502834337
235,275,313,5.8375,2.71425850271321
235,275,313,5.845,1.7142239400538
235,275,313,5.8525,0.55621504134566
235,275,313,5.86,-0.289578401338386
235,275,313,5.8675,-2.07417006974271
235,275,313,5.875,-3.13371997472817
235,275,313,5.8825,-2.89550476557305
235,275,313,5.89,1.71039793815102
235,275,313,5.8975,-1.05282706985021
235,275,313,5.905,-2.63683925032867
235,275,313,5.9125,2.67280240774755
235,275,313,5.92,2.26083085298736
235,275,313,5.9275,0.255901434190149
235,275,313,5.935,-0.600477424037574
235,275,313,5.9425,-1.65698207213925
235,275,313,5.95,-2.6370001664197
235,275,313,5.9575,2.87032881412659
235,275,313,5.965,1.71981675900942
235,275,313,5.9725,0.31404849470936
235,275,313,5.98,-0.634028742744691
235,275,313,5.9875,-1.59759838740111
235,275,313,5.995,-2.70664516094182
235,275,313,6.0025,2.63448759478078
235,275,313,6.01,1.63649030712529
235,275,313,6.0175,0.671414710885959
235,275,313,6.025,0.378485786724052
235,275,313,6.0325,-1.08580558849526
235,275,313,6.04,-2.05006699520594
235,275,313,6.0475,-2.78834756197201
235,275,313,6.055,2.53529737984939
235,275,313,6.0625,1.63201041346258
235,275,313,6.07,0.592206907773105
235,275,313,6.0775,-0.295634174194724
235,275,313,6.085,-1.28633465304587
235,275,313,6.0925,-2.27778834805737
235,275,313,6.1,-2.93572442050035
235,275,313,6.1075,1.73102658056648
235,275,313,6.115,1.12409420076292
235,275,313,6.1225,0.573476761889287
235,275,313,6.13,-0.453612479231429
235,275,313,6.1375,-0.38456632311202
235,275,313,6.145,-1.26523646559322
235,275,313,6.1525,-2.30038012449457
235,275,313,6.16,2.68192612921726
235,275,313,6.1675,1.35267246090804
235,275,313,6.175,1.83903072136277
235,275,313,6.1825,0.699026790897104
235,275,313,6.19,-0.270895999086621
235,275,313,6.1975,-0.646502461058533
235,275,313,6.205,-2.38981774522585
235,275,313,6.2125,2.90343919897428
235,275,313,6.22,1.8357456653497
235,275,313,6.2275,0.857019627834114
235,275,313,6.235,-0.12491267727521
235,275,313,6.2425,-1.01911790076782
235,275,313,6.25,-2.1227089759178
235,275,313,6.2575,-3.13740180807329
235,275,313,6.265,2.67341136203472
235,275,313,6.2725,1.60172379123731
235,275,313,6.28,0.75562929878666
235,275,313,6.2875,-0.373383883125966
235,275,313,6.295,-1.12231453822451
235,275,313,6.3025,-1.99516247927819
235,275,313,6.31,3.1024536483578
235,275,313,6.3175,2.20018787306992
235,275,313,6.325,1.34272527244547
235,275,313,6.3325,0.304968926591483
235,275,313,6.34,-0.0317829798410919
235,275,313,6.3475,-1.42319069702491
235,275,313,6.355,-2.19461108560357
235,275,313,6.3625,-2.88349955606903
235,275,313,6.37,2.65185069713552
235,275,313,6.3775,1.64684497226515
235,275,313,6.385,0.57463856272655
235,275,313,6.3925,-0.50393538625884
235,275,313,6.4,-1.31778974613951
235,275,313,6.4075,-1.81232114915918
235,275,313,6.415,-2.73015774922515
235,275,313,6.4225,2.20170203697718
235,275,313,6.43,-2.89115152389745
235,275,313,6.4375,1.3464296275742
235,275,313,6.445,0.577889547327439
235,275,313,6.4525,-0.385693718349178
235,275,313,6.46,-1.71698204618673
235,275,313,6.4675,-2.4671457124563
235,275,313,6.475,2.80941486782546
235,275,313,6.4825,1.80596941526806
235,275,313,6.49,0.736025802283434
235,275,313,6.4975,0.0278676059916135
235,275,313,6.505,-0.936331313361374
235,275,313,6.5125,-1.8438884333356
235,275,313,6.52,-2.81814768389614
235,275,313,6.5275,2.77195164784806
235,275,313,6.535,1.51349996115845
235,275,313,6.5425,0.67169873269578
235,275,313,6.55,-0.338043878948077
235,275,313,6.5575,-1.07629249616773
235,275,313,6.565,-2.22351716959337
235,275,313,6.5725,2.97534974309623
235,275,313,6.58,2.08281673349318
235,275,313,6.5875,1.01809323979169
235,275,313,6.595,-0.00323096340849708
235,275,313,6.6025,-0.754090919258862
235,275,313,6.61,-1.90551500746731
235,275,313,6.6175,-2.68191292012844
235,275,313,6.625,2.35093219434821
235,275,313,6.6325,1.65615858137524
235,275,313,6.64,0.768151600107579
235,275,313,6.6475,-1.11604434705566
235,275,313,6.655,-1.30590888941162
235,275,313,6.6625,-2.68103046962428
235,275,313,6.67,-1.39032551984786
235,275,313,6.6775,-1.91827002469857
235,275,313,6.685,-2.81286515811173
235,275,313,6.6925,2.83828289750788
235,275,313,6.7,1.36645856656796
235,275,313,6.7075,0.512892949658812
235,275,313,6.715,-0.609172724256999
235,275,313,6.7225,-1.62152042159487
235,275,313,6.73,-2.64465570208413
235,275,313,6.7375,2.75163588832249
235,275,313,6.745,1.78689493970462
235,275,313,6.7525,0.727689324452644
235,275,313,6.76,-0.275952872761709
235,275,313,6.7675,-1.3066073113422
235,275,313,6.775,-2.27414031723953
235,275,313,6.7825,2.9368062492727
235,275,313,6.79,2.24117694487135
235,275,313,6.7975,1.08439640277018
235,275,313,6.805,0.287980566590932
235,275,313,6.8125,-0.762900724374785
235,275,313,6.82,-1.88464861915468
235,275,313,6.8275,-2.81476211500962
235,275,313,6.835,2.61014238362879
235,275,313,6.8425,1.41191678358976
235,275,313,6.85,0.798602940899385
235,275,313,6.8575,-0.192070322714939
235,275,313,6.865,-1.09688376654908
235,275,313,6.8725,-1.79487221590002
235,275,313,6.88,-2.73812890738169
235,275,313,6.8875,2.88199202371961
235,275,313,6.895,1.65259812313362
235,275,313,6.9025,1.0618920237905
235,275,313,6.91,0.0195309456450468
235,275,313,6.9175,-0.659706959653332
235,275,313,6.925,-1.58715932824786
235,275,313,6.9325,-2.70680724545286
235,275,313,6.94,2.76604682049877
235,275,313,6.9475,1.97971413909256
235,275,313,6.955,1.06544633968608
235,275,313,6.9625,0.297803919008043
235,275,313,6.97,-0.759982612523108
235,275,313,6.9775,-1.65677853116443
235,275,313,6.985,-2.53197364883175
235,275,313,6.9925,3.04402774574811
235,275,313,7,1.97373434690661
235,275,313,7.0075,0.971894880643747
235,275,313,7.015,0.157750577892146
235,275,313,7.0225,-0.770331013438731
235,275,313,7.03,-1.49873572406254
235,275,313,7.0375,-2.57315548177859
235,275,313,7.045,2.77745688282742
235,275,313,7.0525,1.86562711774991
235,275,313,7.06,1.08331401526708
235,275,313,7.0675,0.271901908158032
235,275,313,7.075,-0.637153731904055
235,275,313,7.0825,-1.50093236777761
235,275,313,7.09,-2.48815079314128
235,275,313,7.0975,2.85033111056322
235,275,313,7.105,1.79014818471099
235,275,313,7.1125,0.678793385302985
235,275,313,7.12,-0.306981756502058
235,275,313,7.1275,-1.11108854481447
235,275,313,7.135,-2.30762693639903
235,275,313,7.1425,3.0732460302897
235,275,313,7.15,2.02018546663431
235,275,313,7.1575,1.04424408797355
235,275,313,7.165,-0.0121633032530212
235,275,313,7.1725,-0.563372287623602
235,275,313,7.18,-1.60796808675589
235,275,313,7.1875,-2.65491464733423
235,275,313,7.195,-3.07278797310085
235,275,313,7.2025,2.53024934833213
235,275,313,7.21,1.61888115128443
235,275,313,7.2175,0.929663738840778
235,275,313,7.225,-0.580364237356529
235,275,313,7.2325,-0.642871060097962
235,275,313,7.24,-1.94205300600735
235,275,313,7.2475,-2.57994201221006
235,275,313,7.255,2.68332504429502
235,275,313,7.2625,1.76207396222114
235,275,313,7.27,0.782334703642084
235,275,313,7.2775,-0.174192168160208
235,275,313,7.285,-1.2579036072542
235,275,313,7.2925,-2.1306802200291
235,275,313,7.3,3.05193158391998
235,275,313,7.3075,2.02852378836929
235,275,313,7.315,1.32206311881457
235,275,313,7.3225,0.531636670983954
235,275,313,7.33,-0.677236287457397
235,275,313,7.3375,-1.4876719896648
235,275,313,7.345,-2.4153133567398
235,275,313,7.3525,2.92682905746534
235,275,313,7.36,2.07469455488802
235,275,313,7.3675,0.921066283528075
235,275,313,7.375,-0.0656781821913228
235,275,313,7.3825,-0.964634588523087
235,275,313,7.39,-1.96698022366424
235,275,313,7.3975,-2.89590131797355
235,275,313,7.405,2.73028583476974
235,275,313,7.4125,1.33205290463488
235,275,313,7.42,0.899562579913763
235,275,313,7.4275,0.270456827495437
235,275,313,7.435,-0.686251438665952
235,275,313,7.4425,-1.28480728343984
235,275,313,7.45,-1.92146606130005
235,275,313,7.4575,-3.07816426779155
235,275,313,7.465,2.47721652146585
235,275,313,7.4725,1.34855960170349
235,275,313,7.48,0.444367632025045
235,275,313,7.4875,-0.580968974345637
235,275,313,7.495,-1.49816113916942
235,275,313,7.5025,-2.55353002347014
235,275,313,7.51,2.85494788542886
235,275,313,7.5175,2.17841940536171
235,275,313,7.525,0.893066358763982
235,275,313,7.5325,0.10559158041353
235,275,313,7.54,-0.791042781888289
235,275,313,7.5475,-1.87312517973834
235,275,313,7.555,-2.5005198848845
235,275,313,7.5625,2.59665381029244
235,275,313,7.57,1.93102243884241
235,275,313,7.5775,1.34679837784767
235,275,313,7.585,0.296419409577574
235,275,313,7.5925,-0.882763289681281
235,275,313,7.6,-1.42554695907783
235,275,313,7.6075,-2.48242330897714
235,275,313,7.615,2.7639165767437
235,275,313,7.6225,1.70596426768891
235,275,313,7.63,0.993944592602343
235,275,313,7.6375,-0.00102593753806621
235,275,313,7.645,-1.14513996425832
235,275,313,7.6525,-2.31329092070271
235,275,313,7.66,-3.08091795996736
235,275,313,7.6675,2.14470498991655
235,275,313,7.675,1.20672708958722
235,275,313,7.6825,0.367715963579404
235,275,313,7.69,-0.390768726852148
235,275,313,7.6975,-1.43523161336885
235,275,313,7.705,-2.28014898113805
235,275,313,7.7125,3.03984382228949
235,275,313,7.72,2.4598031638128
235,275,313,7.7275,1.62851980914711
235,275,313,7.735,0.515398022655083
235,275,313,7.7425,-0.320670313522027
235,275,313,7.75,-1.10158864675394
235,275,313,7.7575,-1.9914789429959
235,275,313,7.765,-2.56460986744818
235,275,313,7.7725,2.70485082037418
235,275,313,7.78,1.54170073429235
235,275,313,7.7875,1.4908167914296
235,275,313,7.795,0.345824941887946
235,275,313,7.8025,-0.63078650748598
235,275,313,7.81,-1.5658884868507
235,275,313,7.8175,-2.45039428803584
235,275,313,7.825,2.72179226017643
235,275,313,7.8325,1.90955505530076
235,275,313,7.84,0.885509011831273
235,275,313,7.8475,-0.123203406920734
235,275,313,7.855,-1.02378755360986
235,275,313,7.8625,-2.03714029046592
235,275,313,7.87,-3.07897793721908
235,275,313,7.8775,2.20939660457546
235,275,313,7.885,1.30989025295913
235,275,313,7.8925,0.314427790553557
235,275,313,7.9,-0.628039255647391
235,275,313,7.9075,-1.71501342148765
235,275,313,7.915,-2.41321075849938
235,275,313,7.9225,2.77573916267852
235,275,313,7.93,1.86004858641202
235,275,313,7.9375,1.03678454663963
235,275,313,7.945,0.485296900010642
235,275,313,7.9525,-0.0881343795828598
235,275,313,7.96,-1.0964238249946
235,275,313,7.9675,-1.76230799427994
235,275,313,7.975,-2.67057854566403
235,275,313,7.9825,2.59070416598798
235,275,313,7.99,1.54221341545108
235,275,313,7.9975,0.628757057562688
235,275,313,8.005,-0.30457372998149
235,275,313,8.0125,-1.41836271179481
235,275,313,8.02,-2.15219637031239
235,275,313,8.0275,-2.99264222969257
235,275,313,8.035,2.21917990259382
235,275,313,8.0425,1.0283622240443
235,275,313,8.05,0.157395495101374
235,275,313,8.0575,-0.669902496588957
235,275,313,8.065,-1.39183574847421
235,275,313,8.0725,-2.33815918063398
235,275,313,8.08,3.0762092062824
235,275,313,8.0875,2.10912748601759
235,275,313,8.095,1.27267760715774
235,275,313,8.1025,0.00152759950730609
235,275,313,8.11,-0.781855760880986
235,275,313,8.1175,-1.81562581142076
235,275,313,8.125,-2.72460324498005
235,275,313,8.1325,2.82323351104926
235,275,313,8.14,1.92455781992357
235,275,313,8.1475,1.01346210304391
235,275,313,8.155,0.319480823756141
235,275,313,8.1625,-0.388997571309418
235,275,313,8.17,-1.27160055171206
235,275,313,8.1775,-2.10838874700476
235,275,313,8.185,-2.90581864047424
235,275,313,8.1925,2.30104711195953
235,275,313,8.2,1.36070323178026
235,275,313,8.2075,0.363460219534017
235,275,313,8.215,-0.721239482429937
235,275,313,8.2225,-1.58707677815592
235,275,313,8.23,-2.46663531209179
235,275,313,8.2375,2.51267397694889
235,275,313,8.245,1.59133339442902
235,275,313,8.2525,0.657684580313778
235,275,313,8.26,-0.143910274021655
235,275,313,8.2675,-1.08519875730063
235,275,313,8.275,-2.00643548010523
235,275,313,8.2825,-2.95032993356844
235,275,313,8.29,2.57672295146598
235,275,313,8.2975,1.78822609439402
235,275,313,8.305,0.849338234289692
235,275,313,8.3125,0.52316499148473
235,275,313,8.32,-0.199143300229794
235,275,313,8.3275,-1.25707394444649
235,275,313,8.335,-2.09033109370558
235,275,313,8.3425,3.11512038106905
235,275,313,8.35,2.139234292912
235,275,313,8.3575,0.94520442829916
235,275,313,8.365,-0.0115583236434197
235,275,313,8.3725,-0.96114591557624
235,275,313,8.38,-2.02502552405346
235,275,313,8.3875,-2.94081475949316
235,275,313,8.395,2.49267574296178
235,275,313,8.4025,1.27369781641703
235,275,313,8.41,0.291267166824112
235,275,313,8.4175,-0.639191969931064
235,275,313,8.425,-1.48856203545685
235,275,313,8.4325,-2.51403131170026
235,275,313,8.44,2.87934696358596
235,275,313,8.4475,1.94080042191329
235,275,313,8.455,0.970808274593424
235,275,313,8.4625,-0.175465696614149
235,275,313,8.47,-1.05501411962072
235,275,313,8.4775,-1.56092580438628
235,275,313,8.485,-2.69766644691113
235,275,313,8.4925,-3.12343220751998
235,275,313,8.5,2.58631451133457
235,275,313,8.5075,2.22425457267864
235,275,313,8.515,1.43874152370451
235,275,313,8.5225,0.217650279520928
235,275,313,8.53,-0.478049372549768
235,275,313,8.5375,-1.50887862667405
235,275,313,8.545,-2.35008384425058
235,275,313,8.5525,2.83488144714374
235,275,313,8.56,1.72869436776016
235,275,313,8.5675,0.791704989281278
235,275,313,8.575,-0.0461556702579666
235,275,313,8.5825,-1.08722533916542
235,275,313,8.59,-1.98806103609757
235,275,313,8.5975,-3.08293675404018
235,275,313,8.605,2.25304028766296
235,275,313,8.6125,1.45063100322311
235,275,313,8.62,0.398368851740635
235,275,313,8.6275,-0.571135255242959
235,275,313,8.635,-1.45991501121421
235,275,313,8.6425,-2.44951851832391
235,275,313,8.65,2.81637350936881
235,275,313,8.6575,1.89797809086002
235,275,313,8.665,0.995606854885956
235,275,313,8.6725,0.0499670689898655
235,275,313,8.68,-0.973697474072041
235,275,313,8.6875,-1.67520522439324
235,275,313,8.695,-2.50351411453107
235,275,313,8.7025,2.57110896326746
235,275,313,8.71,2.20960911272587
235,275,313,8.7175,1.28669376661027
235,275,313,8.725,0.388355124695227
235,275,313,8.7325,-0.640163162050159
235,275,313,8.74,-1.680078842793
235,275,313,8.7475,-2.35244337364915
235,275,313,8.755,2.79506939079905
235,275,313,8.7625,1.96915798973357
235,275,313,8.77,1.06303771856397
235,275,313,8.7775,0.118712409857136
235,275,313,8.785,-0.708133966749228
235,275,313,8.7925,-1.68510082928322
235,275,313,8.8,-2.64524928585526
235,275,313,8.8075,2.86303454572406
235,275,313,8.815,2.08968048177343
235,275,313,8.8225,1.47166894919741
235,275,313,8.83,0.244776762331562
235,275,313,8.8375,-0.812632110251135
235,275,313,8.845,-1.28717963824765
235,275,313,8.8525,-2.23681325874069
235,275,313,8.86,-3.06938389411176
235,275,313,8.8675,2.21351981234052
235,275,313,8.875,1.11486319188106
235,275,313,8.8825,0.191759061950676
235,275,313,8.89,-0.462969311058035
235,275,313,8.8975,-1.21261233699353
235,275,313,8.905,-2.35356070924188
235,275,313,8.9125,3.03804151095208
235,275,313,8.92,1.95036007385272
235,275,313,8.9275,1.0466363106816
235,275,313,8.935,0.124030994821637
235,275,313,8.9425,-0.953083758263775
235,275,313,8.95,-1.87009936502838
235,275,313,8.9575,-2.63138633603767
235,275,313,8.965,2.7266396988758
235,275,313,8.9725,1.79387915178895
235,275,313,8.98,0.785993476217433
235,275,313,8.9875,-0.0990758525323539
235,275,313,8.995,-0.961769051994297
235,275,313,9.0025,-1.92623167530635
235,275,313,9.01,-3.04482318412526
235,275,313,9.0175,2.43062424394885
235,275,313,9.025,1.41357862081103
235,275,313,9.0325,0.619407010836733
235,275,313,9.04,0.358356471675025
235,275,313,9.0475,-1.05921598024632
235,275,313,9.055,-1.78725889485002
235,275,313,9.0625,-2.35902087531963
235,275,313,9.07,2.80218398336767
235,275,313,9.0775,2.12528590065012
235,275,313,9.085,1.01342193291146
235,275,313,9.0925,-0.030545059266658
235,275,313,9.1,-0.830141339560287
235,275,313,9.1075,-1.82135524008518
235,275,313,9.115,-2.70052014259964
235,275,313,9.1225,2.72926236416181
235,275,313,9.13,1.67328249358967
235,275,313,9.1375,0.941430086287832
235,275,313,9.145,0.0348843647808079
235,275,313,9.1525,-1.24274917765187
235,275,313,9.16,-2.11473224148393
235,275,313,9.1675,-3.10406300565658
235,275,313,9.175,2.11580190353421
235,275,313,9.1825,1.19733465388163
235,275,313,9.19,0.060847239301257
235,275,313,9.1975,-0.72799913597622
235,275,313,9.205,-1.80355345686146
235,275,313,9.2125,-2.440578511178
235,275,313,9.22,3.03759811873787
235,275,313,9.2275,2.12980029308457
235,275,313,9.235,1.18507777063016
235,275,313,9.2425,0.627739472831949
235,275,313,9.25,-0.157723220771515
235,275,313,9.2575,-1.1002894702184
235,275,313,9.265,-1.68950845390119
235,275,313,9.2725,-2.972463778803
235,275,313,9.28,2.4289163989853
235,275,313,9.2875,1.54932262689262
235,275,313,9.295,0.698965906159082
235,275,313,9.3025,0.0492737041564811
235,275,313,9.31,-1.23747307464405
235,275,313,9.3175,-1.90277681942058
235,275,313,9.325,-3.06669135355382
235,275,313,9.3325,2.53790308984147
235,275,313,9.34,1.34151402673537
235,275,313,9.3475,0.548401183280199
235,275,313,9.355,-0.464716429955816
235,275,313,9.3625,-1.36088689005786
235,275,313,9.37,-2.61282543417473
235,275,313,9.3775,3.00375984234903
235,275,313,9.385,2.00921603916207
235,275,313,9.3925,1.1852400071555
235,275,313,9.4,0.341262813820561
235,275,313,9.4075,-0.632735941749134
235,275,313,9.415,-1.31246714572018
235,275,313,9.4225,-2.03739465937632
235,275,313,9.43,2.96566563880082
235,275,313,9.4375,2.20448561306039
235,275,313,9.445,1.16824864087701
235,275,313,9.4525,0.174765642118703
235,275,313,9.46,-0.771439858980076
235,275,313,9.4675,-1.64759430370245
235,275,313,9.475,-2.78130635454001
235,275,313,9.4825,2.63149034008394
235,275,313,9.49,1.82799047593003
235,275,313,9.4975,0.675616545373485
235,275,313,9.505,-0.286843953433593
235,275,313,9.5125,-1.19830378292668
235,275,313,9.52,-2.07277533246241
235,275,313,9.5275,-3.02767030904959
235,275,313,9.535,2.3092881034476
235,275,313,9.5425,1.31061927422025
235,275,313,9.55,0.209192939385111
235,275,313,9.5575,-0.625979475939742
235,275,313,9.565,-2.210611942108
235,275,313,9.5725,-1.59315819952381
235,275,313,9.58,-2.83379985751884
235,275,313,9.5875,2.69420379804329
235,275,313,9.595,2.40079850276964
235,275,313,9.6025,1.93314437983282
235,275,313,9.61,0.805203390439121
235,275,313,9.6175,-0.178216430153013
235,275,313,9.625,-1.00218537612282
235,275,313,9.6325,-2.23891946710922
235,275,313,9.64,3.09198690184617
235,275,313,9.6475,2.15414495164539
235,275,313,9.655,1.14804467093
235,275,313,9.6625,0.0522284605672562
235,275,313,9.67,-0.649143018800501
235,275,313,9.6775,-1.59858077313579
235,275,313,9.685,-2.73574076585645
235,275,313,9.6925,2.48896467839448
235,275,313,9.7,1.60866271840757
235,275,313,9.7075,0.761476869264925
235,275,313,9.715,-0.387476033213039
235,275,313,9.7225,-1.20103471996094
235,275,313,9.73,-2.26140651219006
235,275,313,9.7375,2.95596473362088
235,275,313,9.745,2.19352125490811
235,275,313,9.7525,1.07282959888643
235,275,313,9.76,0.369294595741283
235,275,313,9.7675,-0.911495666952357
235,275,313,9.775,-1.63188296981948
235,275,313,9.7825,-2.3863874277438
235,275,313,9.79,2.68368667516217
235,275,313,9.7975,1.88354682217979
235,275,313,9.805,1.78648119896839
235,275,313,9.8125,0.330715689471176
235,275,313,9.82,-0.150550800308987
235,275,313,9.8275,-0.956261404780059
235,275,313,9.835,-1.87993411003358
235,275,313,9.8425,-2.54057540595775
235,275,313,9.85,2.83513792991464
235,275,313,9.8575,1.71484409082714
235,275,313,9.865,1.02836049652821
235,275,313,9.8725,-0.0151101513823633
235,275,313,9.88,-1.13930533755244
235,275,313,9.8875,-1.97783014653781
235,275,313,9.895,-3.02223955036071
235,275,313,9.9025,2.31535083086474
235,275,313,9.91,1.3829747489997
235,275,313,9.9175,0.200536194073375
235,275,313,9.925,-0.59299960119785
235,275,313,9.9325,-1.27597613010551
235,275,313,9.94,-2.29440109708017
235,275,313,9.9475,3.10622619366728
235,275,313,9.955,2.3123212717075
235,275,313,9.9625,1.50905052212207
235,275,313,9.97,0.460766467859432
235,275,313,9.9775,-0.394856650099813
235,275,313,9.985,-1.31381315081102
235,275,313,9.9925,-2.3689220917107
235,275,313,10,3.13743129188036
235,275,313,10.0075,2.17707836237161
235,275,313,10.015,1.1588214116393
235,275,313,10.0225,0.247537283375353
235,275,313,10.03,-0.405537216021271
235,275,313,10.0375,-1.35896077323933
235,275,313,10.045,-2.52178844434761
235,275,313,10.0525,2.71019294141195
235,275,313,10.06,1.88883428085443
235,275,313,10.0675,1.07495389476057
235,275,313,10.075,0.107970414057383
235,275,313,10.0825,-1.02937707629629
235,275,313,10.09,-1.71047726724812
235,275,313,10.0975,-3.08231155449802
235,275,313,10.105,2.55580202474131
235,275,313,10.1125,1.82137373093311
235,275,313,10.12,1.36966219546454
235,275,313,10.1275,0.0605571037594977
235,275,313,10.135,-0.890050542249403
235,275,313,10.1425,-1.44667522094299
235,275,313,10.15,-2.4691155532485
235,275,313,10.1575,2.77614636847987
235,275,313,10.165,2.16459434923486
235,275,313,10.1725,0.896131104863866
235,275,313,10.18,0.468648309556677
235,275,313,10.1875,-0.579535128810022
235,275,313,10.195,-1.69872047514814
235,275,313,10.2025,-2.55423567985937
235,275,313,10.21,2.74088875708552
235,275,313,10.2175,1.73097148034964
235,275,313,10.225,0.964383807795267
235,275,313,10.2325,-0.0890738877841612
235,275,313,10.24,-0.937381486312059
235,275,313,10.2475,-1.99847500384737
235,275,313,10.255,-2.95424012771403
235,275,313,10.2625,2.20325561874122
235,275,313,10.27,1.26085298334326
235,275,313,10.2775,0.253165272074319
235,275,313,10.285,-0.608165623999934
235,275,313,10.2925,-1.65309710396955
235,275,313,10.3,-2.79484533116423
235,275,313,10.3075,2.456784183184
235,275,313,10.315,2.71634147249547
235,275,313,10.3225,1.1295160713169
235,275,313,10.33,1.39720610517499
235,275,313,10.3375,0.86117427714603
235,275,313,10.345,0.0995606517241629
235,275,313,10.3525,-1.08043804133623
235,275,313,10.36,-1.81773781696475
235,275,313,10.3675,-2.89823886704437
235,275,313,10.375,2.72098404131623
235,275,313,10.3825,1.49377760044058
235,275,313,10.39,0.647491905836844
235,275,313,10.3975,-0.510714340003014
235,275,313,10.405,-1.74658682930059
235,275,313,10.4125,-2.56482904478923
235,275,313,10.42,2.59802903476461
235,275,313,10.4275,1.72572552141101
235,275,313,10.435,0.697797542106258
235,275,313,10.4425,-0.0908330424748593
235,275,313,10.45,-1.37333294057845
235,275,313,10.4575,-2.19111738616685
235,275,313,10.465,-3.11192078968501
235,275,313,10.4725,2.3181938551526
235,275,313,10.48,1.10612136552548
235,275,313,10.4875,0.311916519803607
235,275,313,10.495,-0.816656682399942
235,275,313,10.5025,-1.72475219982196
235,275,313,10.51,-2.67511034391945
235,275,313,10.5175,2.96730343128097
235,275,313,10.525,1.92833436962791
235,275,313,10.5325,0.466852350820385
235,275,313,10.54,-0.421361056458192
235,275,313,10.5475,-0.806248037606327
235,275,313,10.555,-2.22124031247391
235,275,313,10.5625,-2.03765584632449
235,275,313,10.57,-2.92778403353378
235,275,313,10.5775,2.84591324075462
235,275,313,10.585,1.82413967522227
235,275,313,10.5925,0.822110466972641
235,275,313,10.6,0.0213544096299482
235,275,313,10.6075,-0.613778599672739
235,275,313,10.615,-2.10682317422762
235,275,313,10.6225,3.13781342726291
235,275,313,10.63,2.13566311770035
235,275,313,10.6375,1.5960025103435
235,275,313,10.645,0.670090689142506
235,275,313,10.6525,-0.0411104838437214
235,275,313,10.66,-1.14410957865558
235,275,313,10.6675,-2.37286867435192
235,275,313,10.675,-2.29738209637427
235,275,313,10.6825,3.08659002060613
235,275,313,10.69,2.12144743641908
235,275,313,10.6975,1.10078770034687
235,275,313,10.705,-0.210184670094355
235,275,313,10.7125,-0.877983950041951
235,275,313,10.72,-1.97126874031861
235,275,313,10.7275,-2.86326986742208
235,275,313,10.735,2.35848374654444
235,275,313,10.7425,1.46226530888666
235,275,313,10.75,0.283709046718063
235,275,313,10.7575,-0.621634766784142
235,275,313,10.765,-1.50555374544959
235,275,313,10.7725,-2.61433742942387
235,275,313,10.78,2.61109403586365
235,275,313,10.7875,1.81996668204133
235,275,313,10.795,0.682797015437999
235,275,313,10.8025,-0.63143316375072
235,275,313,10.81,-1.72311367232688
235,275,313,10.8175,-2.71808244901755
235,275,313,10.825,-3.11301252055493
235,275,313,10.8325,1.80941668210121
235,275,313,10.84,1.06132963713227
235,275,313,10.8475,1.63592272697538
235,275,313,10.855,-0.267645989172266
235,275,313,10.8625,0.86876482427056
235,275,313,10.87,-1.26434794719381
235,275,313,10.8775,-2.18717199199485
235,275,313,10.885,-2.63683908741604
235,275,313,10.8925,2.53082292724892
235,275,313,10.9,1.97073466108578
235,275,313,10.9075,0.461572319980915
235,275,313,10.915,-0.124946577131983
235,275,313,10.9225,-1.00340976980823
235,275,313,10.93,-2.10747058141581
235,275,313,10.9375,2.9593701672737
235,275,313,10.945,2.07020011512303
235,275,313,10.9525,1.43500730493636
235,275,313,10.96,0.428098640921746
235,275,313,10.9675,-0.798304052059789
235,275,313,10.975,-1.48491691507233
235,275,313,10.9825,-2.48332810926912
235,275,313,10.99,2.6108949640776
235,275,313,10.9975,1.99737649843661
235,275,313,11.005,0.917979430470845
235,275,313,11.0125,-0.190915852698345
235,275,313,11.02,-1.10363471469217
235,275,313,11.0275,-2.0842475210495
235,275,313,11.035,2.8755547354457
235,275,313,11.0425,2.15731089301119
235,275,313,11.05,1.02639090281532
235,275,313,11.0575,0.503139437619627
235,275,313,11.065,-0.621713471746116
235,275,313,11.0725,-1.05749122690527
235,275,313,11.08,-1.85505337465954
235,275,313,11.0875,-1.137851757252
235,275,313,11.095,-2.72178919320371
235,275,313,11.1025,2.53829551632424
235,275,313,11.11,1.52201164630738
235,275,313,11.1175,0.725811284625181
235,275,313,11.125,-0.898408134123422
235,275,313,11.1325,-1.66677051813951
235,275,313,11.14,-2.64938300534018
235,275,313,11.1475,2.98673828897556
235,275,313,11.155,2.58696788930487
235,275,313,11.1625,1.11734576224814
235,275,313,11.17,0.364090060458791
235,275,313,11.1775,-0.700110227795778
235,275,313,11.185,-1.60469892054679
235,275,313,11.1925,-2.61713268661052
235,275,313,11.2,2.61893993262329
235,275,313,11.2075,1.68821560104665
235,275,313,11.215,0.593925384735675
235,275,313,11.2225,-0.288105519182388
235,275,313,11.23,-1.49218223222994
235,275,313,11.2375,-1.9740960987518
235,275,313,11.245,-3.12540984564889
235,275,313,11.2525,2.18088753916111
235,275,313,11.26,1.09262894339479
235,275,313,11.2675,-0.0395570628891464
235,275,313,11.275,-0.664085643976694
235,275,313,11.2825,-2.02527960810452
235,275,313,11.29,2.57438266407382
235,275,313,11.2975,2.56183881000878
235,275,313,11.305,1.67573883548485
235,275,313,11.3125,1.21031959134556
235,275,313,11.32,1.14479003836288
235,275,313,11.3275,0.554701147549465
235,275,313,11.335,-0.655035305069796
235,275,313,11.3425,-1.35952523083748
235,275,313,11.35,-2.32188448143564
235,275,313,11.3575,2.61260961602231
235,275,313,11.365,1.70622059819424
235,275,313,11.3725,1.11367968378938
235,275,313,11.38,0.536723490743453
235,275,313,11.3875,-0.546231744540549
235,275,313,11.395,-1.61060369051033
235,275,313,11.4025,-2.5199740230176
235,275,313,11.41,3.0506016713674
235,275,313,11.4175,2.01976554660472
235,275,313,11.425,1.06326762957292
235,275,313,11.4325,0.253788592216882
235,275,313,11.44,-0.532791140608443
235,275,313,11.4475,-1.55578935175366
235,275,313,11.455,-2.81842380710173
235,275,313,11.4625,2.73043992940231
235,275,313,11.47,1.5952845428317
235,275,313,11.4775,0.616466211718927
235,275,313,11.485,-0.333338989916562
235,275,313,11.4925,-1.16081377169205
235,275,313,11.5,-2.19237211249707
235,275,313,11.5075,3.06402145560489
235,275,313,11.515,2.06945342872916
235,275,313,11.5225,1.19326340292992
235,275,313,11.53,-0.00724597426394928
235,275,313,11.5375,-0.882598754836619
235,275,313,11.545,-1.80542060811832
235,275,313,11.5525,-2.59842080646596
235,275,313,11.56,2.82824774823663
235,275,313,11.5675,1.78472214421671
235,275,313,11.575,0.897979359781444
235,275,313,11.5825,-0.653775586642791
235,275,313,11.59,-1.42260894349719
235,275,313,11.5975,-2.55673080221102
235,275,313,11.605,-3.08197780241831
235,275,313,11.6125,-1.63082194396398
235,275,313,11.62,-0.21016346241965
235,275,313,11.6275,-2.78465706665457
235,275,313,11.635,2.4862666134341
235,275,313,11.6425,0.300123762432466
235,275,313,11.65,-0.252609279450211
235,275,313,11.6575,-1.26402472060641
235,275,313,11.665,-2.20092435985889
235,275,313,11.6725,2.8894694836047
235,275,313,11.68,2.10611131601151
235,275,313,11.6875,0.910453457308597
235,275,313,11.695,-0.0358160374993004
235,275,313,11.7025,-0.862974648464694
235,275,313,11.71,-1.86767189306657
235,275,313,11.7175,3.02582799617496
235,275,313,11.725,2.3625919356213
235,275,313,11.7325,1.21993660824254
235,275,313,11.74,0.358980004043013
235,275,313,11.7475,-0.499176618461511
235,275,313,11.755,-1.82742200687158
235,275,313,11.7625,-2.71415737302488
235,275,313,11.77,2.91860065222726
235,275,313,11.7775,1.64907841719747
235,275,313,11.785,0.561176610229743
235,275,313,11.7925,-0.299877442682187
235,275,313,11.8,-1.0636635676435
235,275,313,11.8075,-2.33755755938552
235,275,313,11.815,2.90494224501427
235,275,313,11.8225,2.65245159396596
235,275,313,11.83,1.22476192735845
235,275,313,11.8375,0.304003453656471
235,275,313,11.845,-1.05786784229072
235,275,313,11.8525,-1.07300970382398
235,275,313,11.86,-1.62758310267495
235,275,313,11.8675,-1.51938941360302
235,275,313,11.875,2.89585103842145
235,275,313,11.8825,-2.94788104761365
235,275,313,11.89,1.33528292076261
235,275,313,11.8975,0.461892993723542
235,275,313,11.905,-0.303439981570533
235,275,313,11.9125,-1.25030949462135
235,275,313,11.92,-2.48103946109183
235,275,313,11.9275,2.72410299989076
235,275,313,11.935,2.02798561029734
235,275,313,11.9425,0.729172397530557
235,275,313,11.95,0.00076922017701839
235,275,313,11.9575,-0.840333325889893
235,275,313,11.965,-1.80276974701436
235,275,313,11.9725,-2.51849282602772
235,275,313,11.98,2.74711199983918
235,275,313,11.9875,1.88222975498619
235,275,313,11.995,0.922589067293513
235,275,313,12.0025,-0.22650321983923
235,275,313,12.01,-1.12455853949354
235,275,313,12.0175,-2.12812491519828
235,275,313,12.025,-2.92829187969989
235,275,313,12.0325,2.13699902267528
235,275,313,12.04,1.31602312274126
235,275,313,12.0475,0.410146473591151
235,275,313,12.055,-0.260875941377068
235,275,313,12.0625,-1.47938934648756
235,275,313,12.07,-2.3018163282607
235,275,313,12.0775,-3.06615789809658
235,275,313,12.085,2.10739133605416
235,275,313,12.0925,1.22109084861333
235,275,313,12.1,1.22977565435903
235,275,313,12.1075,0.160850755769633
235,275,313,12.115,-1.19944323316892
235,275,313,12.1225,-1.4750263314498
235,275,313,12.13,-2.3220707883856
235,275,313,12.1375,-2.92930668942291
235,275,313,12.145,2.32916893129424
235,275,313,12.1525,1.07668301225513
235,275,313,12.16,0.068660223903957
235,275,313,12.1675,-0.94599901294216
235,275,313,12.175,-2.04782939248272
235,275,313,12.1825,-2.52796188086015
235,275,313,12.19,2.47825380179426
235,275,313,12.1975,1.94861845298994
235,275,313,12.205,1.4679636381942
235,275,313,12.2125,0.328911175284733
235,275,313,12.22,-0.722977670522656
235,275,313,12.2275,-1.27685791934322
235,275,313,12.235,-2.72056124851253
235,275,313,12.2425,2.53774898283399
235,275,313,12.25,1.56713405669345
235,275,313,12.2575,0.265080440744149
235,275,313,12.265,-0.418034427025281
235,275,313,12.2725,-1.21086483119759
235,275,313,12.28,-2.51156261563643
235,275,313,12.2875,2.77132871959567
235,275,313,12.295,1.65385052470871
235,275,313,12.3025,0.825466943854364
235,275,313,12.31,-0.523321772377227
235,275,313,12.3175,-1.68398234658995
235,275,313,12.325,-2.33565305423158
235,275,313,12.3325,2.08446289574892
235,275,313,12.34,1.46419957759287
235,275,313,12.3475,-0.163623792230759
235,275,313,12.355,-0.848160589852627
235,275,313,12.3625,2.36191598339827
235,275,313,12.37,1.62154496567325
235,275,313,12.3775,0.591509785428529
235,275,313,12.385,-1.18173598232203
235,275,313,12.3925,-2.00741649086763
235,275,313,12.4,-2.49845972163455
235,275,313,12.4075,2.46114711155257
235,275,313,12.415,1.51452189711722
235,275,313,12.4225,0.467764460543345
235,275,313,12.43,-0.838391682390684
235,275,313,12.4375,-1.81544113827041
235,275,313,12.445,-2.61735809557742
235,275,313,12.4525,2.56162905472317
235,275,313,12.46,1.51823694488062
235,275,313,12.4675,0.755555777489054
235,275,313,12.475,-0.364619158737471
235,275,313,12.4825,-1.52297121921869
235,275,313,12.49,-2.50008913338787
235,275,313,12.4975,2.6984802056687
235,275,313,12.505,1.95125144411645
235,275,313,12.5125,0.801860750837383
235,275,313,12.52,-0.506808923745537
235,275,313,12.5275,-1.43601233337733
235,275,313,12.535,-2.25257351962419
235,275,313,12.5425,-2.68161830186234
235,275,313,12.55,2.2836424520346
235,275,313,12.5575,1.45901084399877
235,275,313,12.565,0.581753342140803
235,275,313,12.5725,-0.408939791771907
235,275,313,12.58,-1.46455289984269
235,275,313,12.5875,-2.2887327069738
235,275,313,12.595,2.82778772281369
235,275,313,12.6025,2.35468385403882
235,275,313,12.61,1.73075749627306
235,275,313,12.6175,0.112969763856627
235,275,313,12.625,-0.0735413369048341
235,275,313,12.6325,-0.648780458189904
235,275,313,12.64,-1.83369387039461
235,275,313,12.6475,-2.27951388396234
235,275,313,12.655,2.53643021656663
235,275,313,12.6625,1.25490032336433
235,275,313,12.67,-1.2170357429879
235,275,313,12.6775,0.319938563235251
235,275,313,12.685,-0.637713751965291
235,275,313,12.6925,-1.93249212059403
235,275,313,12.7,-1.13957920826613
235,275,313,12.7075,-2.57547551469812
235,275,313,12.715,2.14434761079969
235,275,313,12.7225,1.62890879586697
235,275,313,12.73,0.765354056249153
235,275,313,12.7375,-0.48929324345808
235,275,313,12.745,-1.35522470044942
235,275,313,12.7525,-2.58615830161354
235,275,313,12.76,2.88774814548978
235,275,313,12.7675,1.80298847320303
235,275,313,12.775,0.549728489427994
235,275,313,12.7825,-0.448575153475923
235,275,313,12.79,-1.34063661621767
235,275,313,12.7975,-2.65239279661781
235,275,313,12.805,-2.98598722107915
235,275,313,12.8125,2.2289245755516
235,275,313,12.82,1.17613274759871
235,275,313,12.8275,0.372021443336015
235,275,313,12.835,-0.422156628467315
235,275,313,12.8425,-1.45484095703391
235,275,313,12.85,-2.73174239876486
235,275,313,12.8575,2.621370273053
235,275,313,12.865,0.386544688601984
235,275,313,12.8725,0.170884252026404
235,275,313,12.88,0.0897181558429442
235,275,313,12.8875,0.353119502530486
235,275,313,12.895,-0.644508951237207
235,275,313,12.9025,-1.93200568652473
235,275,313,12.91,2.18997304404013
235,275,313,12.9175,2.33085165520223
235,275,313,12.925,2.87209538512892
235,275,313,12.9325,1.68759931279598
235,275,313,12.94,1.15825753330552
235,275,313,12.9475,0.175675347330159
235,275,313,12.955,-1.53298635828172
235,275,313,12.9625,-2.5493178900835
235,275,313,12.97,2.84356349524666
235,275,313,12.9775,1.68322555186788
235,275,313,12.985,0.828547895282359
235,275,313,12.9925,-0.348642263337256
235,275,313,13,-1.43844668779119
235,275,313,13.0075,-2.11922132031784
235,275,313,13.015,-3.04770172497015
235,275,313,13.0225,2.02144024145324
235,275,313,13.03,1.10469890982967
235,275,313,13.0375,-0.132275734917924
235,275,313,13.045,-1.13599496613784
235,275,313,13.0525,-2.51453952658593
235,275,313,13.06,-2.92622492929597
235,275,313,13.0675,1.97788698954233
235,275,313,13.075,1.19669425818607
235,275,313,13.0825,0.29899341131586
235,275,313,13.09,-2.09182950357505
235,275,313,13.0975,-3.02489302052868
235,275,313,13.105,2.8491815594396
235,275,313,13.1125,-0.880422667239314
235,275,313,13.12,-1.39555284698014
235,275,313,13.1275,-2.38951407349049
235,275,313,13.135,3.01474652544477
235,275,313,13.1425,1.81362571656986
235,275,313,13.15,1.09010139202877
235,275,313,13.1575,-0.890419617613779
235,275,313,13.165,-1.29940316620788
235,275,313,13.1725,-1.99311990622592
235,275,313,13.18,-3.09792698092183
235,275,313,13.1875,1.77539495231369
235,275,313,13.195,1.27637949665104
235,275,313,13.2025,-0.0318344278505728
235,275,313,13.21,-1.30026587531686
235,275,313,13.2175,-2.05950352094148
235,275,313,13.225,-2.95247581088513
235,275,313,13.2325,2.42255243794156
235,275,313,13.24,1.37548510381111
235,275,313,13.2475,0.302071679586039
235,275,313,13.255,-0.765428933310975
235,275,313,13.2625,-1.60422619145794
235,275,313,13.27,-2.37702814246538
235,275,313,13.2775,2.78564302051394
235,275,313,13.285,1.81304559892632
235,275,313,13.2925,1.15072109121005
235,275,313,13.3,-0.0825312274056273
235,275,313,13.3075,-1.32888475390164
235,275,313,13.315,-1.71117072124414
235,275,313,13.3225,-3.04175770384199
235,275,313,13.33,2.63454415166648
235,275,313,13.3375,1.31623102620824
235,275,313,13.345,0.140884869530058
235,275,313,13.3525,0.0349708256274044
235,275,313,13.36,-1.53241215443197
235,275,313,13.3675,-1.63511882742285
235,275,313,13.375,-2.08426026366199
235,275,313,13.3825,2.56585903041281
235,275,313,13.39,1.62025581519589
235,275,313,13.3975,1.50974478490489
235,275,313,13.405,1.28232263635509
235,275,313,13.4125,0.459313196582128
235,275,313,13.42,-1.30832056478475
235,275,313,13.4275,-1.65841368421948
235,275,313,13.435,-2.98776385474567
235,275,313,13.4425,2.75807145630563
235,275,313,13.45,1.56408474653372
235,275,313,13.4575,0.813119061850674
235,275,313,13.465,-0.546933530322014
235,275,313,13.4725,-1.05465032782375
235,275,313,13.48,-1.72286874025734
235,275,313,13.4875,3.08373750153799
235,275,313,13.495,2.42412134316175
235,275,313,13.5025,1.38942005620951
235,275,313,13.51,0.460584685624348
235,275,313,13.5175,-0.521944781221193
235,275,313,13.525,-1.03518096651969
235,275,313,13.5325,-2.17250118395991
235,275,313,13.54,2.95603494574038
235,275,313,13.5475,2.23905763884771
235,275,313,13.555,1.13906062678065
235,275,313,13.5625,-0.181398424350662
235,275,313,13.57,-1.23518969816474
235,275,313,13.5775,-2.42157230084581
235,275,313,13.585,-2.58321327567613
235,275,313,13.5925,1.9353914612493
235,275,313,13.6,1.43139929102471
235,275,313,13.6075,0.14580800179284
235,275,313,13.615,-0.743889554653587
235,275,313,13.6225,-1.56287975651032
235,275,313,13.63,2.93831210959044
235,275,313,13.6375,1.20022289332316
235,275,313,13.645,-0.522439554134639
235,275,313,13.6525,2.25759278892702
235,275,313,13.66,2.54650399886692
235,275,313,13.6675,1.39890030806135
235,275,313,13.675,-0.231326847853754
235,275,313,13.6825,-0.904436247258469
235,275,313,13.69,-1.84951829836659
235,275,313,13.6975,-2.89047446589195
235,275,313,13.705,2.20836929277955
235,275,313,13.7125,1.39160428530813
235,275,313,13.72,0.280137373946077
235,275,313,13.7275,-0.518636958418108
235,275,313,13.735,-1.36933607903801
235,275,313,13.7425,-2.21413300391574
235,275,313,13.75,2.75582837613741
235,275,313,13.7575,1.85348343689404
235,275,313,13.765,1.13276199281635
235,275,313,13.7725,-0.174559658266449
235,275,313,13.78,-1.40900736745089
235,275,313,13.7875,-2.07238188861087
235,275,313,13.795,-3.07373859786817
235,275,313,13.8025,2.45260935693832
235,275,313,13.81,1.42362291509108
235,275,313,13.8175,0.503179783334966
235,275,313,13.825,-0.541135558198406
235,275,313,13.8325,-1.62307986199866
235,275,313,13.84,-2.16290754369392
235,275,313,13.8475,2.32799478423048
235,275,313,13.855,2.15877541412405
235,275,313,13.8625,-0.360782477719539
235,275,313,13.87,0.959543566423204
235,275,313,13.8775,-0.332025224882622
235,275,313,13.885,-0.823170340342964
235,275,313,13.8925,-1.34474264271658
235,275,313,13.9,-2.41588336759998
235,275,313,13.9075,-2.80324428720202
235,275,313,13.915,2.22592184014126
235,275,313,13.9225,1.25254994545671
235,275,313,13.93,0.958116645178192
235,275,313,13.9375,-0.858291397977168
235,275,313,13.945,-1.68812723491645
235,275,313,13.9525,-2.68290342734498
235,275,313,13.96,2.6261854476573
235,275,313,13.9675,1.94710930723577
235,275,313,13.975,1.16854936571446
235,275,313,13.9825,0.234504581230336
235,275,313,13.99,-0.668851266634758
235,275,313,13.9975,-1.86733488404527
235,275,313,14.005,-3.10379959020703
235,275,313,14.0125,2.30425315879956
235,275,313,14.02,1.64286224215735
235,275,313,14.0275,0.605084917157068
235,275,313,14.035,-0.247021964642087
235,275,313,14.0425,-1.73597212266148
235,275,313,14.05,-2.16294247047637
235,275,313,14.0575,2.71427428499154
235,275,313,14.065,1.92311156363175
235,275,313,14.0725,0.833829200429829
235,275,313,14.08,-0.454029720161534
235,275,313,14.0875,-1.3673708195566
235,275,313,14.095,-2.28908483406896
235,275,313,14.1025,-3.01369173426746
235,275,313,14.11,2.55823291041574
235,275,313,14.1175,1.89135028186565
235,275,313,14.125,0.275669035538458
235,275,313,14.1325,-0.931900375579869
235,275,313,14.14,-0.72544188666042
235,275,313,14.1475,2.12655723992321
235,275,313,14.155,-2.01182494055127
235,275,313,14.1625,-2.48734443100109
235,275,313,14.17,2.85409718632498
235,275,313,14.1775,2.34786931125234
235,275,313,14.185,1.62382819022548
235,275,313,14.1925,0.606235212240867
235,275,313,14.2,-0.472391218708712
235,275,313,14.2075,-1.99422005898207
235,275,313,14.215,3.09188583489995
235,275,313,14.2225,2.71479738027895
235,275,313,14.23,2.0242249899367
235,275,313,14.2375,0.411788816363257
235,275,313,14.245,-0.324121508909082
235,275,313,14.2525,-1.56097498808534
235,275,313,14.26,-2.09077499097446
235,275,313,14.2675,3.12098452507591
235,275,313,14.275,1.74568260300835
235,275,313,14.2825,0.80463960335968
235,275,313,14.29,0.00147084937514057
235,275,313,14.2975,-1.14605727169049
235,275,313,14.305,-2.00037945359218
235,275,313,14.3125,2.81747640295736
235,275,313,14.32,2.08179512425866
235,275,313,14.3275,1.30570430465368
235,275,313,14.335,-0.0274848242976192
235,275,313,14.3425,-1.0934470971491
235,275,313,14.35,-1.52582189583523
235,275,313,14.3575,-2.9289039283692
235,275,313,14.365,2.19338323152183
235,275,313,14.3725,1.45129141525747
235,275,313,14.38,0.33585403883182
235,275,313,14.3875,0.207626521131816
235,275,313,14.395,-0.416077604248233
235,275,313,14.4025,-1.82976962749019
235,275,313,14.41,-2.77196776087975
235,275,313,14.4175,1.37533875127012
235,275,313,14.425,0.0474773328103152
235,275,313,14.4325,-2.96848039944485
235,275,313,14.44,1.43380421698869
235,275,313,14.4475,0.148934610156123
235,275,313,14.455,-0.377845083230712
235,275,313,14.4625,-1.07347910044199
235,275,313,14.47,-2.617798590899
235,275,313,14.4775,2.97932712605207
235,275,313,14.485,1.90824246988434
235,275,313,14.4925,0.786004533562807
235,275,313,14.5,0.126756775015791
235,275,313,14.5075,-0.883566730623914
235,275,313,14.515,-2.27304494333001
235,275,313,14.5225,3.06908679726487
235,275,313,14.53,2.09403294337243
235,275,313,14.5375,1.71995462252731
235,275,313,14.545,0.677046926582913
235,275,313,14.5525,-1.15248783005152
235,275,313,14.56,-1.53884152344292
235,275,313,14.5675,-2.27274094359047
235,275,313,14.575,3.08146028777179
235,275,313,14.5825,2.04628936796678
235,275,313,14.59,1.13877352470636
235,275,313,14.5975,0.615376481958725
235,275,313,14.605,-0.918280934842642
235,275,313,14.6125,-2.29998914617472
235,275,313,14.62,-2.42614975973785
235,275,313,14.6275,2.68955581252304
235,275,313,14.635,0.941320401817959
235,275,313,14.6425,0.287936333773196
235,275,313,14.65,0.951656326648975
235,275,313,14.6575,-0.866751546531521
235,275,313,14.665,-1.82445576705211
235,275,313,14.6725,-2.61475000742592
235,275,313,14.68,2.25507113287142
235,275,313,14.6875,0.841321115719452
235,275,313,14.695,2.32624181605186
235,275,313,14.7025,0.453081597028096
235,275,313,14.71,-0.339656677086765
235,275,313,14.7175,-1.15693144685421
235,275,313,14.725,-0.733589041794788
235,275,313,14.7325,-2.57340568208787
235,275,313,14.74,2.48173784745868
235,275,313,14.7475,1.90257694715922
235,275,313,14.755,0.316636973246126
235,275,313,14.7625,-0.235569125952036
235,275,313,14.77,-1.0547652526526
235,275,313,14.7775,-2.27293139097754
235,275,313,14.785,-3.01849268964079
235,275,313,14.7925,2.57373992272121
235,275,313,14.8,1.11778398979336
235,275,313,14.8075,-0.2632040586366
235,275,313,14.815,-0.253375703798148
235,275,313,14.8225,-1.8623041185291
235,275,313,14.83,-2.09293914884246
235,275,313,14.8375,2.80486231354724
235,275,313,14.845,1.16676620507031
235,275,313,14.8525,0.989037090119921
235,275,313,14.86,-0.0413930746274881
235,275,313,14.8675,-1.24703418694709
235,275,313,14.875,-2.93378959391612
235,275,313,14.8825,2.09103605126642
235,275,313,14.89,2.35242307445605
235,275,313,14.8975,0.96316644915082
235,275,313,14.905,-1.43429186891385
235,275,313,14.9125,-0.311772287656268
235,275,313,14.92,0.467852130752704
235,275,313,14.9275,-0.464331330973851
235,275,313,14.935,-1.3335926906528
235,275,313,14.9425,-2.99641801069028
235,275,313,14.95,0.713056572110453
235,275,313,14.9575,1.61876236365987
235,275,313,14.965,0.87369362836306
235,275,313,14.9725,-0.220271038003465
235,275,313,14.98,-1.42213958078837
235,275,313,14.9875,-2.10249764040528
235,275,313,14.995,-2.47990907881917
235,275,313,15.0025,2.57285668431857
235,275,313,15.01,1.837817969582
235,275,313,15.0175,0.221050820567174
235,275,313,15.025,-0.987340485976797
235,275,313,15.0325,-1.97554233419007
235,275,313,15.04,3.12730539549539
235,275,313,15.0475,2.676062560883
235,275,313,15.055,1.97311362372103
235,275,313,15.0625,1.03623008039584
235,275,313,15.07,0.0380149949941238
235,275,313,15.0775,-1.06554413000622
235,275,313,15.085,-2.0350836615538
235,275,313,15.0925,-2.95569492757686
235,275,313,15.1,2.30244547968708
235,275,313,15.1075,1.46898871692461
235,275,313,15.115,0.679352600304293
235,275,313,15.1225,-0.232409107330627
235,275,313,15.13,-2.08364265727211
235,275,313,15.1375,-3.0100532627688
235,275,313,15.145,2.60301925012462
235,275,313,15.1525,2.21460382008958
235,275,313,15.16,-1.03425439673693
235,275,313,15.1675,2.45558508389785
235,275,313,15.175,1.20037019823102
235,275,313,15.1825,0.680074552362786
235,275,313,15.19,-0.656948244040297
235,275,313,15.1975,-1.48218039016152
235,275,313,15.205,-3.08803761394194
235,275,313,15.2125,2.14205731554653
235,275,313,15.22,1.80255883709863
235,275,313,15.2275,0.401810750445346
235,275,313,15.235,-0.228102876135966
235,275,313,15.2425,-1.16841981906949
235,275,313,15.25,-2.6518335967718
235,275,313,15.2575,2.95428318937354
235,275,313,15.265,2.31090227364727
235,275,313,15.2725,1.04196625830821
235,275,313,15.28,0.497962976778583
235,275,313,15.2875,-2.1752987037151
235,275,313,15.295,-2.33111004240073
235,275,313,15.3025,-2.64841564974168
235,275,313,15.31,-2.50685570465424
235,275,313,15.3175,0.458232793443681
235,275,313,15.325,1.13020257092283
235,275,313,15.3325,-0.463238774540382
235,275,313,15.34,-1.07696726132979
235,275,313,15.3475,-2.1068341436578
235,275,313,15.355,2.6002671699215
235,275,313,15.3625,2.06874056213149
235,275,313,15.37,1.09831554362482
235,275,313,15.3775,0.179073540507309
235,275,313,15.385,-2.14210822404501
235,275,313,15.3925,-1.43203467965958
235,275,313,15.4,-2.16674809856657
235,275,313,15.4075,2.66322254836472
235,275,313,15.415,1.75674348342261
235,275,313,15.4225,1.0704018492862
235,275,313,15.43,1.18449574303692
235,275,313,15.4375,0.731321884140112
235,275,313,15.445,-0.244232250049068
235,275,313,15.4525,-0.811939072594374
235,275,313,15.46,2.90404966369094
235,275,313,15.4675,0.968668463349246
235,275,313,15.475,2.08762365913389
235,275,313,15.4825,0.517467083989557
235,275,313,15.49,0.400999247470266
235,275,313,15.4975,-1.0201970457619
235,275,313,15.505,-0.396604099193373
235,275,313,15.5125,-2.09401278980197
235,275,313,15.52,2.45140691346504
235,275,313,15.5275,1.58191333835736
235,275,313,15.535,1.02138052969552
235,275,313,15.5425,-0.393106610751047
235,275,313,15.55,-2.45194664586232
235,275,313,15.5575,-2.15275385730971
235,275,313,15.565,-3.02166211966248
235,275,313,15.5725,1.43554594369297
235,275,313,15.58,1.83745431004963
235,275,313,15.5875,0.705376946503253
235,275,313,15.595,-1.31716082985545
235,275,313,15.6025,-1.09123682011677
235,275,313,15.61,2.83857472796836
235,275,313,15.6175,2.82426614659655
235,275,313,15.625,1.8115757098309
235,275,313,15.6325,0.947179716371557
235,275,313,15.64,-1.22567735081198
235,275,313,15.6475,-1.65236439553828
235,275,313,15.655,-1.67287801838379
235,275,313,15.6625,-1.10291483425083
235,275,313,15.67,2.01355976170951
235,275,313,15.6775,-3.04142995904683
235,275,313,15.685,0.84060816372459
235,275,313,15.6925,-2.84273411877
235,275,313,15.7,0.241119373142388
235,275,313,15.7075,0.585772041233677
235,275,313,15.715,-0.7777065307839
235,275,313,15.7225,-2.1947868680416
235,275,313,15.73,-2.88716945533555
235,275,313,15.7375,3.12371809028659
235,275,313,15.745,0.390846359655809
235,275,313,15.7525,-0.374345581007732
235,275,313,15.76,-1.20721703835495
235,275,313,15.7675,-2.14233620792122
235,275,313,15.775,2.96646884407993
235,275,313,15.7825,1.93316812782007
235,275,313,15.79,0.534686866571958
235,275,313,15.7975,0.792882657768948
235,275,313,15.805,0.530196456203794
235,275,313,15.8125,-2.34027149694834
235,275,313,15.82,-2.59404040413865
235,275,313,15.8275,1.90008517436252
235,275,313,15.835,1.8000609824292
235,275,313,15.8425,0.0568946698493221
235,275,313,15.85,0.446259371345327
235,275,313,15.8575,-1.56227702928067
235,275,313,15.865,-2.17096790830298
235,275,313,15.8725,2.69685882422987
235,275,313,15.88,2.6630910006189
235,275,313,15.8875,1.22675279416913
235,275,313,15.895,-0.769643076653992
235,275,313,15.9025,-1.94165261507584
235,275,313,15.91,-1.81520328543895
235,275,313,15.9175,-3.11420180722351
235,275,313,15.925,2.22598382522176
235,275,313,15.9325,1.22098599238842
235,275,313,15.94,1.0020833805133
235,275,313,15.9475,1.41830280066188
235,275,313,15.955,-2.24330233742908
235,275,313,15.9625,-2.22359780732247
235,275,313,15.97,-1.61356962582646
235,275,313,15.9775,-1.8297632784393
235,275,313,15.985,0.977792528825479
235,275,313,15.9925,-0.509312404480164
235,275,313,16,0.497585542313284
235,275,312,4,-1.56586269471827
235,275,312,4.0075,-2.50448106837929
235,275,312,4.015,2.81778762153533
235,275,312,4.0225,1.82179285368762
235,275,312,4.03,0.91275696605085
235,275,312,4.0375,0.0958780889679056
235,275,312,4.045,-0.925488361831164
235,275,312,4.0525,-1.79118030950992
235,275,312,4.06,-2.88316584967927
235,275,312,4.0675,2.52403152294943
235,275,312,4.075,1.96271933519259
235,275,312,4.0825,1.08421016630448
235,275,312,4.09,0.11159597656244
235,275,312,4.0975,-0.727812578510753
235,275,312,4.105,-1.83600368002706
235,275,312,4.1125,-2.68325044279772
235,275,312,4.12,2.73486359663648
235,275,312,4.1275,1.59576493750515
235,275,312,4.135,0.863304352815479
235,275,312,4.1425,0.202619625733932
235,275,312,4.15,-0.646984150519011
235,275,312,4.1575,-1.50254049592031
235,275,312,4.165,-2.61037690214672
235,275,312,4.1725,2.78123774203847
235,275,312,4.18,1.88837729989206
235,275,312,4.1875,1.01426296880627
235,275,312,4.195,0.200517539000221
235,275,312,4.2025,-0.653633557696597
235,275,312,4.21,-1.73460660599317
235,275,312,4.2175,-2.65168899378207
235,275,312,4.225,2.56574950080149
235,275,312,4.2325,1.78510690272221
235,275,312,4.24,0.868650152408997
235,275,312,4.2475,-0.134380742754882
235,275,312,4.255,-0.952190490798024
235,275,312,4.2625,-1.84999549586497
235,275,312,4.27,-2.83097220179127
235,275,312,4.2775,2.72446570213576
235,275,312,4.285,1.53647747217856
235,275,312,4.2925,0.549530537832789
235,275,312,4.3,-0.574640622114866
235,275,312,4.3075,-1.54848143535896
235,275,312,4.315,-2.38021065754097
235,275,312,4.3225,2.93401897760514
235,275,312,4.33,1.96155021572276
235,275,312,4.3375,0.952295163353552
235,275,312,4.345,-0.0343663931523433
235,275,312,4.3525,-0.610053032063357
235,275,312,4.36,-1.5475371352524
235,275,312,4.3675,-2.49117257705715
235,275,312,4.375,3.10707784001708
235,275,312,4.3825,2.05068679803131
235,275,312,4.39,2.87778808539728
235,275,312,4.3975,2.22507648451639
235,275,312,4.405,1.1454787850667
235,275,312,4.4125,-0.175482985228384
235,275,312,4.42,-1.36173325527359
235,275,312,4.4275,-2.22146639877059
235,275,312,4.435,3.13741122388336
235,275,312,4.4425,2.08624430388849
235,275,312,4.45,1.01951403151029
235,275,312,4.4575,0.18155812803194
235,275,312,4.465,-0.913194665410743
235,275,312,4.4725,-1.89489704977247
235,275,312,4.48,-2.80087477364408
235,275,312,4.4875,2.38544099292675
235,275,312,4.495,1.34601035840591
235,275,312,4.5025,0.353189847886465
235,275,312,4.51,-0.437888824240834
235,275,312,4.5175,-1.39117328314118
235,275,312,4.525,-2.40219910829705
235,275,312,4.5325,2.82847905178007
235,275,312,4.54,2.05026077828874
235,275,312,4.5475,0.938096051402431
235,275,312,4.555,-0.326162872842744
235,275,312,4.5625,-1.14717460007738
235,275,312,4.57,-2.11472195104522
235,275,312,4.5775,2.94456214472219
235,275,312,4.585,2.05089150149693
235,275,312,4.5925,1.05419951827647
235,275,312,4.6,-0.0679838418369824
235,275,312,4.6075,-1.0336984779149
235,275,312,4.615,-2.11667940958846
235,275,312,4.6225,2.41657280409904
235,275,312,4.63,1.07951236048201
235,275,312,4.6375,-0.667023648535138
235,275,312,4.645,-1.88061392796848
235,275,312,4.6525,3.0238120766061
235,275,312,4.66,2.03542067662794
235,275,312,4.6675,0.605289600685816
235,275,312,4.675,-0.136671782540436
235,275,312,4.6825,-1.47990131140537
235,275,312,4.69,-2.33394414180722
235,275,312,4.6975,2.83362031229987
235,275,312,4.705,1.98079816640723
235,275,312,4.7125,1.2767866266239
235,275,312,4.72,-0.0867639589887646
235,275,312,4.7275,-0.991767429971011
235,275,312,4.735,-1.99852561495551
235,275,312,4.7425,-2.84798390993908
235,275,312,4.75,2.20431467275358
235,275,312,4.7575,1.29352681079656
235,275,312,4.765,0.381307035806799
235,275,312,4.7725,-0.60402286870197
235,275,312,4.78,-1.67993558429272
235,275,312,4.7875,-2.71841712862997
235,275,312,4.795,2.67771297036426
235,275,312,4.8025,1.73554070489516
235,275,312,4.81,0.574411828210633
235,275,312,4.8175,-0.269402961800299
235,275,312,4.825,-1.38657625204573
235,275,312,4.8325,-2.26035240303403
235,275,312,4.84,-3.05467495183056
235,275,312,4.8475,2.45212609646314
235,275,312,4.855,1.47926469323672
235,275,312,4.8625,0.416481613314577
235,275,312,4.87,-0.675647157347209
235,275,312,4.8775,-1.90855406161836
235,275,312,4.885,-2.48570009232528
235,275,312,4.8925,-2.30675921865407
235,275,312,4.9,-2.91850278570344
235,275,312,4.9075,2.14840138189005
235,275,312,4.915,1.35152294085469
235,275,312,4.9225,0.429128081957787
235,275,312,4.93,-0.306176495126197
235,275,312,4.9375,-1.30948533109469
235,275,312,4.945,-2.25317400895928
235,275,312,4.9525,-2.69826390167842
235,275,312,4.96,2.52576398478707
235,275,312,4.9675,1.94636746423145
235,275,312,4.975,0.868406089632774
235,275,312,4.9825,-0.0868898457884967
235,275,312,4.99,-1.19976724097019
235,275,312,4.9975,-2.21236581778893
235,275,312,5.005,3.10074002265254
235,275,312,5.0125,1.8701031159189
235,275,312,5.02,0.942328698825861
235,275,312,5.0275,-0.191938881005315
235,275,312,5.035,-0.900583009017751
235,275,312,5.0425,-2.23202547404063
235,275,312,5.05,2.96601447316841
235,275,312,5.0575,2.50919203554343
235,275,312,5.065,1.45003621490904
235,275,312,5.0725,0.832543343140164
235,275,312,5.08,0.018411087251511
235,275,312,5.0875,-0.336574912160966
235,275,312,5.095,-1.60031334036025
235,275,312,5.1025,-2.59261267580838
235,275,312,5.11,3.07382044276101
235,275,312,5.1175,1.85235700421751
235,275,312,5.125,0.827276852912746
235,275,312,5.1325,1.10974682480047
235,275,312,5.14,-0.562631947103859
235,275,312,5.1475,-1.55425419434734
235,275,312,5.155,-1.54665316620324
235,275,312,5.1625,-2.79262044871903
235,275,312,5.17,2.92157233043502
235,275,312,5.1775,1.92224127118929
235,275,312,5.185,0.74222603152582
235,275,312,5.1925,0.252550047479658
235,275,312,5.2,-0.614049943913136
235,275,312,5.2075,-1.81458735447939
235,275,312,5.215,-2.52311620336815
235,275,312,5.2225,2.76189311711166
235,275,312,5.23,1.77173508750529
235,275,312,5.2375,0.648412030092294
235,275,312,5.245,-0.284159967134491
235,275,312,5.2525,-1.34176630837442
235,275,312,5.26,-2.67022267999259
235,275,312,5.2675,2.82217456082808
235,275,312,5.275,1.47052670309384
235,275,312,5.2825,0.293225046484767
235,275,312,5.29,-0.299715022321365
235,275,312,5.2975,-1.86949854322724
235,275,312,5.305,-3.07054595916882
235,275,312,5.3125,2.47238659115832
235,275,312,5.32,1.70881799025373
235,275,312,5.3275,0.393650281665679
235,275,312,5.335,-0.367127252402425
235,275,312,5.3425,-2.10783026292981
235,275,312,5.35,-3.13192903433301
235,275,312,5.3575,1.49609644689748
235,275,312,5.365,-0.151052046706327
235,275,312,5.3725,-0.394806052086187
235,275,312,5.38,-2.38780344726138
235,275,312,5.3875,2.78495157358079
235,275,312,5.395,1.63714541453857
235,275,312,5.4025,0.669842710253328
235,275,312,5.41,-0.127300847744068
235,275,312,5.4175,-1.24028877022905
235,275,312,5.425,-2.35601508222758
235,275,312,5.4325,3.11812303652405
235,275,312,5.44,2.08309213526974
235,275,312,5.4475,1.16223556696599
235,275,312,5.455,0.165649131788982
235,275,312,5.4625,-0.927212023778177
235,275,312,5.47,-2.08193532028974
235,275,312,5.4775,-2.96417121502299
235,275,312,5.485,2.27298742501159
235,275,312,5.4925,1.34646481045433
235,275,312,5.5,0.225129342278529
235,275,312,5.5075,-0.904479440165633
235,275,312,5.515,-1.93860499092309
235,275,312,5.5225,3.10103217680277
235,275,312,5.53,2.32703393008252
235,275,312,5.5375,1.29331876366296
235,275,312,5.545,0.226836290556265
235,275,312,5.5525,-0.653597702104445
235,275,312,5.56,-1.61080452685634
235,275,312,5.5675,-2.36957896814751
235,275,312,5.575,3.10886438689484
235,275,312,5.5825,2.18156814832597
235,275,312,5.59,1.19957576353795
235,275,312,5.5975,-0.154439867276629
235,275,312,5.605,-1.3957753631642
235,275,312,5.6125,-2.0692710042401
235,275,312,5.62,1.72137958105831
235,275,312,5.6275,1.1412910614843
235,275,312,5.635,-0.992486093971241
235,275,312,5.6425,-2.43114340206728
235,275,312,5.65,2.46515533351735
235,275,312,5.6575,1.27891778679104
235,275,312,5.665,0.637737955325612
235,275,312,5.6725,-0.154969921690148
235,275,312,5.68,-1.05028719801664
235,275,312,5.6875,-2.14035051784481
235,275,312,5.695,3.12306842548898
235,275,312,5.7025,1.85589388193792
235,275,312,5.71,0.929387193764236
235,275,312,5.7175,-0.162020795313531
235,275,312,5.725,-1.20134184399208
235,275,312,5.7325,-2.29486414113051
235,275,312,5.74,3.03923794415738
235,275,312,5.7475,1.89506889050304
235,275,312,5.755,0.862888226216305
235,275,312,5.7625,0.00176334090836117
235,275,312,5.77,-0.9867522388689
235,275,312,5.7775,-2.08262377730528
235,275,312,5.785,-3.12253194118512
235,275,312,5.7925,2.33023247253364
235,275,312,5.8,1.35916919032131
235,275,312,5.8075,0.344007956423737
235,275,312,5.815,-0.631302032227013
235,275,312,5.8225,-1.40950324641242
235,275,312,5.83,-2.48396088504665
235,275,312,5.8375,2.36982642325077
235,275,312,5.845,1.38789522087702
235,275,312,5.8525,0.585970402286651
235,275,312,5.86,-0.576267589466436
235,275,312,5.8675,-1.8456706463976
235,275,312,5.875,2.4120996544379
235,275,312,5.8825,0.343209672819502
235,275,312,5.89,-1.32655918457784
235,275,312,5.8975,-2.54519307496709
235,275,312,5.905,2.41135365402011
235,275,312,5.9125,1.50447574445843
235,275,312,5.92,0.8527276023416
235,275,312,5.9275,-0.338757301739495
235,275,312,5.935,-1.56985334936067
235,275,312,5.9425,-2.05499907977541
235,275,312,5.95,-3.07093735951323
235,275,312,5.9575,2.33345615191715
235,275,312,5.965,1.3726623782471
235,275,312,5.9725,0.246934921586165
235,275,312,5.98,-0.524845680504562
235,275,312,5.9875,-1.62070300107262
235,275,312,5.995,-2.83888112835171
235,275,312,6.0025,2.57372848179219
235,275,312,6.01,1.36089303479932
235,275,312,6.0175,0.389709195739362
235,275,312,6.025,-0.786259609134418
235,275,312,6.0325,-1.14523787625365
235,275,312,6.04,-2.27306693787254
235,275,312,6.0475,-2.18846291204341
235,275,312,6.055,2.17853390708358
235,275,312,6.0625,1.62402330663283
235,275,312,6.07,-0.0555208144050341
235,275,312,6.0775,-0.280628939320934
235,275,312,6.085,-0.94984046144686
235,275,312,6.0925,-2.000281334522
235,275,312,6.1,2.99095729510315
235,275,312,6.1075,-2.95816296302854
235,275,312,6.115,2.0665097901944
235,275,312,6.1225,2.15063921296035
235,275,312,6.13,0.698076981290158
235,275,312,6.1375,-0.0199574685059843
235,275,312,6.145,-0.893073625080825
235,275,312,6.1525,-2.22881871118244
235,275,312,6.16,3.05891861361071
235,275,312,6.1675,2.24921976446908
235,275,312,6.175,1.2369662747996
235,275,312,6.1825,0.104533671821716
235,275,312,6.19,-0.604120207135705
235,275,312,6.1975,-1.38553529617468
235,275,312,6.205,-2.12661955255804
235,275,312,6.2125,2.845401065629
235,275,312,6.22,1.92316972471763
235,275,312,6.2275,0.607562558944276
235,275,312,6.235,-0.290629683579827
235,275,312,6.2425,-1.0026767000436
235,275,312,6.25,-2.23811386007155
235,275,312,6.2575,2.95678291367559
235,275,312,6.265,2.00019280402565
235,275,312,6.2725,0.868038220247935
235,275,312,6.28,0.556695927514689
235,275,312,6.2875,-0.3664221858909
235,275,312,6.295,-1.52697920973049
235,275,312,6.3025,-2.43740937749693
235,275,312,6.31,3.11586929425753
235,275,312,6.3175,2.19768864181771
235,275,312,6.325,1.2564311659767
235,275,312,6.3325,-0.0812158384050286
235,275,312,6.34,-0.810125802850031
235,275,312,6.3475,-2.14933807532434
235,275,312,6.355,-1.75701553185652
235,275,312,6.3625,-2.25254243506237
235,275,312,6.37,-2.78271076159754
235,275,312,6.3775,2.21834887974149
235,275,312,6.385,1.14959925836474
235,275,312,6.3925,-0.0351422813131987
235,275,312,6.4,-0.859325680564837
235,275,312,6.4075,-1.53337563044722
235,275,312,6.415,-2.42014428808963
235,275,312,6.4225,2.25908740585769
235,275,312,6.43,2.02880351399697
235,275,312,6.4375,1.53034955262849
235,275,312,6.445,0.490320443630642
235,275,312,6.4525,-0.212646270882878
235,275,312,6.46,-1.29689048662184
235,275,312,6.4675,-2.44192941181352
235,275,312,6.475,2.79733508802778
235,275,312,6.4825,1.66077949872047
235,275,312,6.49,1.00574915837531
235,275,312,6.4975,-0.220593486880247
235,275,312,6.505,-1.1564517597695
235,275,312,6.5125,-1.87069135619897
235,275,312,6.52,-2.92235450061255
235,275,312,6.5275,2.44809689075475
235,275,312,6.535,1.58750790788763
235,275,312,6.5425,0.674991968727709
235,275,312,6.55,-0.465346902955238
235,275,312,6.5575,-1.41271682616843
235,275,312,6.565,-2.41878910123563
235,275,312,6.5725,2.763168798793
235,275,312,6.58,2.16702484034904
235,275,312,6.5875,1.11010694976472
235,275,312,6.595,0.373732959834843
235,275,312,6.6025,-0.544627831301424
235,275,312,6.61,-1.8023970413264
235,275,312,6.6175,-2.74144157548142
235,275,312,6.625,2.86154866970434
235,275,312,6.6325,1.8360212356102
235,275,312,6.64,0.88757119113178
235,275,312,6.6475,0.157426467678711
235,275,312,6.655,-0.622442280735548
235,275,312,6.6625,-0.818894091531802
235,275,312,6.67,-1.36863118489701
235,275,312,6.6775,-2.36838943412485
235,275,312,6.685,-2.86766225268101
235,275,312,6.6925,2.09124251373293
235,275,312,6.7,1.22161000018791
235,275,312,6.7075,0.417918227340387
235,275,312,6.715,-0.66653608709435
235,275,312,6.7225,-1.75558268860594
235,275,312,6.73,-2.79656254785335
235,275,312,6.7375,2.35190944294926
235,275,312,6.745,1.51733364537686
235,275,312,6.7525,0.297250139422415
235,275,312,6.76,-0.603177590384797
235,275,312,6.7675,-1.37756668671366
235,275,312,6.775,-2.40544930835204
235,275,312,6.7825,3.00569974635984
235,275,312,6.79,1.92731207858084
235,275,312,6.7975,0.813712944919046
235,275,312,6.805,-0.0166422935091237
235,275,312,6.8125,-0.981614771157062
235,275,312,6.82,-1.52592008323605
235,275,312,6.8275,-2.5471369060709
235,275,312,6.835,2.93491843442325
235,275,312,6.8425,2.16469168129466
235,275,312,6.85,1.268864334898
235,275,312,6.8575,0.152368955311134
235,275,312,6.865,-0.697226974284914
235,275,312,6.8725,-1.20278518402072
235,275,312,6.88,-2.20401420550127
235,275,312,6.8875,-2.96928962629881
235,275,312,6.895,2.48875193290878
235,275,312,6.9025,1.41094452708435
235,275,312,6.91,0.39193107237909
235,275,312,6.9175,-0.566045622409477
235,275,312,6.925,-1.63549659419484
235,275,312,6.9325,-2.275005976628
235,275,312,6.94,2.93100043074551
235,275,312,6.9475,1.95683551415666
235,275,312,6.955,0.906992895156754
235,275,312,6.9625,0.213831322086416
235,275,312,6.97,-0.546209171144835
235,275,312,6.9775,-1.97806193566328
235,275,312,6.985,-2.41158161725936
235,275,312,6.9925,2.62651479989709
235,275,312,7,1.55322487733103
235,275,312,7.0075,0.916347806719598
235,275,312,7.015,0.152348183534923
235,275,312,7.0225,-0.898016463220005
235,275,312,7.03,-1.55367811565158
235,275,312,7.0375,-2.59769386769369
235,275,312,7.045,2.62623277755142
235,275,312,7.0525,1.86549788968942
235,275,312,7.06,0.829321617245845
235,275,312,7.0675,0.0740360154587304
235,275,312,7.075,-0.648373920163249
235,275,312,7.0825,-1.33769139296094
235,275,312,7.09,-2.4207723623909
235,275,312,7.0975,2.87067251656516
235,275,312,7.105,2.01268116547118
235,275,312,7.1125,0.871620666071293
235,275,312,7.12,-0.0474756735436624
235,275,312,7.1275,-1.20795982400476
235,275,312,7.135,-2.18273474211207
235,275,312,7.1425,3.13453653549216
235,275,312,7.15,2.23988355350577
235,275,312,7.1575,1.17755778756668
235,275,312,7.165,0.542837095539319
235,275,312,7.1725,-0.138063506464719
235,275,312,7.18,-1.37836242841342
235,275,312,7.1875,-1.83571554741837
235,275,312,7.195,-2.53441378115447
235,275,312,7.2025,2.61499391773732
235,275,312,7.21,2.05551691450403
235,275,312,7.2175,1.07480003910304
235,275,312,7.225,0.161074246243257
235,275,312,7.2325,-0.774987581953542
235,275,312,7.24,-1.60635407038868
235,275,312,7.2475,-2.74414026363777
235,275,312,7.255,2.79330952771245
235,275,312,7.2625,1.79176741413625
235,275,312,7.27,0.666327564729376
235,275,312,7.2775,-0.259873693812997
235,275,312,7.285,-1.37988809560856
235,275,312,7.2925,-2.13655371735882
235,275,312,7.3,2.95973520869062
235,275,312,7.3075,1.88046559942687
235,275,312,7.315,1.06666243685593
235,275,312,7.3225,0.267889086394403
235,275,312,7.33,-0.625211038182258
235,275,312,7.3375,-1.44997445256837
235,275,312,7.345,-2.2614026979887
235,275,312,7.3525,3.1173098383539
235,275,312,7.36,2.18443945076925
235,275,312,7.3675,1.16415550695241
235,275,312,7.375,0.073152917868575
235,275,312,7.3825,-0.820807189134684
235,275,312,7.39,-1.97682745678161
235,275,312,7.3975,-2.67061559372528
235,275,312,7.405,2.60208247326001
235,275,312,7.4125,1.50400304952157
235,275,312,7.42,1.02783070103319
235,275,312,7.4275,1.05441358029532
235,275,312,7.435,-0.115550955802846
235,275,312,7.4425,-0.613692047375203
235,275,312,7.45,-1.81961537614937
235,275,312,7.4575,-2.74145569770411
235,275,312,7.465,2.46160052170496
235,275,312,7.4725,1.51630782609113
235,275,312,7.48,0.439875848989837
235,275,312,7.4875,-0.582689954408237
235,275,312,7.495,-1.46046127745428
235,275,312,7.5025,-2.5140045507224
235,275,312,7.51,2.89790202729492
235,275,312,7.5175,1.87685834519034
235,275,312,7.525,0.860471777514176
235,275,312,7.5325,-0.0681327687600225
235,275,312,7.54,-0.931399555807955
235,275,312,7.5475,-1.87114097683156
235,275,312,7.555,-2.663387328013
235,275,312,7.5625,2.89663404385536
235,275,312,7.57,1.78105544715951
235,275,312,7.5775,0.895825007929424
235,275,312,7.585,0.221064259424856
235,275,312,7.5925,-0.778020692443136
235,275,312,7.6,-1.23272347314528
235,275,312,7.6075,-2.35280874486301
235,275,312,7.615,3.02017722622163
235,275,312,7.6225,1.8724203721574
235,275,312,7.63,0.970060784459905
235,275,312,7.6375,0.0398612426598223
235,275,312,7.645,-0.839787590236865
235,275,312,7.6525,-1.94867089471483
235,275,312,7.66,-2.62653271059383
235,275,312,7.6675,2.04388449713449
235,275,312,7.675,1.61554291868595
235,275,312,7.6825,0.725081059457406
235,275,312,7.69,0.0900118969050659
235,275,312,7.6975,-0.937523903192106
235,275,312,7.705,-1.92660065333492
235,275,312,7.7125,-2.96728886905495
235,275,312,7.72,2.73879606589055
235,275,312,7.7275,1.73641099789414
235,275,312,7.735,0.64931106779352
235,275,312,7.7425,-0.0259051016239642
235,275,312,7.75,-0.982284886543001
235,275,312,7.7575,-1.90562262967756
235,275,312,7.765,-2.68012286425658
235,275,312,7.7725,2.766063319323
235,275,312,7.78,1.90096115888048
235,275,312,7.7875,0.987717250466428
235,275,312,7.795,-0.223426598903738
235,275,312,7.8025,-1.00223950984521
235,275,312,7.81,-1.80505905719305
235,275,312,7.8175,-2.56264035245892
235,275,312,7.825,2.81324814566426
235,275,312,7.8325,1.73712748209648
235,275,312,7.84,0.757648054277532
235,275,312,7.8475,-0.133350305172137
235,275,312,7.855,-1.23789557448362
235,275,312,7.8625,-2.12216713891989
235,275,312,7.87,-3.0937817408735
235,275,312,7.8775,2.07730095127285
235,275,312,7.885,1.20679750498243
235,275,312,7.8925,0.164865595548111
235,275,312,7.9,-0.732566880833635
235,275,312,7.9075,-1.29639607159368
235,275,312,7.915,-2.26376329496863
235,275,312,7.9225,3.00987518454976
235,275,312,7.93,2.10903485868903
235,275,312,7.9375,2.06449465268378
235,275,312,7.945,0.63423051743299
235,275,312,7.9525,-0.404634488086124
235,275,312,7.96,-0.70060707649071
235,275,312,7.9675,-1.79355947627309
235,275,312,7.975,-2.42253051974995
235,275,312,7.9825,2.77126601409471
235,275,312,7.99,1.80619172801287
235,275,312,7.9975,0.88132805086907
235,275,312,8.005,-0.0899943909292783
235,275,312,8.0125,-1.0638451146928
235,275,312,8.02,-2.15649851237237
235,275,312,8.0275,-2.94292426236404
235,275,312,8.035,2.23862342071656
235,275,312,8.0425,1.43271429347198
235,275,312,8.05,0.347229019837362
235,275,312,8.0575,-0.671325534809445
235,275,312,8.065,-1.6281636638367
235,275,312,8.0725,-2.47674469658906
235,275,312,8.08,3.00179894961148
235,275,312,8.0875,1.91612373153423
235,275,312,8.095,1.16271314851155
235,275,312,8.1025,0.0107947874335445
235,275,312,8.11,-0.816301864452367
235,275,312,8.1175,-2.11572639628688
235,275,312,8.125,-2.95735446912107
235,275,312,8.1325,2.55647567493985
235,275,312,8.14,1.37193553245754
235,275,312,8.1475,0.892697425419182
235,275,312,8.155,0.653213931559457
235,275,312,8.1625,0.158849191576396
235,275,312,8.17,-1.17874209413161
235,275,312,8.1775,-1.99981546178451
235,275,312,8.185,-2.80546391445745
235,275,312,8.1925,2.34391626651162
235,275,312,8.2,1.32761148914986
235,275,312,8.2075,0.433987302262443
235,275,312,8.215,-0.483406130598475
235,275,312,8.2225,-1.34992807746039
235,275,312,8.23,-2.5500531409609
235,275,312,8.2375,2.75597143878401
235,275,312,8.245,1.78882924374218
235,275,312,8.2525,1.1002502553157
235,275,312,8.26,0.0637872928733032
235,275,312,8.2675,-0.634049165463449
235,275,312,8.275,-1.45375326506426
235,275,312,8.2825,-2.32170042616847
235,275,312,8.29,2.95106649723948
235,275,312,8.2975,2.07587587551996
235,275,312,8.305,1.10824232471454
235,275,312,8.3125,0.324822172016599
235,275,312,8.32,-0.587085281471782
235,275,312,8.3275,-1.29932049119386
235,275,312,8.335,-2.12046236620202
235,275,312,8.3425,-3.08380682902926
235,275,312,8.35,2.09784498362823
235,275,312,8.3575,1.07689922764749
235,275,312,8.365,0.110202277883535
235,275,312,8.3725,-0.970674595718118
235,275,312,8.38,-1.99796395553861
235,275,312,8.3875,-2.94801858938367
235,275,312,8.395,2.18517131188162
235,275,312,8.4025,1.37207987268293
235,275,312,8.41,0.340487189017754
235,275,312,8.4175,-0.717218560090243
235,275,312,8.425,-1.55735020191617
235,275,312,8.4325,-2.37949990656039
235,275,312,8.44,2.8349039114493
235,275,312,8.4475,2.21485740701304
235,275,312,8.455,1.24577517634821
235,275,312,8.4625,0.0409261549952774
235,275,312,8.47,-0.454290202873763
235,275,312,8.4775,-1.50360234695066
235,275,312,8.485,-1.74691807207486
235,275,312,8.4925,-2.7507044091379
235,275,312,8.5,2.29115915686054
235,275,312,8.5075,2.03480063580352
235,275,312,8.515,1.12130927863953
235,275,312,8.5225,0.659353997283069
235,275,312,8.53,-0.489635868976668
235,275,312,8.5375,-1.61124513401505
235,275,312,8.545,-2.6838485692869
235,275,312,8.5525,2.7133399332703
235,275,312,8.56,1.73864629080379
235,275,312,8.5675,0.89853334897243
235,275,312,8.575,-0.152360871439193
235,275,312,8.5825,-1.12017128127279
235,275,312,8.59,-2.13341507910181
235,275,312,8.5975,3.11959106074814
235,275,312,8.605,2.17050652972717
235,275,312,8.6125,1.45256257132163
235,275,312,8.62,0.383228650466364
235,275,312,8.6275,-0.657362978982906
235,275,312,8.635,-1.49290687988591
235,275,312,8.6425,-2.57138910299178
235,275,312,8.65,2.95767809219853
235,275,312,8.6575,1.96649288158629
235,275,312,8.665,1.01656665271549
235,275,312,8.6725,0.121606223761496
235,275,312,8.68,-0.874001246609759
235,275,312,8.6875,-1.24118557091959
235,275,312,8.695,-2.20832950795887
235,275,312,8.7025,-2.80986897779298
235,275,312,8.71,2.68024696679146
235,275,312,8.7175,1.50753320960995
235,275,312,8.725,0.743174593540789
235,275,312,8.7325,-0.135215247528462
235,275,312,8.74,-1.28183375396571
235,275,312,8.7475,-2.15400356325784
235,275,312,8.755,3.08002345792579
235,275,312,8.7625,2.2907812741824
235,275,312,8.77,1.22837219509923
235,275,312,8.7775,0.325577315102276
235,275,312,8.785,-0.57712553504293
235,275,312,8.7925,-1.62770936288715
235,275,312,8.8,-2.50055925364183
235,275,312,8.8075,2.65836024313908
235,275,312,8.815,1.89150794902971
235,275,312,8.8225,1.08070854806729
235,275,312,8.83,0.329985827404898
235,275,312,8.8375,-0.928115548724927
235,275,312,8.845,-1.6789077717357
235,275,312,8.8525,-2.5915473194424
235,275,312,8.86,2.71380430252844
235,275,312,8.8675,1.86929575065683
235,275,312,8.875,1.10660154338874
235,275,312,8.8825,0.224268012300385
235,275,312,8.89,-0.47466861056092
235,275,312,8.8975,-1.64121952410223
235,275,312,8.905,-2.51067657047109
235,275,312,8.9125,2.82360165668762
235,275,312,8.92,2.0882306682539
235,275,312,8.9275,0.90445291588364
235,275,312,8.935,0.205561340255356
235,275,312,8.9425,-0.527888124658481
235,275,312,8.95,-1.68662214986376
235,275,312,8.9575,-2.44203081963833
235,275,312,8.965,3.13323896825186
235,275,312,8.9725,2.07884797056637
235,275,312,8.98,1.13908253905559
235,275,312,8.9875,0.277487578603029
235,275,312,8.995,-0.618475515830909
235,275,312,9.0025,-1.6744735394401
235,275,312,9.01,-2.41528772087664
235,275,312,9.0175,2.7636356035729
235,275,312,9.025,1.87073358562999
235,275,312,9.0325,1.02582942896225
235,275,312,9.04,0.147285022983273
235,275,312,9.0475,-0.815435020613777
235,275,312,9.055,-1.48994535104408
235,275,312,9.0625,-2.28945983916331
235,275,312,9.07,2.81474478761764
235,275,312,9.0775,2.09799965502829
235,275,312,9.085,1.14135131920627
235,275,312,9.0925,0.035186884821189
235,275,312,9.1,-0.734804076764096
235,275,312,9.1075,-1.72289088554605
235,275,312,9.115,-2.8722119743966
235,275,312,9.1225,2.4617699666427
235,275,312,9.13,1.60574311662475
235,275,312,9.1375,0.666784843310164
235,275,312,9.145,-0.282405365439323
235,275,312,9.1525,-1.33978663573076
235,275,312,9.16,-2.28212812289964
235,275,312,9.1675,3.08568810479456
235,275,312,9.175,1.90459337463848
235,275,312,9.1825,0.954308184190526
235,275,312,9.19,0.12855397548685
235,275,312,9.1975,-0.872705245419971
235,275,312,9.205,-1.85889846889132
235,275,312,9.2125,-2.33884348653982
235,275,312,9.22,3.07132688060138
235,275,312,9.2275,2.26748179672923
235,275,312,9.235,2.11375388451894
235,275,312,9.2425,0.837262714495422
235,275,312,9.25,0.0809402575296128
235,275,312,9.2575,-0.905546638342244
235,275,312,9.265,-1.50840424404563
235,275,312,9.2725,-2.74732902193068
235,275,312,9.28,2.87344905858866
235,275,312,9.2875,1.7246409427881
235,275,312,9.295,0.892359545953938
235,275,312,9.3025,0.105201312367978
235,275,312,9.31,-0.80537435055752
235,275,312,9.3175,-1.85992222526484
235,275,312,9.325,-2.89385265744229
235,275,312,9.3325,2.31135637411628
235,275,312,9.34,1.54838206424638
235,275,312,9.3475,0.411527141277807
235,275,312,9.355,-0.423481021854715
235,275,312,9.3625,-1.45598290996846
235,275,312,9.37,-2.62269454391555
235,275,312,9.3775,3.05172137151928
235,275,312,9.385,1.92164282542128
235,275,312,9.3925,1.22712509765209
235,275,312,9.4,0.181128657940437
235,275,312,9.4075,-0.703539243083418
235,275,312,9.415,-1.40594717577712
235,275,312,9.4225,-2.39603560816975
235,275,312,9.43,-3.12430529875171
235,275,312,9.4375,2.09189329453893
235,275,312,9.445,1.51076745493145
235,275,312,9.4525,0.443240542233096
235,275,312,9.46,-0.528872851245384
235,275,312,9.4675,-1.53980783266353
235,275,312,9.475,-2.4918305425192
235,275,312,9.4825,2.80622113783647
235,275,312,9.49,1.94185376850981
235,275,312,9.4975,0.982215684473363
235,275,312,9.505,0.109695459726408
235,275,312,9.5125,-0.870484986315787
235,275,312,9.52,-1.77742004753008
235,275,312,9.5275,-2.93063919784314
235,275,312,9.535,2.66299158928037
235,275,312,9.5425,1.69577004910644
235,275,312,9.55,0.572654135965067
235,275,312,9.5575,0.212575644362158
235,275,312,9.565,-0.718841233091502
235,275,312,9.5725,-1.53088774333723
235,275,312,9.58,-2.1551963321321
235,275,312,9.5875,-3.09464303424857
235,275,312,9.595,2.00639595318564
235,275,312,9.6025,1.40452282495293
235,275,312,9.61,0.605471872462113
235,275,312,9.6175,-0.458637699044687
235,275,312,9.625,-1.08928222609537
235,275,312,9.6325,-2.32466940362666
235,275,312,9.64,2.97100645372757
235,275,312,9.6475,1.804765687923
235,275,312,9.655,1.21828879726311
235,275,312,9.6625,0.0862625647388265
235,275,312,9.67,-1.00799999535401
235,275,312,9.6775,-1.79873466321545
235,275,312,9.685,-2.83639995885947
235,275,312,9.6925,2.54839322623684
235,275,312,9.7,1.67781680112188
235,275,312,9.7075,0.745759691076051
235,275,312,9.715,-0.253443946149316
235,275,312,9.7225,-1.05100156730518
235,275,312,9.73,-2.18880740164387
235,275,312,9.7375,-2.97746961436525
235,275,312,9.745,2.42157234850237
235,275,312,9.7525,1.48151813228048
235,275,312,9.76,0.577567526752373
235,275,312,9.7675,-0.181260921890711
235,275,312,9.775,-0.989022590447963
235,275,312,9.7825,-2.06606709100261
235,275,312,9.79,-2.50224262640792
235,275,312,9.7975,2.9560334210049
235,275,312,9.805,2.02139075754786
235,275,312,9.8125,1.04609702328398
235,275,312,9.82,0.201271065788915
235,275,312,9.8275,-0.754765825063905
235,275,312,9.835,-1.61395762964126
235,275,312,9.8425,-2.6907641643921
235,275,312,9.85,2.67992745571363
235,275,312,9.8575,1.59322648285315
235,275,312,9.865,0.816344526247529
235,275,312,9.8725,-0.261101733009092
235,275,312,9.88,-1.28864947262434
235,275,312,9.8875,-2.29094313388839
235,275,312,9.895,3.0138282499844
235,275,312,9.9025,1.87119140327133
235,275,312,9.91,1.02423651090599
235,275,312,9.9175,-0.105714172006713
235,275,312,9.925,-1.07960077553206
235,275,312,9.9325,-1.97084481118806
235,275,312,9.94,-2.82360942120309
235,275,312,9.9475,2.33127532603668
235,275,312,9.955,1.84640848284111
235,275,312,9.9625,1.66155008347863
235,275,312,9.97,0.682878905118208
235,275,312,9.9775,-0.191821395798604
235,275,312,9.985,-1.42320013925342
235,275,312,9.9925,-1.97380646665893
235,275,312,10,-2.86299211532899
235,275,312,10.0075,2.75787171848819
235,275,312,10.015,1.89204908344667
235,275,312,10.0225,0.644978318560278
235,275,312,10.03,0.0726269840743737
235,275,312,10.0375,-1.14527393645692
235,275,312,10.045,-1.84941666000094
235,275,312,10.0525,-3.07347626858536
235,275,312,10.06,2.38982590886214
235,275,312,10.0675,1.30182368572294
235,275,312,10.075,0.349194116217612
235,275,312,10.0825,-0.605780919187537
235,275,312,10.09,-1.43187040764589
235,275,312,10.0975,-2.24955709528752
235,275,312,10.105,3.00606586628765
235,275,312,10.1125,1.85488397546622
235,275,312,10.12,1.19366770726682
235,275,312,10.1275,0.436919624690511
235,275,312,10.135,-0.498606511393275
235,275,312,10.1425,-1.75635065413691
235,275,312,10.15,-2.45420997194157
235,275,312,10.1575,2.74310857412926
235,275,312,10.165,2.03003636257476
235,275,312,10.1725,0.865699818668487
235,275,312,10.18,-0.243305118953344
235,275,312,10.1875,-0.764234845197453
235,275,312,10.195,-1.82827817902273
235,275,312,10.2025,-2.45931463390663
235,275,312,10.21,2.81103280309714
235,275,312,10.2175,1.68578440174813
235,275,312,10.225,0.891686365850521
235,275,312,10.2325,-0.216579107612534
235,275,312,10.24,-1.03362039057814
235,275,312,10.2475,-2.10582790013881
235,275,312,10.255,-3.03883005107715
235,275,312,10.2625,2.09521345700014
235,275,312,10.27,1.1624111670244
235,275,312,10.2775,0.557502990100797
235,275,312,10.285,-0.754310723653997
235,275,312,10.2925,-1.73474262748534
235,275,312,10.3,-2.69131406525613
235,275,312,10.3075,-0.983380596672527
235,275,312,10.315,-2.67523592610241
235,275,312,10.3225,2.15223597515729
235,275,312,10.33,2.17807448508746
235,275,312,10.3375,1.15731744968753
235,275,312,10.345,0.0164895038553402
235,275,312,10.3525,-1.09873412105247
235,275,312,10.36,-2.02312883407406
235,275,312,10.3675,-2.93620763906953
235,275,312,10.375,2.3575125966869
235,275,312,10.3825,1.11419132234436
235,275,312,10.39,0.318233053942426
235,275,312,10.3975,-0.973758312070075
235,275,312,10.405,-1.62576684544774
235,275,312,10.4125,-2.53366836267157
235,275,312,10.42,2.53056041532999
235,275,312,10.4275,1.47115241523629
235,275,312,10.435,0.433851612634495
235,275,312,10.4425,-0.498938299111498
235,275,312,10.45,-1.27492252069811
235,275,312,10.4575,-2.55460289339403
235,275,312,10.465,3.03424258387114
235,275,312,10.4725,2.12987755976294
235,275,312,10.48,1.2687916133684
235,275,312,10.4875,0.307521851788674
235,275,312,10.495,-0.623589956614878
235,275,312,10.5025,-1.74850601885438
235,275,312,10.51,-2.64386738643453
235,275,312,10.5175,-3.13473613604327
235,275,312,10.525,2.83899731064638
235,275,312,10.5325,1.43966248295704
235,275,312,10.54,1.48941267981602
235,275,312,10.5475,0.20912475904485
235,275,312,10.555,-0.844161603042947
235,275,312,10.5625,-1.79234144659656
235,275,312,10.57,-2.16647822772593
235,275,312,10.5775,3.04641557002479
235,275,312,10.585,2.14628526182541
235,275,312,10.5925,0.755730560707508
235,275,312,10.6,-0.130897458293788
235,275,312,10.6075,-1.06798640105399
235,275,312,10.615,-1.8699153883137
235,275,312,10.6225,-2.85553260098643
235,275,312,10.63,2.72043514814277
235,275,312,10.6375,1.33816709174827
235,275,312,10.645,0.290259371643702
235,275,312,10.6525,-0.739701603940114
235,275,312,10.66,-1.79115406597722
235,275,312,10.6675,-2.22061352538182
235,275,312,10.675,-3.10208502850266
235,275,312,10.6825,1.85207594049279
235,275,312,10.69,0.907466968515679
235,275,312,10.6975,-0.0908207587711861
235,275,312,10.705,-0.684168233720206
235,275,312,10.7125,-1.28432866549763
235,275,312,10.72,-2.00819426271305
235,275,312,10.7275,2.98791472324298
235,275,312,10.735,2.35422019256494
235,275,312,10.7425,1.5943406389863
235,275,312,10.75,0.662912029090553
235,275,312,10.7575,-0.569350437423995
235,275,312,10.765,-1.30479135095898
235,275,312,10.7725,-2.22324923735344
235,275,312,10.78,2.81042750497559
235,275,312,10.7875,2.19913763464466
235,275,312,10.795,1.62391277365759
235,275,312,10.8025,0.650958072943537
235,275,312,10.81,-0.0115742215680496
235,275,312,10.8175,-0.50708057213163
235,275,312,10.825,-1.67600332952515
235,275,312,10.8325,-2.62447609706214
235,275,312,10.84,2.95642085938501
235,275,312,10.8475,1.99392816989382
235,275,312,10.855,0.843149507926949
235,275,312,10.8625,-0.469677949482189
235,275,312,10.87,-1.28333498920748
235,275,312,10.8775,-2.27964504026667
235,275,312,10.885,3.11600224770277
235,275,312,10.8925,2.0835159162714
235,275,312,10.9,1.32764868306346
235,275,312,10.9075,0.0825776252390139
235,275,312,10.915,-0.664739003712456
235,275,312,10.9225,-1.78625013994916
235,275,312,10.93,-2.70407245891383
235,275,312,10.9375,2.85956357017264
235,275,312,10.945,1.45031737463693
235,275,312,10.9525,0.906782059329653
235,275,312,10.96,-0.469840013319629
235,275,312,10.9675,-1.19026772581022
235,275,312,10.975,-2.21290945874008
235,275,312,10.9825,2.73611293649901
235,275,312,10.99,2.18071709087257
235,275,312,10.9975,0.971364574839439
235,275,312,11.005,-0.63243416970609
235,275,312,11.0125,-0.0408365082548074
235,275,312,11.02,-0.905796750027563
235,275,312,11.0275,-2.11233036387066
235,275,312,11.035,0.792475473427987
235,275,312,11.0425,0.553310544758025
235,275,312,11.05,-3.08063019688662
235,275,312,11.0575,2.4163723751444
235,275,312,11.065,0.67985588604764
235,275,312,11.0725,1.23391785685599
235,275,312,11.08,-0.189323747129461
235,275,312,11.0875,-1.51478207047064
235,275,312,11.095,-2.70775481943017
235,275,312,11.1025,2.7676409588033
235,275,312,11.11,1.60610824804043
235,275,312,11.1175,0.726040211208032
235,275,312,11.125,-0.365156070875288
235,275,312,11.1325,-1.28045242365576
235,275,312,11.14,-2.4406297779859
235,275,312,11.1475,2.76495752578305
235,275,312,11.155,1.81497400422191
235,275,312,11.1625,1.06519180673299
235,275,312,11.17,-0.0367602565200046
235,275,312,11.1775,-0.934567399673301
235,275,312,11.185,-1.59538107467703
235,275,312,11.1925,-2.78555190808041
235,275,312,11.2,2.27626841094633
235,275,312,11.2075,1.53089761376573
235,275,312,11.215,0.166087798612327
235,275,312,11.2225,-0.480452657901676
235,275,312,11.23,-1.66543045496281
235,275,312,11.2375,-2.91664244210622
235,275,312,11.245,2.39749016637954
235,275,312,11.2525,1.58097065301876
235,275,312,11.26,1.28750093755167
235,275,312,11.2675,0.139797324731734
235,275,312,11.275,-0.822271033164431
235,275,312,11.2825,-0.674733090371007
235,275,312,11.29,-1.42952099800765
235,275,312,11.2975,-2.92986591410427
235,275,312,11.305,-2.34683420470627
235,275,312,11.3125,-3.0513165662672
235,275,312,11.32,1.63059839682913
235,275,312,11.3275,0.225953137239125
235,275,312,11.335,-0.470081350915948
235,275,312,11.3425,-1.09556798575983
235,275,312,11.35,-2.32915552335488
235,275,312,11.3575,2.97824843087163
235,275,312,11.365,1.95639484979578
235,275,312,11.3725,1.23834682253417
235,275,312,11.38,0.187461080283783
235,275,312,11.3875,-0.700878148554902
235,275,312,11.395,-1.80363357441339
235,275,312,11.4025,-2.74985819338148
235,275,312,11.41,2.62475708248792
235,275,312,11.4175,1.70398683615848
235,275,312,11.425,0.66481795752411
235,275,312,11.4325,-0.317133836547591
235,275,312,11.44,-1.02157005920325
235,275,312,11.4475,-1.70001460847427
235,275,312,11.455,-2.7181227365103
235,275,312,11.4625,2.34527330032503
235,275,312,11.47,1.53925452890142
235,275,312,11.4775,0.913203532531098
235,275,312,11.485,-0.233908832433558
235,275,312,11.4925,-1.11559319593096
235,275,312,11.5,-1.53214424298839
235,275,312,11.5075,-2.8919895914887
235,275,312,11.515,2.77735733031686
235,275,312,11.5225,1.98128195364454
235,275,312,11.53,1.0467287093488
235,275,312,11.5375,0.019926813683299
235,275,312,11.545,-1.09548863889767
235,275,312,11.5525,-2.19419521079005
235,275,312,11.56,-2.75818181334022
235,275,312,11.5675,2.18415079200269
235,275,312,11.575,1.62603023253159
235,275,312,11.5825,0.591130806120015
235,275,312,11.59,-0.492802645969062
235,275,312,11.5975,-1.01424851885409
235,275,312,11.605,-2.12673030224734
235,275,312,11.6125,-2.6463201768014
235,275,312,11.62,2.46458649200742
235,275,312,11.6275,1.98706095739183
235,275,312,11.635,0.83152292638134
235,275,312,11.6425,0.0266147755008068
235,275,312,11.65,-0.895236053375924
235,275,312,11.6575,-2.01290206997616
235,275,312,11.665,-3.07587554448386
235,275,312,11.6725,2.47585808696262
235,275,312,11.68,1.16915546696775
235,275,312,11.6875,0.32334083378342
235,275,312,11.695,-0.90978421177406
235,275,312,11.7025,-1.86126502412472
235,275,312,11.71,-2.47407697366022
235,275,312,11.7175,2.74950191413678
235,275,312,11.725,1.94877716253786
235,275,312,11.7325,0.540985048278402
235,275,312,11.74,-0.704490431376947
235,275,312,11.7475,-1.25971170575685
235,275,312,11.755,-2.11069622390005
235,275,312,11.7625,2.97669251446396
235,275,312,11.77,2.49400746583415
235,275,312,11.7775,2.83417024790788
235,275,312,11.785,1.09837044311819
235,275,312,11.7925,2.47796887249208
235,275,312,11.8,0.157180952531348
235,275,312,11.8075,-0.445196247620453
235,275,312,11.815,-1.56362504944119
235,275,312,11.8225,-2.21410397129185
235,275,312,11.83,2.86773560944244
235,275,312,11.8375,1.9855388033791
235,275,312,11.845,1.17472825362231
235,275,312,11.8525,0.148600351214492
235,275,312,11.86,-0.859874653483296
235,275,312,11.8675,-1.90974588080843
235,275,312,11.875,-2.63775350699259
235,275,312,11.8825,2.29128953229706
235,275,312,11.89,1.51977734884517
235,275,312,11.8975,0.396979125198941
235,275,312,11.905,-0.468674709465363
235,275,312,11.9125,-1.60149076925828
235,275,312,11.92,-2.6767384623376
235,275,312,11.9275,2.82617602754233
235,275,312,11.935,1.48629868987391
235,275,312,11.9425,0.561217858038022
235,275,312,11.95,-0.621221106943349
235,275,312,11.9575,-1.28203239815797
235,275,312,11.965,-2.38552760010893
235,275,312,11.9725,2.55108359719652
235,275,312,11.98,2.06028426922019
235,275,312,11.9875,0.805487410650632
235,275,312,11.995,-0.18266799650381
235,275,312,12.0025,-0.798113453130801
235,275,312,12.01,-2.11882913951771
235,275,312,12.0175,-1.78843558314087
235,275,312,12.025,2.07984777901839
235,275,312,12.0325,1.33732287007652
235,275,312,12.04,0.885707816527357
235,275,312,12.0475,-1.22546053992463
235,275,312,12.055,2.13572962687348
235,275,312,12.0625,1.01792100705972
235,275,312,12.07,0.147884419713516
235,275,312,12.0775,-1.17570403110924
235,275,312,12.085,-2.04031516094275
235,275,312,12.0925,2.74774627134028
235,275,312,12.1,1.64965569604336
235,275,312,12.1075,1.02838629482969
235,275,312,12.115,-0.366042178858465
235,275,312,12.1225,-1.54463889093455
235,275,312,12.13,-2.27945459412683
235,275,312,12.1375,3.01477735730315
235,275,312,12.145,1.79171232480099
235,275,312,12.1525,0.920228712634671
235,275,312,12.16,0.20386414288878
235,275,312,12.1675,-0.891110229346991
235,275,312,12.175,-1.88074788150199
235,275,312,12.1825,-3.09212050436993
235,275,312,12.19,2.08674544890618
235,275,312,12.1975,1.29657190034092
235,275,312,12.205,0.333355317881736
235,275,312,12.2125,-0.685112068822523
235,275,312,12.22,-1.72705157024239
235,275,312,12.2275,-2.29752898703793
235,275,312,12.235,-3.0720230120578
235,275,312,12.2425,2.45160666938773
235,275,312,12.25,1.61658083124057
235,275,312,12.2575,0.696903588558498
235,275,312,12.265,-0.843979374112554
235,275,312,12.2725,-1.92516966130854
235,275,312,12.28,-2.3062057509114
235,275,312,12.2875,2.32795642327131
235,275,312,12.295,1.95340401915939
235,275,312,12.3025,0.969518083613294
235,275,312,12.31,0.506367072534725
235,275,312,12.3175,-0.883456199877647
235,275,312,12.325,-0.31316666020795
235,275,312,12.3325,-1.88886313500242
235,275,312,12.34,-2.68624558084849
235,275,312,12.3475,2.83076480440005
235,275,312,12.355,1.76453517294419
235,275,312,12.3625,1.38262115912162
235,275,312,12.37,0.0499291510567735
235,275,312,12.3775,-0.550443715652257
235,275,312,12.385,-1.71792476407954
235,275,312,12.3925,-2.512188130647
235,275,312,12.4,2.80778085419925
235,275,312,12.4075,1.50334400948757
235,275,312,12.415,0.855249673836463
235,275,312,12.4225,0.0763321390787501
235,275,312,12.43,-1.12743491499448
235,275,312,12.4375,-1.99331545706644
235,275,312,12.445,3.03478498520039
235,275,312,12.4525,1.83932791848844
235,275,312,12.46,1.34595247264819
235,275,312,12.4675,0.336254506453615
235,275,312,12.475,-0.853701553663959
235,275,312,12.4825,-1.5453715461344
235,275,312,12.49,-2.92745522841638
235,275,312,12.4975,2.51892428676137
235,275,312,12.505,1.59120758595163
235,275,312,12.5125,0.111249533287417
235,275,312,12.52,-0.599977792700896
235,275,312,12.5275,-1.31936417437392
235,275,312,12.535,-2.81858805974363
235,275,312,12.5425,0.746191231563764
235,275,312,12.55,0.360574935360499
235,275,312,12.5575,3.02874643367732
235,275,312,12.565,2.77972256137504
235,275,312,12.5725,0.630761959703683
235,275,312,12.58,-0.147939430490821
235,275,312,12.5875,-0.846852463954398
235,275,312,12.595,-1.18367086130528
235,275,312,12.6025,-1.97999529381689
235,275,312,12.61,2.60660466727057
235,275,312,12.6175,1.61718321033004
235,275,312,12.625,0.728255940656146
235,275,312,12.6325,-0.242521203627996
235,275,312,12.64,-1.3766624217677
235,275,312,12.6475,-2.23099750676083
235,275,312,12.655,3.08727338984452
235,275,312,12.6625,1.89203546785177
235,275,312,12.67,1.14948674683083
235,275,312,12.6775,0.294051899131511
235,275,312,12.685,-1.23725952927875
235,275,312,12.6925,-1.86636481776894
235,275,312,12.7,-2.89756177053402
235,275,312,12.7075,1.91707615626101
235,275,312,12.715,1.60923356075272
235,275,312,12.7225,0.422646702314297
235,275,312,12.73,-1.0125119877679
235,275,312,12.7375,-1.77775044038183
235,275,312,12.745,-2.79009537632412
235,275,312,12.7525,2.48043515247686
235,275,312,12.76,2.21178540123041
235,275,312,12.7675,0.720158762726219
235,275,312,12.775,-1.49598144377955
235,275,312,12.7825,-2.81995068971946
235,275,312,12.79,2.6551259832556
235,275,312,12.7975,0.0676567668349187
235,275,312,12.805,-1.9503103583629
235,275,312,12.8125,-2.0870560371084
235,275,312,12.82,-2.77088479998545
235,275,312,12.8275,2.44088568351794
235,275,312,12.835,0.747674959471266
235,275,312,12.8425,-0.0493324453442647
235,275,312,12.85,-1.20333727977703
235,275,312,12.8575,-1.13254174293229
235,275,312,12.865,-2.39369687248966
235,275,312,12.8725,2.9886021083279
235,275,312,12.88,1.07790307230602
235,275,312,12.8875,0.638273530412731
235,275,312,12.895,-0.378255372528575
235,275,312,12.9025,-1.28806114085338
235,275,312,12.91,-2.32878948555865
235,275,312,12.9175,3.09282251855428
235,275,312,12.925,1.937794653399
235,275,312,12.9325,1.03515426725713
235,275,312,12.94,0.00216854579292714
235,275,312,12.9475,-0.795838366280065
235,275,312,12.955,-1.87005270004274
235,275,312,12.9625,-2.84202185396117
235,275,312,12.97,2.24540861364334
235,275,312,12.9775,1.32839455674082
235,275,312,12.985,0.496029077570681
235,275,312,12.9925,-0.863697932129992
235,275,312,13,-1.62470728555864
235,275,312,13.0075,-2.82035574655308
235,275,312,13.015,2.86460876343286
235,275,312,13.0225,1.58350243418514
235,275,312,13.03,0.877366897361463
235,275,312,13.0375,-0.42820761846545
235,275,312,13.045,-1.52579232356782
235,275,312,13.0525,-2.7390313103366
235,275,312,13.06,2.61077776379269
235,275,312,13.0675,-0.60382009092939
235,275,312,13.075,-0.201812025666147
235,275,312,13.0825,-1.94832208124338
235,275,312,13.09,-3.11037760161688
235,275,312,13.0975,2.62562418125221
235,275,312,13.105,0.845056510185033
235,275,312,13.1125,-1.08685236527032
235,275,312,13.12,-1.36619433742647
235,275,312,13.1275,-2.50226010189201
235,275,312,13.135,2.737312347356
235,275,312,13.1425,1.47557909040935
235,275,312,13.15,0.790252633078909
235,275,312,13.1575,-0.572542435624242
235,275,312,13.165,-1.4581131947197
235,275,312,13.1725,-2.75604039371969
235,275,312,13.18,2.81361776011111
235,275,312,13.1875,1.7932917889955
235,275,312,13.195,0.442250552513233
235,275,312,13.2025,-0.521401179865458
235,275,312,13.21,-1.48629782438687
235,275,312,13.2175,-2.39747579966214
235,275,312,13.225,3.03807785788875
235,275,312,13.2325,1.89872662180861
235,275,312,13.24,0.952189468208239
235,275,312,13.2475,-0.034793190107954
235,275,312,13.255,-1.11248499611886
235,275,312,13.2625,-1.98991653805241
235,275,312,13.27,-2.70013893622165
235,275,312,13.2775,2.70670430627424
235,275,312,13.285,-2.93788799094191
235,275,312,13.2925,1.91760777113865
235,275,312,13.3,1.976168714403
235,275,312,13.3075,0.557801053855058
235,275,312,13.315,-1.76524210820629
235,275,312,13.3225,-1.58464080692076
235,275,312,13.33,-2.75380328627401
235,275,312,13.3375,-2.91949614728742
235,275,312,13.345,2.17586432703732
235,275,312,13.3525,1.11742920468725
235,275,312,13.36,0.0255750555668952
235,275,312,13.3675,-1.13780930630691
235,275,312,13.375,-1.73055198982748
235,275,312,13.3825,-2.74954654043125
235,275,312,13.39,2.5244722490193
235,275,312,13.3975,1.48635237384823
235,275,312,13.405,0.773348853399121
235,275,312,13.4125,-0.452910854442866
235,275,312,13.42,-1.49138623198095
235,275,312,13.4275,-1.8921227648576
235,275,312,13.435,-2.98643992111347
235,275,312,13.4425,2.32541239721565
235,275,312,13.45,1.1790936437843
235,275,312,13.4575,0.259414606110401
235,275,312,13.465,-0.465990936046574
235,275,312,13.4725,-2.25911244367945
235,275,312,13.48,-2.12830999804416
235,275,312,13.4875,3.04665500147143
235,275,312,13.495,1.92934574660565
235,275,312,13.5025,0.935108546410645
235,275,312,13.51,0.23721414315268
235,275,312,13.5175,-0.344590064481116
235,275,312,13.525,-1.67810824408722
235,275,312,13.5325,-2.25856578650486
235,275,312,13.54,-2.78636146662414
235,275,312,13.5475,2.12174121311886
235,275,312,13.555,1.09142616052602
235,275,312,13.5625,0.980172813778249
235,275,312,13.57,-0.872697757345464
235,275,312,13.5775,-1.42091474803192
235,275,312,13.585,-2.44601225801149
235,275,312,13.5925,-2.82223554554448
235,275,312,13.6,-2.21665002703045
235,275,312,13.6075,2.20423315333179
235,275,312,13.615,1.13560964274664
235,275,312,13.6225,0.186965738512681
235,275,312,13.63,-0.920927693926146
235,275,312,13.6375,-1.81317602918675
235,275,312,13.645,-2.73526202035674
235,275,312,13.6525,2.67507896825773
235,275,312,13.66,1.31317495176356
235,275,312,13.6675,0.939798523913152
235,275,312,13.675,-0.455947011588235
235,275,312,13.6825,-1.26137251261167
235,275,312,13.69,-2.34805996118695
235,275,312,13.6975,-2.90477572890636
235,275,312,13.705,2.03797461381808
235,275,312,13.7125,1.04486023795816
235,275,312,13.72,0.217787996055105
235,275,312,13.7275,-0.905139909128056
235,275,312,13.735,-1.38828142854972
235,275,312,13.7425,-2.6939255781815
235,275,312,13.75,2.47726149832548
235,275,312,13.7575,1.34875465536107
235,275,312,13.765,0.331058563058684
235,275,312,13.7725,-0.345995848172999
235,275,312,13.78,-1.06998726456969
235,275,312,13.7875,-2.45421858873038
235,275,312,13.795,2.5587481068209
235,275,312,13.8025,1.46219474602575
235,275,312,13.81,-2.68448701224854
235,275,312,13.8175,-0.732624372443134
235,275,312,13.825,-0.0609496015051754
235,275,312,13.8325,1.91679520466106
235,275,312,13.84,-1.05481463064307
235,275,312,13.8475,-0.413835830896
235,275,312,13.855,-1.81547761284381
235,275,312,13.8625,2.50640748111618
235,275,312,13.87,2.36650348967772
235,275,312,13.8775,1.10436789545925
235,275,312,13.885,-0.0975059474550987
235,275,312,13.8925,-0.766773807194179
235,275,312,13.9,-1.91261216126412
235,275,312,13.9075,-2.94211591823928
235,275,312,13.915,2.26174415643853
235,275,312,13.9225,1.46323424726837
235,275,312,13.93,0.065700335945534
235,275,312,13.9375,-0.789368010138941
235,275,312,13.945,-1.77472553022615
235,275,312,13.9525,-2.76888495662259
235,275,312,13.96,2.68716659649165
235,275,312,13.9675,1.46756374496774
235,275,312,13.975,0.514171965885583
235,275,312,13.9825,-0.57992472943976
235,275,312,13.99,-1.5469060946822
235,275,312,13.9975,-2.55492850139455
235,275,312,14.005,3.0823757028343
235,275,312,14.0125,1.54566861571667
235,275,312,14.02,1.08152901976549
235,275,312,14.0275,-0.135245848342119
235,275,312,14.035,-0.96048972661403
235,275,312,14.0425,-2.56690763364066
235,275,312,14.05,-2.82572295837097
235,275,312,14.0575,0.541398111863634
235,275,312,14.065,-3.08846494487381
235,275,312,14.0725,0.44981456359715
235,275,312,14.08,1.67404585314239
235,275,312,14.0875,-0.0288376715258405
235,275,312,14.095,-0.640421467424431
235,275,312,14.1025,-2.5969944772434
235,275,312,14.11,-2.44965459143673
235,275,312,14.1175,2.7769262678293
235,275,312,14.125,1.97272800813337
235,275,312,14.1325,1.70059412541503
235,275,312,14.14,-0.669894371047038
235,275,312,14.1475,-0.650484837613326
235,275,312,14.155,-1.80359449225767
235,275,312,14.1625,-2.89730880311282
235,275,312,14.17,2.88990674924505
235,275,312,14.1775,2.0409706750093
235,275,312,14.185,0.666857529293996
235,275,312,14.1925,-0.104311789803268
235,275,312,14.2,-1.41470685155536
235,275,312,14.2075,-2.07867105009079
235,275,312,14.215,-3.12695308113246
235,275,312,14.2225,2.29369239992901
235,275,312,14.23,0.922893307561147
235,275,312,14.2375,-0.064511449548825
235,275,312,14.245,-0.785778189267188
235,275,312,14.2525,-1.8137565990905
235,275,312,14.26,-2.75765752105595
235,275,312,14.2675,2.08930657417011
235,275,312,14.275,1.0733143708437
235,275,312,14.2825,0.584645621088462
235,275,312,14.29,-0.404373466387985
235,275,312,14.2975,-1.4385033882557
235,275,312,14.305,-2.80970702873856
235,275,312,14.3125,-2.94560001814948
235,275,312,14.32,1.34015707055105
235,275,312,14.3275,1.27897225856246
235,275,312,14.335,1.11359076792356
235,275,312,14.3425,1.46903576533362
235,275,312,14.35,-1.42714808516324
235,275,312,14.3575,-1.1283549430453
235,275,312,14.365,-2.07584050604904
235,275,312,14.3725,-2.00581337974951
235,275,312,14.38,2.71386370091366
235,275,312,14.3875,1.71151255883826
235,275,312,14.395,0.68190078631945
235,275,312,14.4025,-0.245004724112511
235,275,312,14.41,-1.27010943244482
235,275,312,14.4175,-2.40109035916607
235,275,312,14.425,3.06842275908771
235,275,312,14.4325,2.57948880674633
235,275,312,14.44,1.57045554217004
235,275,312,14.4475,0.60086488561417
235,275,312,14.455,-0.558988442209872
235,275,312,14.4625,-1.88828748662237
235,275,312,14.47,-2.91449953096208
235,275,312,14.4775,2.45541670908544
235,275,312,14.485,1.41326370187297
235,275,312,14.4925,-0.0909163204809073
235,275,312,14.5,-0.93628452923049
235,275,312,14.5075,-1.99723156491672
235,275,312,14.515,-3.11531251238582
235,275,312,14.5225,2.64933769507745
235,275,312,14.53,1.16610449345627
235,275,312,14.5375,0.527654428959439
235,275,312,14.545,-0.269895009040273
235,275,312,14.5525,-1.45720924396962
235,275,312,14.56,-2.68226827589288
235,275,312,14.5675,2.1387493371573
235,275,312,14.575,1.09880209784386
235,275,312,14.5825,0.579962196291453
235,275,312,14.59,-0.76350754246755
235,275,312,14.5975,2.14379861829197
235,275,312,14.605,1.09213778949241
235,275,312,14.6125,0.535254336640281
235,275,312,14.62,0.00468003473977159
235,275,312,14.6275,-1.81269615326311
235,275,312,14.635,-3.1415535364301
235,275,312,14.6425,-0.421314228796
235,275,312,14.65,2.10548887632717
235,275,312,14.6575,0.953135030479629
235,275,312,14.665,-0.0886596798789723
235,275,312,14.6725,-1.72178580012048
235,275,312,14.68,-2.37442596647942
235,275,312,14.6875,2.94876089093748
235,275,312,14.695,1.78334531164291
235,275,312,14.7025,0.642735224884378
235,275,312,14.71,-0.213665171690765
235,275,312,14.7175,-0.747433301775823
235,275,312,14.725,-2.39785646805962
235,275,312,14.7325,3.0928519489915
235,275,312,14.74,2.3285927289928
235,275,312,14.7475,1.12535490885483
235,275,312,14.755,0.159479606494968
235,275,312,14.7625,-0.894145425170331
235,275,312,14.77,-2.24940650162457
235,275,312,14.7775,-2.8989548885514
235,275,312,14.785,2.24032743951055
235,275,312,14.7925,1.44281244653766
235,275,312,14.8,0.524204797795254
235,275,312,14.8075,1.15834787898023
235,275,312,14.815,-1.36102316045021
235,275,312,14.8225,-2.16463323309753
235,275,312,14.83,2.93658704867432
235,275,312,14.8375,2.13803568007761
235,275,312,14.845,-1.08203977370685
235,275,312,14.8525,-0.386367020461916
235,275,312,14.86,2.77179163459352
235,275,312,14.8675,0.609832757923259
235,275,312,14.875,0.556679999614787
235,275,312,14.8825,2.32991462900988
235,275,312,14.89,-3.08465231195659
235,275,312,14.8975,-2.22823740894387
235,275,312,14.905,2.17414379813682
235,275,312,14.9125,-0.0780650476857142
235,275,312,14.92,0.338917146555136
235,275,312,14.9275,-0.668160721225972
235,275,312,14.935,-2.31319243992264
235,275,312,14.9425,-2.85171001828001
235,275,312,14.95,-2.86782969351563
235,275,312,14.9575,1.30685745034427
235,275,312,14.965,0.00120650649481541
235,275,312,14.9725,-0.528029006357418
235,275,312,14.98,-1.49506465034014
235,275,312,14.9875,-2.36363996978645
235,275,312,14.995,2.73603060008637
235,275,312,15.0025,1.88897230707449
235,275,312,15.01,1.11054632951885
235,275,312,15.0175,0.167529262299805
235,275,312,15.025,-0.299615267138263
235,275,312,15.0325,-1.81350105833675
235,275,312,15.04,-2.64649365989852
235,275,312,15.0475,2.6264365651626
235,275,312,15.055,1.58425453440081
235,275,312,15.0625,0.00638584422071605
235,275,312,15.07,-0.799432549420852
235,275,312,15.0775,-1.21083891819894
235,275,312,15.085,0.0904905145019009
235,275,312,15.0925,1.23300933965089
235,275,312,15.1,1.40446230810036
235,275,312,15.1075,0.068182163025479
235,275,312,15.115,-2.10179515512141
235,275,312,15.1225,-2.05895297520945
235,275,312,15.13,0.130221817364331
235,275,312,15.1375,0.271018420796462
235,275,312,15.145,-0.603437851605204
235,275,312,15.1525,-2.01847003919047
235,275,312,15.16,2.75793727758182
235,275,312,15.1675,2.08775432244153
235,275,312,15.175,0.825421084482055
235,275,312,15.1825,-0.0188001370151404
235,275,312,15.19,-0.886771157479473
235,275,312,15.1975,-2.18620540139798
235,275,312,15.205,-2.86322709759486
235,275,312,15.2125,2.51467148727545
235,275,312,15.22,0.87529393660758
235,275,312,15.2275,-0.638062260742621
235,275,312,15.235,-0.986336452697183
235,275,312,15.2425,-1.44629674434764
235,275,312,15.25,-3.06848198752732
235,275,312,15.2575,2.38520712777214
235,275,312,15.265,0.920077423604815
235,275,312,15.2725,0.931998448685118
235,275,312,15.28,0.217414698507512
235,275,312,15.2875,-1.13400231787069
235,275,312,15.295,-2.22254482403085
235,275,312,15.3025,-3.14143604698884
235,275,312,15.31,1.27642458336706
235,275,312,15.3175,0.476324106482405
235,275,312,15.325,-0.140161693290158
235,275,312,15.3325,-1.91351840376628
235,275,312,15.34,-2.43844522578437
235,275,312,15.3475,1.94817785639114
235,275,312,15.355,1.58340650408309
235,275,312,15.3625,-2.18490608627616
235,275,312,15.37,1.64594309605051
235,275,312,15.3775,1.83177803858484
235,275,312,15.385,0.288873912611319
235,275,312,15.3925,1.29926884838398
235,275,312,15.4,-1.72844573652084
235,275,312,15.4075,-1.55932255272157
235,275,312,15.415,-2.59090567411611
235,275,312,15.4225,2.35815637421288
235,275,312,15.43,0.8686280182224
235,275,312,15.4375,-0.292913670294855
235,275,312,15.445,-1.06432958266652
235,275,312,15.4525,-1.56806363657655
235,275,312,15.46,-2.70191129493774
235,275,312,15.4675,2.94153336626394
235,275,312,15.475,2.26150048919819
235,275,312,15.4825,1.19032689723711
235,275,312,15.49,-0.084744844525646
235,275,312,15.4975,-1.01372023875519
235,275,312,15.505,-2.77405701033409
235,275,312,15.5125,2.56291448110513
235,275,312,15.52,1.27971286594944
235,275,312,15.5275,0.934206578719072
235,275,312,15.535,-0.268253688789999
235,275,312,15.5425,-0.0404682290706606
235,275,312,15.55,-0.812546591538065
235,275,312,15.5575,-2.61629757759553
235,275,312,15.565,2.49888185565884
235,275,312,15.5725,1.28060721409088
235,275,312,15.58,0.0528738667196695
235,275,312,15.5875,-0.0392460885185518
235,275,312,15.595,-0.501511321468959
235,275,312,15.6025,-2.57833145439592
235,275,312,15.61,-2.5265459550822
235,275,312,15.6175,2.41225399703213
235,275,312,15.625,2.06428833085548
235,275,312,15.6325,0.834924368209626
235,275,312,15.64,0.507119169818634
235,275,312,15.6475,-0.664212726931717
235,275,312,15.655,-2.84694218311225
235,275,312,15.6625,2.89456957964889
235,275,312,15.67,2.04383751413105
235,275,312,15.6775,2.15968735291975
235,275,312,15.685,1.06032836254216
235,275,312,15.6925,2.28053676055607
235,275,312,15.7,1.95871365985509
235,275,312,15.7075,-0.992458779592962
235,275,312,15.715,-1.5429669980062
235,275,312,15.7225,-3.04120758403699
235,275,312,15.73,3.01344661238999
235,275,312,15.7375,2.54978025198041
235,275,312,15.745,0.473548467042704
235,275,312,15.7525,0.51458475788015
235,275,312,15.76,-1.37886311856421
235,275,312,15.7675,-2.47343581901964
235,275,312,15.775,2.09928130406149
235,275,312,15.7825,1.86095752407407
235,275,312,15.79,0.758382177902126
235,275,312,15.7975,0.622022138087129
235,275,312,15.805,-0.831217013966685
235,275,312,15.8125,-1.90269916297107
235,275,312,15.82,-0.0698855899702362
235,275,312,15.8275,-2.43018240289759
235,275,312,15.835,2.44743515164953
235,275,312,15.8425,-0.8816947965777
235,275,312,15.85,0.344712278990053
235,275,312,15.8575,-0.437797584756547
235,275,312,15.865,2.8849649030913
235,275,312,15.8725,-2.26694619256672
235,275,312,15.88,-2.90749432793024
235,275,312,15.8875,1.65663375256425
235,275,312,15.895,0.543858645854718
235,275,312,15.9025,0.217200949760436
235,275,312,15.91,-0.572139925396261
235,275,312,15.9175,-0.0368290815832811
235,275,312,15.925,2.51247469098096
235,275,312,15.9325,1.11221007388801
235,275,312,15.94,1.95207433871678
235,275,312,15.9475,0.168407842665384
235,275,312,15.955,-0.496983716712133
235,275,312,15.9625,-1.4038341179261
235,275,312,15.97,2.79626722256459
235,275,312,15.9775,2.40695644761406
235,275,312,15.985,2.40871759200884
235,275,312,15.9925,2.80137153982329
235,275,312,16,1.33429552541122
235,275,311,4,-1.78212143930618
235,275,311,4.0075,-2.66994963022253
235,275,311,4.015,2.70021878265292
235,275,311,4.0225,1.79194041518904
235,275,311,4.03,1.10259791521585
235,275,311,4.0375,0.187842304594198
235,275,311,4.045,-0.869748365570179
235,275,311,4.0525,-1.6350969755245
235,275,311,4.06,-2.6327003340952
235,275,311,4.0675,2.7924458974941
235,275,311,4.075,1.9771302793313
235,275,311,4.0825,1.36789529481069
235,275,311,4.09,0.52886378931816
235,275,311,4.0975,-0.3537211130921
235,275,311,4.105,-1.45657974016493
235,275,311,4.1125,-2.21367360607305
235,275,311,4.12,3.08815025509029
235,275,311,4.1275,2.13390117294798
235,275,311,4.135,1.18809947534982
235,275,311,4.1425,0.324473944001608
235,275,311,4.15,-0.606933369639526
235,275,311,4.1575,-1.39708403203365
235,275,311,4.165,-2.48952027851499
235,275,311,4.1725,2.95032205588339
235,275,311,4.18,1.89220563822101
235,275,311,4.1875,0.977442168372303
235,275,311,4.195,0.110593709705884
235,275,311,4.2025,-0.804562529868276
235,275,311,4.21,-1.72352590964841
235,275,311,4.2175,-2.73148658304393
235,275,311,4.225,2.40611384721261
235,275,311,4.2325,1.54772753477409
235,275,311,4.24,0.571838700565384
235,275,311,4.2475,-0.406116212099635
235,275,311,4.255,-1.38000932560284
235,275,311,4.2625,-2.1199685734744
235,275,311,4.27,-3.12271046238331
235,275,311,4.2775,2.42005164926777
235,275,311,4.285,1.49597948411369
235,275,311,4.2925,0.419290180995991
235,275,311,4.3,-0.655032383169327
235,275,311,4.3075,-1.74889252000223
235,275,311,4.315,-2.66023989560357
235,275,311,4.3225,2.66122872356087
235,275,311,4.33,1.60354834532296
235,275,311,4.3375,0.282960938608994
235,275,311,4.345,-1.09279808917808
235,275,311,4.3525,-0.594393201172764
235,275,311,4.36,-1.08768567514694
235,275,311,4.3675,-0.617867622068741
235,275,311,4.375,-1.91325309070487
235,275,311,4.3825,-2.99790201213077
235,275,311,4.39,2.68182193878263
235,275,311,4.3975,1.79613579750125
235,275,311,4.405,0.739242712218069
235,275,311,4.4125,-0.189791965074678
235,275,311,4.42,-1.29006286177577
235,275,311,4.4275,-2.35339559404289
235,275,311,4.435,2.99973919277926
235,275,311,4.4425,1.85540376067936
235,275,311,4.45,0.889351611206472
235,275,311,4.4575,-0.0195871150325523
235,275,311,4.465,-1.00381729331362
235,275,311,4.4725,-2.00405821732997
235,275,311,4.48,-3.08107385693006
235,275,311,4.4875,2.30578335971268
235,275,311,4.495,1.3365464598235
235,275,311,4.5025,0.220921788134289
235,275,311,4.51,-0.718648958946486
235,275,311,4.5175,-1.39570612267192
235,275,311,4.525,-2.51161749396281
235,275,311,4.5325,2.94712767693881
235,275,311,4.54,1.97576098528294
235,275,311,4.5475,0.801593493279706
235,275,311,4.555,-0.0919274485371043
235,275,311,4.5625,-1.20937639947259
235,275,311,4.57,-2.3630983148086
235,275,311,4.5775,2.7642365729923
235,275,311,4.585,1.69201997124967
235,275,311,4.5925,0.741723946316971
235,275,311,4.6,-0.591356701956748
235,275,311,4.6075,-1.21891830860223
235,275,311,4.615,2.78979814271317
235,275,311,4.6225,0.34894354764313
235,275,311,4.63,-0.341635836783247
235,275,311,4.6375,-1.36703911876205
235,275,311,4.645,-2.61022537999904
235,275,311,4.6525,2.50029584746174
235,275,311,4.66,1.49689930579592
235,275,311,4.6675,0.624152180278694
235,275,311,4.675,-0.54273865694231
235,275,311,4.6825,-1.39205660593178
235,275,311,4.69,-2.66844992680884
235,275,311,4.6975,2.75035480342805
235,275,311,4.705,1.68516040280204
235,275,311,4.7125,0.650746931151743
235,275,311,4.72,-0.18217812938694
235,275,311,4.7275,-1.03530814459085
235,275,311,4.735,-2.19606567764328
235,275,311,4.7425,3.05436799118875
235,275,311,4.75,2.10561932205946
235,275,311,4.7575,1.18117140477017
235,275,311,4.765,0.203077219550856
235,275,311,4.7725,-0.768346159117511
235,275,311,4.78,-1.67800634237448
235,275,311,4.7875,-2.93356557613582
235,275,311,4.795,2.50960460314496
235,275,311,4.8025,1.54028987984729
235,275,311,4.81,0.650777846458622
235,275,311,4.8175,-0.358187444745198
235,275,311,4.825,-1.58952726994153
235,275,311,4.8325,-1.87479503742861
235,275,311,4.84,-1.90414755358691
235,275,311,4.8475,2.79979740092535
235,275,311,4.855,2.58972582836173
235,275,311,4.8625,1.62394011973639
235,275,311,4.87,0.260150057742254
235,275,311,4.8775,-0.14072914926632
235,275,311,4.885,-0.930227629162582
235,275,311,4.8925,-1.96484256589023
235,275,311,4.9,-2.98240821976075
235,275,311,4.9075,2.36450928247141
235,275,311,4.915,1.41638055296576
235,275,311,4.9225,0.448365743501879
235,275,311,4.93,-0.158806340496392
235,275,311,4.9375,-1.13638938938485
235,275,311,4.945,-1.97766489238251
235,275,311,4.9525,-3.01048762588653
235,275,311,4.96,2.26702939979045
235,275,311,4.9675,1.45385368714071
235,275,311,4.975,0.346356137723249
235,275,311,4.9825,-0.630268721182955
235,275,311,4.99,-1.56527218254359
235,275,311,4.9975,-2.83359839826013
235,275,311,5.005,2.66686574060236
235,275,311,5.0125,1.72647563826272
235,275,311,5.02,0.56957612961361
235,275,311,5.0275,-0.768335021923489
235,275,311,5.035,-1.60315298623506
235,275,311,5.0425,-2.67072575911913
235,275,311,5.05,2.62297323723448
235,275,311,5.0575,1.64934700010635
235,275,311,5.065,0.621619554265244
235,275,311,5.0725,0.507622595767687
235,275,311,5.08,2.68661581917602
235,275,311,5.0875,1.09752774770837
235,275,311,5.095,-0.714191873263331
235,275,311,5.1025,-1.25436340011917
235,275,311,5.11,-2.38877187283236
235,275,311,5.1175,2.74775742463872
235,275,311,5.125,2.17644589455702
235,275,311,5.1325,1.3500056803502
235,275,311,5.14,-0.234871270044442
235,275,311,5.1475,-1.1881009550709
235,275,311,5.155,-1.89446477152226
235,275,311,5.1625,-2.54421558956088
235,275,311,5.17,2.4135342686826
235,275,311,5.1775,1.75487700616608
235,275,311,5.185,1.08476225800559
235,275,311,5.1925,0.0400038260083839
235,275,311,5.2,-0.919163688230951
235,275,311,5.2075,-1.96188930693907
235,275,311,5.215,-3.13181299310179
235,275,311,5.2225,2.19121733483391
235,275,311,5.23,1.28393250444484
235,275,311,5.2375,0.156366458748385
235,275,311,5.245,-0.593479437157574
235,275,311,5.2525,-1.63690525383759
235,275,311,5.26,-2.76868729813182
235,275,311,5.2675,2.52768398339667
235,275,311,5.275,1.35738111489454
235,275,311,5.2825,0.160526997998278
235,275,311,5.29,-0.876861716302872
235,275,311,5.2975,-2.03444603884799
235,275,311,5.305,-3.10698283921468
235,275,311,5.3125,1.77318526611152
235,275,311,5.32,0.841314302051204
235,275,311,5.3275,-0.158935873464571
235,275,311,5.335,-1.49873484237961
235,275,311,5.3425,-2.55074509497063
235,275,311,5.35,2.34182835720102
235,275,311,5.3575,1.43933606716762
235,275,311,5.365,0.115568945101944
235,275,311,5.3725,-1.37089479846173
235,275,311,5.38,-2.45620315845205
235,275,311,5.3875,2.97881243713384
235,275,311,5.395,1.73796090235694
235,275,311,5.4025,0.653087656536921
235,275,311,5.41,-0.0766797132438366
235,275,311,5.4175,-1.29682097952186
235,275,311,5.425,-2.26850962164775
235,275,311,5.4325,-3.11375523140537
235,275,311,5.44,2.03865110405031
235,275,311,5.4475,0.929759345720145
235,275,311,5.455,0.116386121097549
235,275,311,5.4625,-1.001358874421
235,275,311,5.47,-2.09520862334583
235,275,311,5.4775,2.91551529785035
235,275,311,5.485,1.99790694092605
235,275,311,5.4925,1.12770456074557
235,275,311,5.5,0.112355738681379
235,275,311,5.5075,-1.03971271185385
235,275,311,5.515,-2.01784820537788
235,275,311,5.5225,-2.73692249257431
235,275,311,5.53,1.97383451001346
235,275,311,5.5375,0.947719583376249
235,275,311,5.545,0.185727559380591
235,275,311,5.5525,-0.871027137454514
235,275,311,5.56,-1.34325139680682
235,275,311,5.5675,-2.04911238593623
235,275,311,5.575,3.11121625732254
235,275,311,5.5825,2.64804670272613
235,275,311,5.59,1.45445280158484
235,275,311,5.5975,0.7494692749276
235,275,311,5.605,-1.0685806929095
235,275,311,5.6125,1.70207582503447
235,275,311,5.62,1.90431863826975
235,275,311,5.6275,-0.197125498122477
235,275,311,5.635,-1.3530192148654
235,275,311,5.6425,3.10735124884376
235,275,311,5.65,1.86245558915367
235,275,311,5.6575,1.05387147320486
235,275,311,5.665,-0.0479405475464827
235,275,311,5.6725,-0.918654710218482
235,275,311,5.68,-2.15410175589745
235,275,311,5.6875,-2.40906149197353
235,275,311,5.695,2.34118000079045
235,275,311,5.7025,1.76624386796888
235,275,311,5.71,0.48673397596395
235,275,311,5.7175,-0.420923934992697
235,275,311,5.725,-1.57905826694225
235,275,311,5.7325,-2.67479436825709
235,275,311,5.74,2.66243391026151
235,275,311,5.7475,1.67543712397577
235,275,311,5.755,0.566590805391082
235,275,311,5.7625,-0.349811732418827
235,275,311,5.77,-1.21009639950495
235,275,311,5.7775,-1.83290545196077
235,275,311,5.785,-2.75989910745212
235,275,311,5.7925,2.70358753414242
235,275,311,5.8,1.95138396803166
235,275,311,5.8075,0.644470789044686
235,275,311,5.815,-0.323340616030272
235,275,311,5.8225,-1.29261016256753
235,275,311,5.83,-2.13798925966059
235,275,311,5.8375,-2.79322917645729
235,275,311,5.845,2.42425545262412
235,275,311,5.8525,1.02283476494719
235,275,311,5.86,1.51301527888306
235,275,311,5.8675,-0.487120956433645
235,275,311,5.875,-0.934006522612611
235,275,311,5.8825,-0.550845595702554
235,275,311,5.89,-1.48073969095121
235,275,311,5.8975,-2.69805987369236
235,275,311,5.905,2.33176963926125
235,275,311,5.9125,1.17788871510086
235,275,311,5.92,0.37570253459133
235,275,311,5.9275,-0.595347148479468
235,275,311,5.935,-2.08392062276126
235,275,311,5.9425,-2.76515884188248
235,275,311,5.95,2.45403707325603
235,275,311,5.9575,2.24751792119203
235,275,311,5.965,1.17306003814371
235,275,311,5.9725,-0.0752782091775245
235,275,311,5.98,-0.730750917828516
235,275,311,5.9875,-2.03457376792645
235,275,311,5.995,-3.10824986209232
235,275,311,6.0025,2.16424747887806
235,275,311,6.01,1.1593881057573
235,275,311,6.0175,0.0805593245763452
235,275,311,6.025,-1.30629845786941
235,275,311,6.0325,-1.7009190613114
235,275,311,6.04,-3.01058947742373
235,275,311,6.0475,-2.57114444237329
235,275,311,6.055,2.6985333915419
235,275,311,6.0625,-0.281494420315004
235,275,311,6.07,1.05509782261378
235,275,311,6.0775,0.89119564107899
235,275,311,6.085,1.45870788326176
235,275,311,6.0925,-0.382261362844263
235,275,311,6.1,-1.80592585326207
235,275,311,6.1075,-1.99851001883242
235,275,311,6.115,-2.87460472531509
235,275,311,6.1225,2.18233733947765
235,275,311,6.13,0.835172604810881
235,275,311,6.1375,-0.194920811516504
235,275,311,6.145,-1.09449109835531
235,275,311,6.1525,-2.11001114476515
235,275,311,6.16,3.11720386030203
235,275,311,6.1675,2.13559044744009
235,275,311,6.175,0.970180242163325
235,275,311,6.1825,0.00991685982114942
235,275,311,6.19,-0.882406850118481
235,275,311,6.1975,-1.82946023622951
235,275,311,6.205,-2.58152213013533
235,275,311,6.2125,2.47936121258533
235,275,311,6.22,1.70769299300353
235,275,311,6.2275,0.784382963194195
235,275,311,6.235,-0.595377223043427
235,275,311,6.2425,-1.12704977459439
235,275,311,6.25,-2.46675869986365
235,275,311,6.2575,2.62261184556121
235,275,311,6.265,2.0210364130998
235,275,311,6.2725,0.625182707315928
235,275,311,6.28,0.672270419551796
235,275,311,6.2875,-0.253576204841281
235,275,311,6.295,-1.53766346096607
235,275,311,6.3025,-1.86122068580503
235,275,311,6.31,2.7716324920718
235,275,311,6.3175,2.10190945161818
235,275,311,6.325,1.49098241130241
235,275,311,6.3325,1.59886806595794
235,275,311,6.34,0.863393455190055
235,275,311,6.3475,-0.538252823671723
235,275,311,6.355,-1.43394974397462
235,275,311,6.3625,-2.18689316588085
235,275,311,6.37,-3.01223734123269
235,275,311,6.3775,2.29144997079424
235,275,311,6.385,1.62141414459617
235,275,311,6.3925,0.0507952165199072
235,275,311,6.4,-1.13476269130623
235,275,311,6.4075,-1.36385758041724
235,275,311,6.415,-2.71685259845028
235,275,311,6.4225,2.64177613312459
235,275,311,6.43,1.6981434528124
235,275,311,6.4375,0.455107964957535
235,275,311,6.445,-0.392938557674825
235,275,311,6.4525,-0.743742174693384
235,275,311,6.46,-1.4902043593058
235,275,311,6.4675,-2.36208797018002
235,275,311,6.475,2.70893024516004
235,275,311,6.4825,1.78091677918694
235,275,311,6.49,0.772809691665985
235,275,311,6.4975,-0.406962257938914
235,275,311,6.505,-1.34567565760656
235,275,311,6.5125,-2.2107130649426
235,275,311,6.52,-3.10742572757853
235,275,311,6.5275,2.35677621392197
235,275,311,6.535,1.55131627584624
235,275,311,6.5425,0.59700834672962
235,275,311,6.55,-0.262866211545181
235,275,311,6.5575,-1.17660252669164
235,275,311,6.565,-2.21589289301562
235,275,311,6.5725,-3.11431721856597
235,275,311,6.58,2.35494929134058
235,275,311,6.5875,1.59180346355657
235,275,311,6.595,1.33223628690717
235,275,311,6.6025,0.220523251603009
235,275,311,6.61,-0.940279826613665
235,275,311,6.6175,-1.7883105582005
235,275,311,6.625,-2.80006563940034
235,275,311,6.6325,2.41136078751861
235,275,311,6.64,1.55276019773111
235,275,311,6.6475,0.48928881902381
235,275,311,6.655,-0.518553946601032
235,275,311,6.6625,-1.48796151228949
235,275,311,6.67,-2.36298660711595
235,275,311,6.6775,-2.7806536837904
235,275,311,6.685,2.88095307159804
235,275,311,6.6925,1.81989603980387
235,275,311,6.7,0.9100121456667
235,275,311,6.7075,-0.0419981274556908
235,275,311,6.715,-0.88579864684361
235,275,311,6.7225,-1.97310691962253
235,275,311,6.73,-2.87625210040573
235,275,311,6.7375,2.29048711421348
235,275,311,6.745,1.11641725873566
235,275,311,6.7525,0.149827469537823
235,275,311,6.76,-1.05890255194846
235,275,311,6.7675,-1.6955097512064
235,275,311,6.775,-2.78485638046412
235,275,311,6.7825,2.56365997972539
235,275,311,6.79,2.15716701460965
235,275,311,6.7975,0.796081950036013
235,275,311,6.805,-0.200328393631342
235,275,311,6.8125,-0.670870866817299
235,275,311,6.82,-1.11328386672262
235,275,311,6.8275,-2.42678914453906
235,275,311,6.835,-2.46538114660992
235,275,311,6.8425,3.11106989176304
235,275,311,6.85,1.86180779279781
235,275,311,6.8575,0.996610031728675
235,275,311,6.865,0.0205289722685996
235,275,311,6.8725,-0.92909109472213
235,275,311,6.88,-1.82292714727406
235,275,311,6.8875,-2.81875070585938
235,275,311,6.895,2.43621773957661
235,275,311,6.9025,1.43501516787089
235,275,311,6.91,0.470841126947064
235,275,311,6.9175,-0.518685465782012
235,275,311,6.925,-1.40624051064833
235,275,311,6.9325,-2.50348443882755
235,275,311,6.94,2.86976261872546
235,275,311,6.9475,1.87411624433138
235,275,311,6.955,0.985574455845989
235,275,311,6.9625,-0.0884316660946116
235,275,311,6.97,-1.0438806342243
235,275,311,6.9775,-1.53693857888245
235,275,311,6.985,-2.62407518209319
235,275,311,6.9925,2.67391304343161
235,275,311,7,1.62851697778544
235,275,311,7.0075,0.694091923976221
235,275,311,7.015,-0.576604997051708
235,275,311,7.0225,-1.43960530980367
235,275,311,7.03,-1.47518738402889
235,275,311,7.0375,-2.8098903971097
235,275,311,7.045,2.72309765347688
235,275,311,7.0525,1.75229964804873
235,275,311,7.06,1.007843510789
235,275,311,7.0675,0.0583425515398002
235,275,311,7.075,-0.0928414094053278
235,275,311,7.0825,-1.52284414972529
235,275,311,7.09,-2.20623299005094
235,275,311,7.0975,2.97553731950604
235,275,311,7.105,2.06826777195253
235,275,311,7.1125,0.997161413451692
235,275,311,7.12,0.00721799724156107
235,275,311,7.1275,-0.965812847882195
235,275,311,7.135,-2.0785838049846
235,275,311,7.1425,-2.86029713495267
235,275,311,7.15,2.57702965225869
235,275,311,7.1575,1.59900323228444
235,275,311,7.165,0.649034965856523
235,275,311,7.1725,0.0468567260608983
235,275,311,7.18,-1.13599661126076
235,275,311,7.1875,-1.72082223489664
235,275,311,7.195,-2.48983770130464
235,275,311,7.2025,2.90622586147782
235,275,311,7.21,1.85387768183815
235,275,311,7.2175,1.2135740505665
235,275,311,7.225,-0.0598226867185553
235,275,311,7.2325,-0.776412459787097
235,275,311,7.24,-1.82430315738474
235,275,311,7.2475,-2.59791939180466
235,275,311,7.255,2.58138944613476
235,275,311,7.2625,1.48453706258921
235,275,311,7.27,0.556940948934346
235,275,311,7.2775,-0.24963213244245
235,275,311,7.285,-1.23291016324717
235,275,311,7.2925,-2.31716358831868
235,275,311,7.3,3.09712570831865
235,275,311,7.3075,1.93324669836185
235,275,311,7.315,1.04425983332162
235,275,311,7.3225,0.31589655989356
235,275,311,7.33,-0.510923068740058
235,275,311,7.3375,-1.3831863120791
235,275,311,7.345,-2.20156003981247
235,275,311,7.3525,-2.96794758715801
235,275,311,7.36,2.1679952904221
235,275,311,7.3675,1.15083258016931
235,275,311,7.375,0.434103250408118
235,275,311,7.3825,-0.568512217111658
235,275,311,7.39,-1.6847083953251
235,275,311,7.3975,-2.48902230099308
235,275,311,7.405,3.06899604811769
235,275,311,7.4125,2.347490910969
235,275,311,7.42,1.59190142922541
235,275,311,7.4275,0.878975791681961
235,275,311,7.435,-0.0295201901982102
235,275,311,7.4425,-1.0417423250673
235,275,311,7.45,-1.83006112188123
235,275,311,7.4575,-2.98031604485127
235,275,311,7.465,2.3762689345039
235,275,311,7.4725,1.48737818153139
235,275,311,7.48,0.319744349284482
235,275,311,7.4875,-0.5984899174309
235,275,311,7.495,-1.68267116287871
235,275,311,7.5025,-2.60336011009663
235,275,311,7.51,2.89101602348541
235,275,311,7.5175,1.85957124398162
235,275,311,7.525,0.812418724677719
235,275,311,7.5325,-0.0946162434705757
235,275,311,7.54,-0.8476420177357
235,275,311,7.5475,-2.0618585314077
235,275,311,7.555,-2.43118970702906
235,275,311,7.5625,2.7270524061381
235,275,311,7.57,2.0773856152054
235,275,311,7.5775,1.04604780449784
235,275,311,7.585,0.15148083966491
235,275,311,7.5925,-0.666749055761089
235,275,311,7.6,-1.47849987644378
235,275,311,7.6075,-2.24304451314833
235,275,311,7.615,-3.11653789232589
235,275,311,7.6225,2.18325564622992
235,275,311,7.63,1.4110010085258
235,275,311,7.6375,0.379661676430822
235,275,311,7.645,-0.639576067968602
235,275,311,7.6525,-1.48174963032976
235,275,311,7.66,-2.54155512867934
235,275,311,7.6675,2.7881939282968
235,275,311,7.675,1.87423894297773
235,275,311,7.6825,0.690609067313288
235,275,311,7.69,0.00929842921257266
235,275,311,7.6975,-0.780704520631838
235,275,311,7.705,-1.75418430131379
235,275,311,7.7125,-2.80845489348014
235,275,311,7.72,2.63244218413543
235,275,311,7.7275,1.82334637303381
235,275,311,7.735,0.930490422753939
235,275,311,7.7425,0.114945303776435
235,275,311,7.75,-0.96207089615182
235,275,311,7.7575,-1.91350437109554
235,275,311,7.765,-2.55775097477552
235,275,311,7.7725,2.50013809481594
235,275,311,7.78,1.72129764722613
235,275,311,7.7875,1.05465190972235
235,275,311,7.795,-0.109052308079947
235,275,311,7.8025,-0.971278572889194
235,275,311,7.81,-1.79827833258304
235,275,311,7.8175,-2.69445137436353
235,275,311,7.825,2.90708740160329
235,275,311,7.8325,1.75446013976755
235,275,311,7.84,0.818273245118797
235,275,311,7.8475,-0.107697335704642
235,275,311,7.855,-1.17689495410217
235,275,311,7.8625,-2.16650911965929
235,275,311,7.87,3.11167167475755
235,275,311,7.8775,2.38972725934527
235,275,311,7.885,1.37108707924707
235,275,311,7.8925,0.334309203192445
235,275,311,7.9,-0.225384437228257
235,275,311,7.9075,-1.30021220333678
235,275,311,7.915,-1.67028163180949
235,275,311,7.9225,-2.75312356261188
235,275,311,7.93,2.84476121997233
235,275,311,7.9375,2.14036103767715
235,275,311,7.945,1.19563147700486
235,275,311,7.9525,-0.0533992468946473
235,275,311,7.96,-0.408579854297988
235,275,311,7.9675,-1.43741356555174
235,275,311,7.975,-2.64891492264637
235,275,311,7.9825,2.84551481296157
235,275,311,7.99,1.76922685368744
235,275,311,7.9975,0.878293017746191
235,275,311,8.005,0.0163020532280572
235,275,311,8.0125,-1.0470683267501
235,275,311,8.02,-1.9473703049519
235,275,311,8.0275,-2.99755758835039
235,275,311,8.035,2.28607908933102
235,275,311,8.0425,1.42089989324951
235,275,311,8.05,0.358291481323551
235,275,311,8.0575,-0.441251407495739
235,275,311,8.065,-1.34224458522655
235,275,311,8.0725,-2.58927931092262
235,275,311,8.08,3.00763503329712
235,275,311,8.0875,2.05760024331729
235,275,311,8.095,0.948803359913475
235,275,311,8.1025,0.300613005810912
235,275,311,8.11,-0.946063986278238
235,275,311,8.1175,-1.55622494206498
235,275,311,8.125,-2.63794242587428
235,275,311,8.1325,3.0601299592583
235,275,311,8.14,2.14145857309677
235,275,311,8.1475,1.36923484345275
235,275,311,8.155,0.255693660014694
235,275,311,8.1625,-0.0216219871018011
235,275,311,8.17,-1.07119761111443
235,275,311,8.1775,-2.1510998826301
235,275,311,8.185,-2.96635626618988
235,275,311,8.1925,2.35464155380837
235,275,311,8.2,1.17615072351984
235,275,311,8.2075,0.41618565431478
235,275,311,8.215,-0.485078976789453
235,275,311,8.2225,-1.39370159744837
235,275,311,8.23,-2.21953714738455
235,275,311,8.2375,2.91730110693348
235,275,311,8.245,2.0017760570304
235,275,311,8.2525,1.14285820234648
235,275,311,8.26,0.123021328535173
235,275,311,8.2675,-0.590739187380545
235,275,311,8.275,-1.6098345899566
235,275,311,8.2825,-2.64164016372177
235,275,311,8.29,2.77128177230043
235,275,311,8.2975,1.82275643529401
235,275,311,8.305,0.886530630556137
235,275,311,8.3125,0.323297773241645
235,275,311,8.32,-0.564614930661281
235,275,311,8.3275,-1.16231604411613
235,275,311,8.335,-2.04054369133448
235,275,311,8.3425,-3.09049382570208
235,275,311,8.35,2.33803034638453
235,275,311,8.3575,1.21676776967704
235,275,311,8.365,0.146494809524348
235,275,311,8.3725,-0.810011042045976
235,275,311,8.38,-1.96170445350368
235,275,311,8.3875,-2.79839271033164
235,275,311,8.395,2.44717606658479
235,275,311,8.4025,1.42758457230733
235,275,311,8.41,0.560827533008184
235,275,311,8.4175,-0.520698723866535
235,275,311,8.425,-1.31797975818153
235,275,311,8.4325,-2.01167532033347
235,275,311,8.44,-2.95492308306431
235,275,311,8.4475,2.68029101773617
235,275,311,8.455,1.51128718063641
235,275,311,8.4625,0.548100505905957
235,275,311,8.47,-0.0993429328382523
235,275,311,8.4775,-0.908251778932058
235,275,311,8.485,-1.78766628931341
235,275,311,8.4925,-2.9807943279417
235,275,311,8.5,2.83332031503254
235,275,311,8.5075,1.9718370688822
235,275,311,8.515,0.87773525376395
235,275,311,8.5225,0.0981251484526136
235,275,311,8.53,-0.775778369441305
235,275,311,8.5375,-1.75223227267638
235,275,311,8.545,-2.57945638682663
235,275,311,8.5525,2.4936769332592
235,275,311,8.56,1.58588526428347
235,275,311,8.5675,0.675751944899011
235,275,311,8.575,-0.353572159819107
235,275,311,8.5825,-1.38442396868471
235,275,311,8.59,-2.22909021642202
235,275,311,8.5975,2.9472690804025
235,275,311,8.605,2.33943700978203
235,275,311,8.6125,1.27002237178203
235,275,311,8.62,0.292153168238847
235,275,311,8.6275,-0.578764449216174
235,275,311,8.635,-1.28540911627112
235,275,311,8.6425,-2.6426703026922
235,275,311,8.65,2.91021883164882
235,275,311,8.6575,1.95620562934216
235,275,311,8.665,0.767932513452323
235,275,311,8.6725,1.31730768106106
235,275,311,8.68,-0.284481486115325
235,275,311,8.6875,-0.406094548207849
235,275,311,8.695,-1.57384595736239
235,275,311,8.7025,-2.42350562402975
235,275,311,8.71,2.81322234804048
235,275,311,8.7175,1.85485049369462
235,275,311,8.725,1.00272081385157
235,275,311,8.7325,-0.033523578535922
235,275,311,8.74,-0.921812695086737
235,275,311,8.7475,-1.94427018746735
235,275,311,8.755,-3.06486244209888
235,275,311,8.7625,2.32257178726175
235,275,311,8.77,1.28360381974668
235,275,311,8.7775,0.17766029420593
235,275,311,8.785,-0.732723606182468
235,275,311,8.7925,-1.63769995748264
235,275,311,8.8,-2.60867043631165
235,275,311,8.8075,2.76343428555299
235,275,311,8.815,1.71826864174982
235,275,311,8.8225,0.797487005060461
235,275,311,8.83,0.179370633283868
235,275,311,8.8375,-1.14668575187482
235,275,311,8.845,-1.8857957862556
235,275,311,8.8525,-2.82396205020016
235,275,311,8.86,2.71887347153684
235,275,311,8.8675,1.96238659404568
235,275,311,8.875,0.994159484035778
235,275,311,8.8825,-0.224928575326395
235,275,311,8.89,-0.601870865112014
235,275,311,8.8975,-1.38024603198693
235,275,311,8.905,-2.52796537286631
235,275,311,8.9125,-2.95057889737729
235,275,311,8.92,2.07823180763667
235,275,311,8.9275,1.49798592835115
235,275,311,8.935,0.554757878635626
235,275,311,8.9425,-0.58209218778999
235,275,311,8.95,-1.33681895023179
235,275,311,8.9575,-2.19408720987327
235,275,311,8.965,-2.89406681204844
235,275,311,8.9725,2.41605897493481
235,275,311,8.98,1.18087713893398
235,275,311,8.9875,0.439238364167527
235,275,311,8.995,-0.565140266831166
235,275,311,9.0025,-1.62473933422576
235,275,311,9.01,-2.23478029985024
235,275,311,9.0175,2.75046975155079
235,275,311,9.025,1.85407882663127
235,275,311,9.0325,1.00812556361941
235,275,311,9.04,-0.0879733885386131
235,275,311,9.0475,-0.908817053026563
235,275,311,9.055,-1.62109243383343
235,275,311,9.0625,-2.29661018367441
235,275,311,9.07,2.78045608307082
235,275,311,9.0775,2.05185286600212
235,275,311,9.085,1.18870940052858
235,275,311,9.0925,-0.0190728503824476
235,275,311,9.1,-0.726921243876786
235,275,311,9.1075,-1.66304902349826
235,275,311,9.115,-2.58773868738872
235,275,311,9.1225,2.64625761200986
235,275,311,9.13,1.70941941615058
235,275,311,9.1375,0.700047001514274
235,275,311,9.145,-0.0844188125471778
235,275,311,9.1525,-1.21235345591096
235,275,311,9.16,-2.31158915818292
235,275,311,9.1675,-2.96999526783674
235,275,311,9.175,1.96465451080821
235,275,311,9.1825,1.30153982264176
235,275,311,9.19,0.0526472821604955
235,275,311,9.1975,-0.5232904157471
235,275,311,9.205,-1.85663472330264
235,275,311,9.2125,-1.93684803337571
235,275,311,9.22,-2.73918107403651
235,275,311,9.2275,-3.1053155989733
235,275,311,9.235,1.69223645631704
235,275,311,9.2425,1.00317085776425
235,275,311,9.25,0.156135672598808
235,275,311,9.2575,-0.528052058253603
235,275,311,9.265,-1.6526408099074
235,275,311,9.2725,-2.67151510020978
235,275,311,9.28,2.74740738105936
235,275,311,9.2875,1.61549012049964
235,275,311,9.295,0.90062584443697
235,275,311,9.3025,-0.027197485043559
235,275,311,9.31,-1.20294851824196
235,275,311,9.3175,-2.00012495306252
235,275,311,9.325,-3.12886412369495
235,275,311,9.3325,2.30564382998393
235,275,311,9.34,1.25306838534627
235,275,311,9.3475,0.344536877272564
235,275,311,9.355,-0.552524085302582
235,275,311,9.3625,-1.69902208475754
235,275,311,9.37,-2.67995694043945
235,275,311,9.3775,2.94947732942643
235,275,311,9.385,1.63221300025573
235,275,311,9.3925,0.873145643157365
235,275,311,9.4,0.253120783445409
235,275,311,9.4075,-0.714017882863397
235,275,311,9.415,-1.49468042933955
235,275,311,9.4225,-2.04438797557775
235,275,311,9.43,3.10901281737199
235,275,311,9.4375,2.38767449508526
235,275,311,9.445,1.62173875044518
235,275,311,9.4525,0.631504243921542
235,275,311,9.46,-0.22892350815394
235,275,311,9.4675,-0.911682077320306
235,275,311,9.475,-1.7955221094003
235,275,311,9.4825,-2.94622411453627
235,275,311,9.49,2.41201742151814
235,275,311,9.4975,1.65998631947672
235,275,311,9.505,0.51706366308038
235,275,311,9.5125,-0.441384544595892
235,275,311,9.52,-1.59367038444302
235,275,311,9.5275,-2.39427510585378
235,275,311,9.535,2.83757423017987
235,275,311,9.5425,1.90014274861861
235,275,311,9.55,0.814885299078513
235,275,311,9.5575,0.161697251884681
235,275,311,9.565,-0.872217943145587
235,275,311,9.5725,-1.69031768409779
235,275,311,9.58,-2.56573525587049
235,275,311,9.5875,2.72958837087655
235,275,311,9.595,1.5194936971917
235,275,311,9.6025,0.900847173289659
235,275,311,9.61,-0.187193318813934
235,275,311,9.6175,-1.24719966825087
235,275,311,9.625,-2.02572934001154
235,275,311,9.6325,-2.82748390178317
235,275,311,9.64,2.68418001860544
235,275,311,9.6475,1.89637580132436
235,275,311,9.655,0.636745021345381
235,275,311,9.6625,0.00733019904101892
235,275,311,9.67,-0.773707163461019
235,275,311,9.6775,-1.88127090700472
235,275,311,9.685,-2.64333398887357
235,275,311,9.6925,3.0841652533305
235,275,311,9.7,1.89024981919705
235,275,311,9.7075,0.822350515419804
235,275,311,9.715,0.618574162128805
235,275,311,9.7225,-0.65861721492244
235,275,311,9.73,-1.35445113591195
235,275,311,9.7375,-2.31881181501504
235,275,311,9.745,2.90914265247241
235,275,311,9.7525,2.29602586946283
235,275,311,9.76,1.48847261593845
235,275,311,9.7675,0.465503664064187
235,275,311,9.775,-0.705032413816192
235,275,311,9.7825,-1.30155006212086
235,275,311,9.79,-2.40255194147253
235,275,311,9.7975,2.89731291249314
235,275,311,9.805,2.05212039377973
235,275,311,9.8125,0.94148927623946
235,275,311,9.82,0.123267696561251
235,275,311,9.8275,-0.935056135332519
235,275,311,9.835,-1.89058204164291
235,275,311,9.8425,-2.90548008377794
235,275,311,9.85,2.5855823721021
235,275,311,9.8575,1.45303562425681
235,275,311,9.865,0.676745435754448
235,275,311,9.8725,-0.391647097171601
235,275,311,9.88,-1.34896440001496
235,275,311,9.8875,-2.37091575281432
235,275,311,9.895,2.92644794802345
235,275,311,9.9025,1.90284365837633
235,275,311,9.91,1.00279485417619
235,275,311,9.9175,-0.104452987421442
235,275,311,9.925,-1.18238376048371
235,275,311,9.9325,-1.89742475942439
235,275,311,9.94,-3.03972352940182
235,275,311,9.9475,1.81680595577351
235,275,311,9.955,-3.08867820970705
235,275,311,9.9625,1.59391671806362
235,275,311,9.97,1.44842849619077
235,275,311,9.9775,0.600828036491394
235,275,311,9.985,-0.681902353139739
235,275,311,9.9925,-1.90170130978642
235,275,311,10,-2.49964554269627
235,275,311,10.0075,3.03476541654735
235,275,311,10.015,1.82494570816909
235,275,311,10.0225,0.781640816885056
235,275,311,10.03,-0.234480583043633
235,275,311,10.0375,-0.943491229432997
235,275,311,10.045,-1.82254501895014
235,275,311,10.0525,-3.0275830334901
235,275,311,10.06,2.24294729670441
235,275,311,10.0675,1.35439948516665
235,275,311,10.075,0.531937507075107
235,275,311,10.0825,-0.456078114200552
235,275,311,10.09,-1.54775824286758
235,275,311,10.0975,-2.41675366310785
235,275,311,10.105,3.08433437275615
235,275,311,10.1125,1.97013026919225
235,275,311,10.12,1.13792979329748
235,275,311,10.1275,0.212093643657151
235,275,311,10.135,-0.610058385331169
235,275,311,10.1425,-1.76823915186813
235,275,311,10.15,-2.81927908002184
235,275,311,10.1575,2.8057175053005
235,275,311,10.165,2.1276842739223
235,275,311,10.1725,0.740823327345095
235,275,311,10.18,-0.00705696198267248
235,275,311,10.1875,-0.700057011471138
235,275,311,10.195,-1.36281308224537
235,275,311,10.2025,-2.21675246621787
235,275,311,10.21,3.08037712592027
235,275,311,10.2175,2.05683984078241
235,275,311,10.225,1.35539152807672
235,275,311,10.2325,0.62751130830698
235,275,311,10.24,-0.648244822506239
235,275,311,10.2475,-1.42221378745966
235,275,311,10.255,-2.46923424765466
235,275,311,10.2625,2.65490919063861
235,275,311,10.27,1.87500349806054
235,275,311,10.2775,1.07829946775861
235,275,311,10.285,-0.0880455837109566
235,275,311,10.2925,-0.806240926522693
235,275,311,10.3,-2.0389384672128
235,275,311,10.3075,-2.83430290115071
235,275,311,10.315,2.45706803584349
235,275,311,10.3225,2.083229930105
235,275,311,10.33,0.929120264789977
235,275,311,10.3375,-0.267198806948507
235,275,311,10.345,-0.582079547514661
235,275,311,10.3525,-1.6633876985134
235,275,311,10.36,-2.47099561851576
235,275,311,10.3675,2.75810486672527
235,275,311,10.375,1.77324620046068
235,275,311,10.3825,0.616379062943858
235,275,311,10.39,-0.306594079075402
235,275,311,10.3975,-1.04051128993287
235,275,311,10.405,-2.23468993627531
235,275,311,10.4125,-2.71633987628865
235,275,311,10.42,2.56005403614556
235,275,311,10.4275,0.907029763957994
235,275,311,10.435,1.05469739600234
235,275,311,10.4425,-0.288829263254878
235,275,311,10.45,-1.11280936569093
235,275,311,10.4575,-1.13373003398757
235,275,311,10.465,-1.80785595425695
235,275,311,10.4725,2.98616518506495
235,275,311,10.48,2.13983427930546
235,275,311,10.4875,1.25056015281878
235,275,311,10.495,0.167524665966397
235,275,311,10.5025,-0.367947596870376
235,275,311,10.51,-1.48621655387133
235,275,311,10.5175,-1.81434703799939
235,275,311,10.525,3.04728968438809
235,275,311,10.5325,2.70239200954746
235,275,311,10.54,1.92153800375869
235,275,311,10.5475,0.43679741729576
235,275,311,10.555,-0.355669376763093
235,275,311,10.5625,-1.45579173091141
235,275,311,10.57,-2.49785900138231
235,275,311,10.5775,2.81911040316576
235,275,311,10.585,1.78347520293184
235,275,311,10.5925,0.867030508338758
235,275,311,10.6,-0.249842565126257
235,275,311,10.6075,-1.18689926058478
235,275,311,10.615,-2.31056395689484
235,275,311,10.6225,2.90947260704241
235,275,311,10.63,1.91364891995922
235,275,311,10.6375,0.848371543543791
235,275,311,10.645,-0.0323621352420283
235,275,311,10.6525,-0.819062963601604
235,275,311,10.66,-1.60710567202475
235,275,311,10.6675,2.99233709574745
235,275,311,10.675,2.69014733448225
235,275,311,10.6825,1.39981965738825
235,275,311,10.69,0.00468515667127001
235,275,311,10.6975,-0.630124750738443
235,275,311,10.705,-1.96679755895248
235,275,311,10.7125,-2.64169705518662
235,275,311,10.72,-2.22656409672006
235,275,311,10.7275,-0.655560683522975
235,275,311,10.735,-1.92008349228823
235,275,311,10.7425,2.62246640534084
235,275,311,10.75,1.72694740836046
235,275,311,10.7575,0.783397299172475
235,275,311,10.765,-0.505899701751297
235,275,311,10.7725,-1.41138751631166
235,275,311,10.78,-2.20857952191108
235,275,311,10.7875,-2.99805916387485
235,275,311,10.795,2.14028250319333
235,275,311,10.8025,1.19218000909594
235,275,311,10.81,-0.0184736648046138
235,275,311,10.8175,-0.938954956861255
235,275,311,10.825,-2.03838074730112
235,275,311,10.8325,-3.09931219731565
235,275,311,10.84,2.04486424250523
235,275,311,10.8475,1.54585511155262
235,275,311,10.855,0.442661227405189
235,275,311,10.8625,-0.462930254570496
235,275,311,10.87,-1.48044048968853
235,275,311,10.8775,-2.69438787278282
235,275,311,10.885,2.75705600445836
235,275,311,10.8925,1.67713082553916
235,275,311,10.9,0.717804071232624
235,275,311,10.9075,-0.303799308013379
235,275,311,10.915,-1.21808052430295
235,275,311,10.9225,-1.56917174651023
235,275,311,10.93,-2.61242500066471
235,275,311,10.9375,2.62010024125765
235,275,311,10.945,2.10953435512847
235,275,311,10.9525,0.38284904920379
235,275,311,10.96,-0.668373724218872
235,275,311,10.9675,-1.40484844085609
235,275,311,10.975,-2.72900100622822
235,275,311,10.9825,2.74533234170463
235,275,311,10.99,2.91819027635077
235,275,311,10.9975,2.54320135528942
235,275,311,11.005,1.98206162599118
235,275,311,11.0125,1.55435656921451
235,275,311,11.02,-0.326283315286601
235,275,311,11.0275,-1.11988223294998
235,275,311,11.035,-1.39585400258931
235,275,311,11.0425,-3.01414676030615
235,275,311,11.05,2.34581990484672
235,275,311,11.0575,1.7922679361544
235,275,311,11.065,0.562523612259842
235,275,311,11.0725,-0.191142857862009
235,275,311,11.08,-1.3895770337988
235,275,311,11.0875,-2.13202277570421
235,275,311,11.095,3.06395372773193
235,275,311,11.1025,2.14343869765041
235,275,311,11.11,1.28800623326052
235,275,311,11.1175,0.490147300964443
235,275,311,11.125,-0.752560920152857
235,275,311,11.1325,-1.45735805993617
235,275,311,11.14,-2.75234406821137
235,275,311,11.1475,2.63238851906151
235,275,311,11.155,1.33012951922913
235,275,311,11.1625,0.440635430880983
235,275,311,11.17,-0.0582506283205811
235,275,311,11.1775,-1.41217877381402
235,275,311,11.185,-2.2694165213613
235,275,311,11.1925,2.83932114915142
235,275,311,11.2,2.82939396151911
235,275,311,11.2075,1.19147010984725
235,275,311,11.215,0.485360247341499
235,275,311,11.2225,-1.3646987561907
235,275,311,11.23,-0.888535180407535
235,275,311,11.2375,0.271252631494382
235,275,311,11.245,-1.07338074899138
235,275,311,11.2525,-2.37335008454876
235,275,311,11.26,2.99178655903661
235,275,311,11.2675,2.06594044144151
235,275,311,11.275,0.962770581754455
235,275,311,11.2825,-0.000317121293300555
235,275,311,11.29,-1.04269099213574
235,275,311,11.2975,-2.23123350769472
235,275,311,11.305,-3.09427795122599
235,275,311,11.3125,2.04233928329627
235,275,311,11.32,1.26412455143651
235,275,311,11.3275,0.0980367248685649
235,275,311,11.335,-1.02977792494077
235,275,311,11.3425,-1.86219820367117
235,275,311,11.35,-2.89354038937496
235,275,311,11.3575,2.73225165470022
235,275,311,11.365,1.52060541611819
235,275,311,11.3725,0.248933904381194
235,275,311,11.38,-0.140708909482691
235,275,311,11.3875,-1.40326168393915
235,275,311,11.395,-2.46654554216672
235,275,311,11.4025,3.09189238483824
235,275,311,11.41,1.87206147678086
235,275,311,11.4175,1.09786911508096
235,275,311,11.425,0.17803058701491
235,275,311,11.4325,-1.60293602468109
235,275,311,11.44,-2.37283020580777
235,275,311,11.4475,-2.34917464510409
235,275,311,11.455,1.73037236323974
235,275,311,11.4625,-1.2002982562412
235,275,311,11.47,2.97441523348032
235,275,311,11.4775,1.98536240213398
235,275,311,11.485,1.18781788327819
235,275,311,11.4925,-0.0845608688963395
235,275,311,11.5,-0.0754740545980322
235,275,311,11.5075,-1.76792325990211
235,275,311,11.515,-2.9118653518825
235,275,311,11.5225,2.71343988499721
235,275,311,11.53,1.52919624957123
235,275,311,11.5375,0.39562730747249
235,275,311,11.545,-0.551755070470969
235,275,311,11.5525,-1.80375878358527
235,275,311,11.56,-2.44570335281507
235,275,311,11.5675,2.62199510995366
235,275,311,11.575,1.97008368973125
235,275,311,11.5825,1.07135550725004
235,275,311,11.59,0.166764107534524
235,275,311,11.5975,-0.92463831138033
235,275,311,11.605,-1.88036226483332
235,275,311,11.6125,-2.80233969854871
235,275,311,11.62,2.49051138175321
235,275,311,11.6275,1.74873625345568
235,275,311,11.635,0.783835371982757
235,275,311,11.6425,-0.395541763675767
235,275,311,11.65,-1.38956323998234
235,275,311,11.6575,-2.4920542341915
235,275,311,11.665,2.83470123602572
235,275,311,11.6725,1.92905871709301
235,275,311,11.68,0.982180787443607
235,275,311,11.6875,-0.261999494676638
235,275,311,11.695,-1.28131643056195
235,275,311,11.7025,-2.34270220216613
235,275,311,11.71,3.11113469465943
235,275,311,11.7175,1.94332914187351
235,275,311,11.725,0.739829382221157
235,275,311,11.7325,0.143708818957792
235,275,311,11.74,-1.50411785115768
235,275,311,11.7475,3.00037636817246
235,275,311,11.755,-0.155196786489526
235,275,311,11.7625,-0.7663303438735
235,275,311,11.77,-1.6530103580967
235,275,311,11.7775,-2.4233652015596
235,275,311,11.785,2.2718204946987
235,275,311,11.7925,1.57979541253278
235,275,311,11.8,0.507496342454208
235,275,311,11.8075,-0.488535342704014
235,275,311,11.815,-1.38812625924225
235,275,311,11.8225,-2.3890517132997
235,275,311,11.83,2.81796344568864
235,275,311,11.8375,1.65050046436593
235,275,311,11.845,0.891412404241819
235,275,311,11.8525,-0.301586256668705
235,275,311,11.86,-1.24152282116292
235,275,311,11.8675,-2.21993607095215
235,275,311,11.875,3.12225224873301
235,275,311,11.8825,2.03917679089652
235,275,311,11.89,1.12205883182029
235,275,311,11.8975,0.157783070697955
235,275,311,11.905,-0.669283207455925
235,275,311,11.9125,-1.77738841125179
235,275,311,11.92,-2.99942768425732
235,275,311,11.9275,2.66920899688291
235,275,311,11.935,1.15777599073175
235,275,311,11.9425,0.435558183576853
235,275,311,11.95,-1.12083793496617
235,275,311,11.9575,-1.95780542985254
235,275,311,11.965,2.98283001368053
235,275,311,11.9725,3.06770193962028
235,275,311,11.98,1.32318955427572
235,275,311,11.9875,-3.04622968134422
235,275,311,11.995,2.53991620461889
235,275,311,12.0025,0.199876204432178
235,275,311,12.01,0.547868896153108
235,275,311,12.0175,-1.17819704910328
235,275,311,12.025,-1.56636789709683
235,275,311,12.0325,-1.94836127923272
235,275,311,12.04,2.39178708628177
235,275,311,12.0475,1.91168269858477
235,275,311,12.055,0.498522697804536
235,275,311,12.0625,-0.154501294259444
235,275,311,12.07,-1.19967661132347
235,275,311,12.0775,-2.09523175343323
235,275,311,12.085,-3.04267229421182
235,275,311,12.0925,2.28533224514228
235,275,311,12.1,1.00021648123047
235,275,311,12.1075,0.152026493630406
235,275,311,12.115,-1.0002124863508
235,275,311,12.1225,-2.15692403890781
235,275,311,12.13,-3.11455797142631
235,275,311,12.1375,1.98140204835209
235,275,311,12.145,1.20879267411539
235,275,311,12.1525,-0.0693992019218745
235,275,311,12.16,-0.784385518217233
235,275,311,12.1675,-1.54453868265062
235,275,311,12.175,-2.10867516873823
235,275,311,12.1825,-1.97511009444821
235,275,311,12.19,2.26018950633641
235,275,311,12.1975,1.58710947298361
235,275,311,12.205,1.26246521365943
235,275,311,12.2125,-0.243692629414719
235,275,311,12.22,3.12895299336918
235,275,311,12.2275,-1.46602166752077
235,275,311,12.235,-0.553728215679962
235,275,311,12.2425,-2.49247965425483
235,275,311,12.25,2.56842994562709
235,275,311,12.2575,1.69092160459893
235,275,311,12.265,0.63221310341215
235,275,311,12.2725,0.135316600132309
235,275,311,12.28,-1.29657157699017
235,275,311,12.2875,-1.8590212344189
235,275,311,12.295,-2.82032855261324
235,275,311,12.3025,2.5715948924941
235,275,311,12.31,1.22401284178954
235,275,311,12.3175,0.42500947289158
235,275,311,12.325,-0.782549935697845
235,275,311,12.3325,-1.53802507994754
235,275,311,12.34,-2.82374985710667
235,275,311,12.3475,2.64147812558708
235,275,311,12.355,1.41222036295545
235,275,311,12.3625,0.524822688973366
235,275,311,12.37,-0.825884080215388
235,275,311,12.3775,-1.50859266231851
235,275,311,12.385,-2.35080158657361
235,275,311,12.3925,2.73179599159759
235,275,311,12.4,2.25667034242006
235,275,311,12.4075,0.998837572055486
235,275,311,12.415,-0.0764772710181547
235,275,311,12.4225,-0.37943565897206
235,275,311,12.43,-1.3473946939313
235,275,311,12.4375,-2.44512440008823
235,275,311,12.445,2.54073130579269
235,275,311,12.4525,1.84884786973133
235,275,311,12.46,0.825658380474585
235,275,311,12.4675,-0.0264325126689635
235,275,311,12.475,-2.11344358748791
235,275,311,12.4825,-2.18972676683049
235,275,311,12.49,2.05714515806815
235,275,311,12.4975,-0.281043456983396
235,275,311,12.505,-0.541080618656801
235,275,311,12.5125,-3.04298382956603
235,275,311,12.52,1.77125836302576
235,275,311,12.5275,0.863801705485169
235,275,311,12.535,-0.295053903790117
235,275,311,12.5425,-1.24861384703613
235,275,311,12.55,-2.21866817587111
235,275,311,12.5575,-2.83021364335968
235,275,311,12.565,2.36881950857475
235,275,311,12.5725,1.25141648103414
235,275,311,12.58,0.119151106967295
235,275,311,12.5875,-0.542919541427565
235,275,311,12.595,-2.19162783786851
235,275,311,12.6025,-2.87576524746992
235,275,311,12.61,2.56506783207292
235,275,311,12.6175,1.58758039277205
235,275,311,12.625,0.591427334925163
235,275,311,12.6325,-0.438606649515237
235,275,311,12.64,-1.56924795834911
235,275,311,12.6475,-2.45885995882847
235,275,311,12.655,2.82250354902036
235,275,311,12.6625,2.04645717572097
235,275,311,12.67,0.967477112891413
235,275,311,12.6775,-0.377542921170677
235,275,311,12.685,-1.21617943916515
235,275,311,12.6925,-2.4200569519132
235,275,311,12.7,3.07991035806742
235,275,311,12.7075,1.61113411510337
235,275,311,12.715,0.887568214530614
235,275,311,12.7225,-0.0575667188392286
235,275,311,12.73,-1.41371742066648
235,275,311,12.7375,3.1187507467995
235,275,311,12.745,2.51971018309468
235,275,311,12.7525,1.34392393766179
235,275,311,12.76,-1.3993351801505
235,275,311,12.7675,-1.88488700361519
235,275,311,12.775,-3.05277776283027
235,275,311,12.7825,1.77216521896571
235,275,311,12.79,0.800622390675902
235,275,311,12.7975,-0.66273793137386
235,275,311,12.805,-1.77127106440737
235,275,311,12.8125,-2.16926810259089
235,275,311,12.82,2.35677372346493
235,275,311,12.8275,1.52557022592095
235,275,311,12.835,0.713801585191484
235,275,311,12.8425,-0.433240065776029
235,275,311,12.85,-1.50989235929119
235,275,311,12.8575,-2.67229178373232
235,275,311,12.865,2.76145335273535
235,275,311,12.8725,1.77424170884853
235,275,311,12.88,1.08475519307661
235,275,311,12.8875,0.395919129790208
235,275,311,12.895,-0.759260255704881
235,275,311,12.9025,-1.53290948595085
235,275,311,12.91,-2.50676679982267
235,275,311,12.9175,2.28536441245155
235,275,311,12.925,2.03743759558618
235,275,311,12.9325,0.539559700155147
235,275,311,12.94,-0.377054198931887
235,275,311,12.9475,-1.68982271442911
235,275,311,12.955,-2.93742459910091
235,275,311,12.9625,-3.03018638627011
235,275,311,12.97,2.69289437453899
235,275,311,12.9775,0.365725169017573
235,275,311,12.985,0.0843070185672668
235,275,311,12.9925,-0.721912454546853
235,275,311,13,-0.117953483176351
235,275,311,13.0075,-0.256456862761726
235,275,311,13.015,-1.67174978483641
235,275,311,13.0225,-2.62859807192928
235,275,311,13.03,2.78366293779577
235,275,311,13.0375,2.09895594011081
235,275,311,13.045,0.678809707067345
235,275,311,13.0525,-0.425443556889028
235,275,311,13.06,-1.48778804800265
235,275,311,13.0675,-1.96678595770665
235,275,311,13.075,3.01970538366397
235,275,311,13.0825,1.78238802686126
235,275,311,13.09,0.95976352072481
235,275,311,13.0975,-0.0467806980082456
235,275,311,13.105,-0.691337336706921
235,275,311,13.1125,-1.97150476347997
235,275,311,13.12,-2.46859543132804
235,275,311,13.1275,2.80858824941719
235,275,311,13.135,2.36486751818698
235,275,311,13.1425,0.495775689746175
235,275,311,13.15,-0.337942945155439
235,275,311,13.1575,-1.25697861874137
235,275,311,13.165,-2.13377256343893
235,275,311,13.1725,2.93582464367774
235,275,311,13.18,2.07141485116838
235,275,311,13.1875,0.787767106237882
235,275,311,13.195,-0.00839229323697383
235,275,311,13.2025,-1.550479288769
235,275,311,13.21,-2.03520231708581
235,275,311,13.2175,2.61941041388995
235,275,311,13.225,2.14453137371085
235,275,311,13.2325,1.37305370184589
235,275,311,13.24,-0.761631790042182
235,275,311,13.2475,0.395468248136047
235,275,311,13.255,2.11992713751588
235,275,311,13.2625,0.992417033132385
235,275,311,13.27,0.168686255532588
235,275,311,13.2775,-2.04961364525332
235,275,311,13.285,-2.65246634340277
235,275,311,13.2925,2.68636401899674
235,275,311,13.3,1.59811824406756
235,275,311,13.3075,0.799173607874857
235,275,311,13.315,-0.254862062689137
235,275,311,13.3225,-1.18084547515464
235,275,311,13.33,-2.22672592441362
235,275,311,13.3375,2.81817540657034
235,275,311,13.345,1.80889666253943
235,275,311,13.3525,1.00119290689187
235,275,311,13.36,-0.180877908381755
235,275,311,13.3675,-0.861477235100867
235,275,311,13.375,-2.13201999231344
235,275,311,13.3825,2.97180512827301
235,275,311,13.39,2.07887016091508
235,275,311,13.3975,1.46238814289316
235,275,311,13.405,0.210530108363706
235,275,311,13.4125,-0.562917521769934
235,275,311,13.42,-1.74969749187483
235,275,311,13.4275,-2.89515142462016
235,275,311,13.435,2.47081927008649
235,275,311,13.4425,1.4425044583621
235,275,311,13.45,0.74429215935228
235,275,311,13.4575,-0.225477336559443
235,275,311,13.465,-0.801651930587508
235,275,311,13.4725,-2.56623746529285
235,275,311,13.48,2.7389340651711
235,275,311,13.4875,2.78404477347499
235,275,311,13.495,0.6572985982391
235,275,311,13.5025,2.40861760870127
235,275,311,13.51,1.43398441752758
235,275,311,13.5175,0.317332190849758
235,275,311,13.525,-0.717453402542831
235,275,311,13.5325,-1.8709042912449
235,275,311,13.54,-2.90394987138685
235,275,311,13.5475,2.30760327360141
235,275,311,13.555,1.85008748779275
235,275,311,13.5625,0.90558549034444
235,275,311,13.57,0.0876719531600495
235,275,311,13.5775,-1.09915559849019
235,275,311,13.585,-1.36326343002493
235,275,311,13.5925,-2.4597441868064
235,275,311,13.6,2.26776613937756
235,275,311,13.6075,1.99055842549687
235,275,311,13.615,0.467881180524363
235,275,311,13.6225,-0.0586282589917464
235,275,311,13.63,-0.70994736035578
235,275,311,13.6375,-2.32515757739236
235,275,311,13.645,-3.05527977426615
235,275,311,13.6525,2.33148850117704
235,275,311,13.66,1.36370982585872
235,275,311,13.6675,0.245180037464304
235,275,311,13.675,-0.545193154234997
235,275,311,13.6825,-1.44031041133174
235,275,311,13.69,-2.38412995842118
235,275,311,13.6975,2.88839568100627
235,275,311,13.705,1.87722974749454
235,275,311,13.7125,1.38145152690207
235,275,311,13.72,0.0106288750296336
235,275,311,13.7275,-1.19944565274887
235,275,311,13.735,-1.73471542977177
235,275,311,13.7425,-2.8693176817607
235,275,311,13.75,2.68242643403373
235,275,311,13.7575,2.01398086579895
235,275,311,13.765,0.526982788313885
235,275,311,13.7725,-0.166895988301159
235,275,311,13.78,-0.337294485857366
235,275,311,13.7875,-1.12743195444688
235,275,311,13.795,-1.40951797124173
235,275,311,13.8025,-3.05661111077455
235,275,311,13.81,1.88191799780003
235,275,311,13.8175,1.98615024608079
235,275,311,13.825,1.05847164295617
235,275,311,13.8325,0.515875337714836
235,275,311,13.84,-1.28869976817212
235,275,311,13.8475,-1.80910384925298
235,275,311,13.855,-2.86174465785535
235,275,311,13.8625,2.72923376706062
235,275,311,13.87,1.53483554871809
235,275,311,13.8775,0.544366890325913
235,275,311,13.885,-0.764127012043618
235,275,311,13.8925,-1.38117212932259
235,275,311,13.9,-2.48805095356152
235,275,311,13.9075,2.78304613330076
235,275,311,13.915,1.62605906080201
235,275,311,13.9225,0.805972541511979
235,275,311,13.93,-0.0901421766692892
235,275,311,13.9375,-1.12337616152491
235,275,311,13.945,-2.58078477870948
235,275,311,13.9525,2.82939552211564
235,275,311,13.96,2.12880087145497
235,275,311,13.9675,0.965941213633541
235,275,311,13.975,0.375714850800965
235,275,311,13.9825,-1.13853271757906
235,275,311,13.99,-1.8619923769397
235,275,311,13.9975,-1.83153133428453
235,275,311,14.005,1.93830855883372
235,275,311,14.0125,-2.57993520956837
235,275,311,14.02,-3.03279368028494
235,275,311,14.0275,2.027934003201
235,275,311,14.035,0.874817874310313
235,275,311,14.0425,-0.330411554917776
235,275,311,14.05,-0.906443435726307
235,275,311,14.0575,-2.10409459105005
235,275,311,14.065,-2.9966050468503
235,275,311,14.0725,2.0806238893661
235,275,311,14.08,1.24318239430151
235,275,311,14.0875,-0.025535518072366
235,275,311,14.095,-0.798856511592595
235,275,311,14.1025,-1.66296785431798
235,275,311,14.11,-2.99420009484051
235,275,311,14.1175,2.68220269807739
235,275,311,14.125,1.67345935991537
235,275,311,14.1325,0.275711804147314
235,275,311,14.14,-0.353501241135026
235,275,311,14.1475,-1.5441489641098
235,275,311,14.155,-2.38373440247436
235,275,311,14.1625,-3.12821555494865
235,275,311,14.17,2.07929927920619
235,275,311,14.1775,1.34211684844926
235,275,311,14.185,0.235462546851736
235,275,311,14.1925,-0.340638567606363
235,275,311,14.2,-1.92031753225494
235,275,311,14.2075,-2.79977273497901
235,275,311,14.215,2.86126634306811
235,275,311,14.2225,1.60508701645898
235,275,311,14.23,0.702923723286028
235,275,311,14.2375,-0.492006060367816
235,275,311,14.245,-1.04473605544387
235,275,311,14.2525,-2.67555479979637
235,275,311,14.26,-2.57189790452955
235,275,311,14.2675,-2.89317439627273
235,275,311,14.275,-2.94620290913093
235,275,311,14.2825,1.88175671148943
235,275,311,14.29,-0.0262885345341194
235,275,311,14.2975,-0.248610261337436
235,275,311,14.305,-0.33784481284585
235,275,311,14.3125,-3.07708408088098
235,275,311,14.32,2.63261130158411
235,275,311,14.3275,2.16371604001905
235,275,311,14.335,0.307350466306642
235,275,311,14.3425,0.762762138972231
235,275,311,14.35,-0.00929972474924099
235,275,311,14.3575,-0.750990930696789
235,275,311,14.365,-1.93631456962211
235,275,311,14.3725,-3.0648670726239
235,275,311,14.38,1.95189058844075
235,275,311,14.3875,1.36643076900267
235,275,311,14.395,-0.162461978865693
235,275,311,14.4025,-0.30501941478606
235,275,311,14.41,-1.59217697176678
235,275,311,14.4175,-2.7693849683264
235,275,311,14.425,-3.06432212598032
235,275,311,14.4325,1.80433318971506
235,275,311,14.44,0.726925500380583
235,275,311,14.4475,-0.164079283213416
235,275,311,14.455,-1.16225008699089
235,275,311,14.4625,-2.0425919582731
235,275,311,14.47,2.65935730851226
235,275,311,14.4775,2.21345617461645
235,275,311,14.485,0.964572553930203
235,275,311,14.4925,-0.646115916679771
235,275,311,14.5,-0.449852585739749
235,275,311,14.5075,-1.29911214919887
235,275,311,14.515,-2.96552574350884
235,275,311,14.5225,1.83178538512479
235,275,311,14.53,1.23532768050099
235,275,311,14.5375,0.753502861057682
235,275,311,14.545,2.74769707699439
235,275,311,14.5525,1.62388879364095
235,275,311,14.56,-2.98887907586178
235,275,311,14.5675,-1.68132632589414
235,275,311,14.575,-1.49366373249848
235,275,311,14.5825,3.10821703239203
235,275,311,14.59,2.11180378121837
235,275,311,14.5975,1.5318372325985
235,275,311,14.605,-0.0486765481173369
235,275,311,14.6125,-0.667750749884583
235,275,311,14.62,-1.94766783084488
235,275,311,14.6275,-2.37882663154074
235,275,311,14.635,2.33079133236974
235,275,311,14.6425,1.7466928203605
235,275,311,14.65,0.566323874648422
235,275,311,14.6575,-0.82791120964227
235,275,311,14.665,-1.38251556492069
235,275,311,14.6725,-2.51091040504433
235,275,311,14.68,3.11315400515142
235,275,311,14.6875,1.67414613685603
235,275,311,14.695,0.791732634304642
235,275,311,14.7025,-0.252828384504976
235,275,311,14.71,-1.29337092577746
235,275,311,14.7175,-1.6022865226515
235,275,311,14.725,3.03172091950343
235,275,311,14.7325,2.69459203835576
235,275,311,14.74,3.07628001721534
235,275,311,14.7475,-0.237224245789639
235,275,311,14.755,-0.541257643846145
235,275,311,14.7625,-3.03145422602667
235,275,311,14.77,-1.29964950985667
235,275,311,14.7775,-1.86484467847335
235,275,311,14.785,1.64944043092361
235,275,311,14.7925,2.1703302913674
235,275,311,14.8,1.5528826425804
235,275,311,14.8075,1.35330366199237
235,275,311,14.815,0.924286968476948
235,275,311,14.8225,-0.0983878649546193
235,275,311,14.83,-1.20945835194592
235,275,311,14.8375,-2.63880198299644
235,275,311,14.845,-2.99100866648305
235,275,311,14.8525,1.69562303685618
235,275,311,14.86,0.61873060459856
235,275,311,14.8675,-0.356060211372585
235,275,311,14.875,-1.09573139533091
235,275,311,14.8825,-1.91108698850922
235,275,311,14.89,2.9318763916307
235,275,311,14.8975,2.60798300906409
235,275,311,14.905,1.75374075129058
235,275,311,14.9125,0.135502794884583
235,275,311,14.92,-0.591363078405716
235,275,311,14.9275,-1.58550817539247
235,275,311,14.935,-2.32337096598697
235,275,311,14.9425,3.01909391843502
235,275,311,14.95,1.79254411957739
235,275,311,14.9575,1.41556615482099
235,275,311,14.965,0.693114005676448
235,275,311,14.9725,-0.185809606997589
235,275,311,14.98,-1.69249067244399
235,275,311,14.9875,2.7279545588946
235,275,311,14.995,2.36366960100573
235,275,311,15.0025,1.34130777999024
235,275,311,15.01,1.98308865038373
235,275,311,15.0175,-0.778770923065443
235,275,311,15.025,-0.566558066068044
235,275,311,15.0325,-1.3254205964018
235,275,311,15.04,2.77487923571428
235,275,311,15.0475,-2.69540175464745
235,275,311,15.055,-1.57605504035748
235,275,311,15.0625,2.9591321821004
235,275,311,15.07,1.63024882228326
235,275,311,15.0775,-3.10482789099052
235,275,311,15.085,-0.0360317932211641
235,275,311,15.0925,-2.09787289806247
235,275,311,15.1,-2.56156878070375
235,275,311,15.1075,2.6843442269821
235,275,311,15.115,1.72833693237075
235,275,311,15.1225,1.03326930852443
235,275,311,15.13,-0.17827485368144
235,275,311,15.1375,-1.05164631910356
235,275,311,15.145,-2.25574316984518
235,275,311,15.1525,-3.10351488574635
235,275,311,15.16,2.53476144605553
235,275,311,15.1675,0.547279439893045
235,275,311,15.175,0.631719133475349
235,275,311,15.1825,-0.327954245837578
235,275,311,15.19,-1.81256263795251
235,275,311,15.1975,-2.77789308737864
235,275,311,15.205,2.29793443584631
235,275,311,15.2125,1.5637291978265
235,275,311,15.22,0.426902820258968
235,275,311,15.2275,0.247484650114328
235,275,311,15.235,-1.97434530491596
235,275,311,15.2425,-2.30917907942171
235,275,311,15.25,2.52657488083768
235,275,311,15.2575,2.05644456401006
235,275,311,15.265,-1.99810910562523
235,275,311,15.2725,-0.428777065501264
235,275,311,15.28,-1.17293855896275
235,275,311,15.2875,-0.297646392925721
235,275,311,15.295,-0.811850257914677
235,275,311,15.3025,0.783113915047873
235,275,311,15.31,1.98581746298656
235,275,311,15.3175,2.6215162579897
235,275,311,15.325,1.90215237122422
235,275,311,15.3325,0.889019849850142
235,275,311,15.34,0.220654477855063
235,275,311,15.3475,-1.39719214172591
235,275,311,15.355,0.537481470135792
235,275,311,15.3625,-1.83220107871688
235,275,311,15.37,2.33890052544269
235,275,311,15.3775,1.40742419512517
235,275,311,15.385,0.531506369564466
235,275,311,15.3925,-0.417051150202746
235,275,311,15.4,-1.70669424825819
235,275,311,15.4075,-2.63520618072495
235,275,311,15.415,1.7151313835839
235,275,311,15.4225,1.8574551409822
235,275,311,15.43,0.716629706919322
235,275,311,15.4375,-0.210125183220349
235,275,311,15.445,-1.09146464328145
235,275,311,15.4525,-1.39751565390311
235,275,311,15.46,-2.65548414069461
235,275,311,15.4675,2.00638234728786
235,275,311,15.475,0.771230716373335
235,275,311,15.4825,-0.554819925258393
235,275,311,15.49,-1.13079433408104
235,275,311,15.4975,-1.93823785630925
235,275,311,15.505,3.03524705532182
235,275,311,15.5125,-2.77839509734033
235,275,311,15.52,-2.17624501918457
235,275,311,15.5275,-1.23987577537075
235,275,311,15.535,1.1818551004227
235,275,311,15.5425,1.96600746956133
235,275,311,15.55,0.113242012200501
235,275,311,15.5575,-0.978664287169754
235,275,311,15.565,-1.66079405869789
235,275,311,15.5725,2.91201745020446
235,275,311,15.58,1.69122996420441
235,275,311,15.5875,2.1400301003019
235,275,311,15.595,0.10679036817319
235,275,311,15.6025,-1.2381126692594
235,275,311,15.61,-2.19407777330671
235,275,311,15.6175,-2.46519015018303
235,275,311,15.625,2.80907209585802
235,275,311,15.6325,1.88023256733896
235,275,311,15.64,-2.59610706116908
235,275,311,15.6475,-0.0786186534617905
235,275,311,15.655,-1.62552349647514
235,275,311,15.6625,-2.49968966686406
235,275,311,15.67,1.80625132965499
235,275,311,15.6775,2.1284289060815
235,275,311,15.685,2.02072691301265
235,275,311,15.6925,0.126966844462064
235,275,311,15.7,-0.578331332677235
235,275,311,15.7075,-1.2592720151192
235,275,311,15.715,-2.31451133010344
235,275,311,15.7225,2.90209145990307
235,275,311,15.73,2.06929092924604
235,275,311,15.7375,2.85357788068528
235,275,311,15.745,-0.218970135827067
235,275,311,15.7525,-0.43477252304127
235,275,311,15.76,-2.66177760551427
235,275,311,15.7675,2.39454986456615
235,275,311,15.775,2.18134136961729
235,275,311,15.7825,2.5595229630552
235,275,311,15.79,3.00949673864999
235,275,311,15.7975,1.9433839554477
235,275,311,15.805,-1.84063968998206
235,275,311,15.8125,1.29867784950153
235,275,311,15.82,-1.02258311539046
235,275,311,15.8275,0.500900929113977
235,275,311,15.835,3.04662617709672
235,275,311,15.8425,2.88286059740632
235,275,311,15.85,0.0500216751519761
235,275,311,15.8575,-1.75721744140841
235,275,311,15.865,-0.430466265042844
235,275,311,15.8725,-1.44759303585998
235,275,311,15.88,-2.2146654575803
235,275,311,15.8875,-3.04034372133038
235,275,311,15.895,2.60772847424045
235,275,311,15.9025,2.16050287810648
235,275,311,15.91,-0.649771058537265
235,275,311,15.9175,-1.83448199474793
235,275,311,15.925,-2.03489172895265
235,275,311,15.9325,-2.66645308149968
235,275,311,15.94,2.72090763182815
235,275,311,15.9475,1.93762735573118
235,275,311,15.955,-0.231480758466398
235,275,311,15.9625,-0.177280505566135
235,275,311,15.97,-2.03671405670251
235,275,311,15.9775,2.99849192973358
235,275,311,15.985,1.9533164883487
235,275,311,15.9925,0.88844266433723
235,275,311,16,0.675268974477188
235,275,310,4,-1.89868066088771
235,275,310,4.0075,-2.85184037837728
235,275,310,4.015,2.67916982161236
235,275,310,4.0225,1.61715362870776
235,275,310,4.03,1.14794202715579
235,275,310,4.0375,0.347301975065158
235,275,310,4.045,-0.405799917449168
235,275,310,4.0525,-1.20764967784043
235,275,310,4.06,-2.25396275448938
235,275,310,4.0675,-3.0315796342989
235,275,310,4.075,2.31154262344463
235,275,310,4.0825,1.49864774030646
235,275,310,4.09,0.83378279117536
235,275,310,4.0975,-0.126538520940382
235,275,310,4.105,-1.1628532598528
235,275,310,4.1125,-1.87600513121447
235,275,310,4.12,-2.92127759934174
235,275,310,4.1275,2.31588335744807
235,275,310,4.135,1.36836526759813
235,275,310,4.1425,0.364693110653901
235,275,310,4.15,-0.570980027264186
235,275,310,4.1575,-1.35260710315787
235,275,310,4.165,-2.44309512670451
235,275,310,4.1725,2.87298923261985
235,275,310,4.18,1.87099376327914
235,275,310,4.1875,0.978000826928513
235,275,310,4.195,0.0420840289613886
235,275,310,4.2025,-0.985922042141256
235,275,310,4.21,-1.92207065681964
235,275,310,4.2175,-2.90775148001982
235,275,310,4.225,2.37424249828053
235,275,310,4.2325,1.3699672925321
235,275,310,4.24,0.343710987250427
235,275,310,4.2475,-0.592533611778911
235,275,310,4.255,-1.47139409304222
235,275,310,4.2625,-2.35596360348249
235,275,310,4.27,2.76358813720922
235,275,310,4.2775,2.25171008425626
235,275,310,4.285,1.3895695915749
235,275,310,4.2925,0.534417804809682
235,275,310,4.3,-0.718899618705946
235,275,310,4.3075,-1.90495710211504
235,275,310,4.315,-2.98867950275767
235,275,310,4.3225,2.82511878565225
235,275,310,4.33,1.46455488265102
235,275,310,4.3375,0.00635274986722628
235,275,310,4.345,-2.92000448186326
235,275,310,4.3525,1.3953862728998
235,275,310,4.36,-0.0414006659280582
235,275,310,4.3675,-0.82333230668687
235,275,310,4.375,-1.89135181500844
235,275,310,4.3825,-2.86875160180804
235,275,310,4.39,2.46086652689884
235,275,310,4.3975,1.45650066004588
235,275,310,4.405,0.449702865533092
235,275,310,4.4125,-0.405399107247
235,275,310,4.42,-1.51309014986586
235,275,310,4.4275,-2.4833225275684
235,275,310,4.435,2.86701624799732
235,275,310,4.4425,1.71930589605735
235,275,310,4.45,0.809186169774815
235,275,310,4.4575,-0.234928241969624
235,275,310,4.465,-1.11970576184938
235,275,310,4.4725,-2.22547461009317
235,275,310,4.48,-3.063116754069
235,275,310,4.4875,2.16467952014194
235,275,310,4.495,1.3227729298185
235,275,310,4.5025,0.284395200332612
235,275,310,4.51,-0.735802788763853
235,275,310,4.5175,-1.74038758163032
235,275,310,4.525,-2.56977099025814
235,275,310,4.5325,3.10408573401662
235,275,310,4.54,2.06413428142708
235,275,310,4.5475,1.10221073183135
235,275,310,4.555,-0.0504580376003553
235,275,310,4.5625,-1.17790654940829
235,275,310,4.57,-2.33584548511196
235,275,310,4.5775,2.96262248211924
235,275,310,4.585,1.72924012846835
235,275,310,4.5925,0.27494185137961
235,275,310,4.6,-0.808590400385025
235,275,310,4.6075,2.26459121941446
235,275,310,4.615,1.4934835960712
235,275,310,4.6225,0.26280326809651
235,275,310,4.63,-1.19754875657943
235,275,310,4.6375,-2.13020250594101
235,275,310,4.645,3.10458574041777
235,275,310,4.6525,1.9495473894628
235,275,310,4.66,1.19167919190882
235,275,310,4.6675,0.295932756221767
235,275,310,4.675,-0.838868771609826
235,275,310,4.6825,-1.75141737472665
235,275,310,4.69,-2.82600309065942
235,275,310,4.6975,2.49710885073345
235,275,310,4.705,1.39506596464505
235,275,310,4.7125,0.602749285457614
235,275,310,4.72,-0.39236166835912
235,275,310,4.7275,-1.38831261112018
235,275,310,4.735,-2.39760905434423
235,275,310,4.7425,2.94865544839242
235,275,310,4.75,1.8403845239947
235,275,310,4.7575,0.382083961898583
235,275,310,4.765,-0.0772343040523556
235,275,310,4.7725,-1.2542571436947
235,275,310,4.78,-1.60031212184904
235,275,310,4.7875,-2.76204060363227
235,275,310,4.795,2.63562194370088
235,275,310,4.8025,1.35315296256293
235,275,310,4.81,0.709416922008345
235,275,310,4.8175,-0.0301861754484399
235,275,310,4.825,0.0219563271902359
235,275,310,4.8325,-0.600437064137583
235,275,310,4.84,-1.3835623905484
235,275,310,4.8475,-2.36574571998293
235,275,310,4.855,2.9289162355803
235,275,310,4.8625,2.1509811058077
235,275,310,4.87,0.841502836155703
235,275,310,4.8775,-0.221849458192859
235,275,310,4.885,-1.14672551799546
235,275,310,4.8925,-2.09715697805358
235,275,310,4.9,-3.05055238486863
235,275,310,4.9075,2.07019812441464
235,275,310,4.915,1.26633492712179
235,275,310,4.9225,0.390823800350202
235,275,310,4.93,-0.54594768132858
235,275,310,4.9375,-1.06571395480665
235,275,310,4.945,-2.09867342228515
235,275,310,4.9525,-3.08407983235089
235,275,310,4.96,1.94890780814922
235,275,310,4.9675,0.975208840794846
235,275,310,4.975,0.101816591629263
235,275,310,4.9825,-0.964379808374739
235,275,310,4.99,-2.01811540602915
235,275,310,4.9975,-3.09909522236909
235,275,310,5.005,2.3446155285519
235,275,310,5.0125,1.19144648679525
235,275,310,5.02,0.280539740669274
235,275,310,5.0275,-0.877642279345938
235,275,310,5.035,-2.1992056042662
235,275,310,5.0425,2.89174422595817
235,275,310,5.05,1.58218773694935
235,275,310,5.0575,0.728224197542262
235,275,310,5.065,-0.973111001555305
235,275,310,5.0725,-2.19778780458767
235,275,310,5.08,2.80767430697824
235,275,310,5.0875,1.11449271967701
235,275,310,5.095,0.188738860998109
235,275,310,5.1025,-0.905798164071311
235,275,310,5.11,-1.9258548064317
235,275,310,5.1175,2.93525433844374
235,275,310,5.125,1.99120746388173
235,275,310,5.1325,0.801997741655588
235,275,310,5.14,-0.187055981723876
235,275,310,5.1475,-0.954778724949245
235,275,310,5.155,-2.14286168692237
235,275,310,5.1625,-2.76254763324124
235,275,310,5.17,2.83699325300613
235,275,310,5.1775,1.87075581569151
235,275,310,5.185,1.16944124133115
235,275,310,5.1925,-0.0194778154216365
235,275,310,5.2,-1.08566898693638
235,275,310,5.2075,-2.05390334525325
235,275,310,5.215,3.10622027554951
235,275,310,5.2225,1.95906527342979
235,275,310,5.23,1.10657290975474
235,275,310,5.2375,-0.17010388891217
235,275,310,5.245,-0.980977317104331
235,275,310,5.2525,-1.85668634302827
235,275,310,5.26,-2.78983253238717
235,275,310,5.2675,2.46216781344122
235,275,310,5.275,1.38432040345607
235,275,310,5.2825,0.234390948995444
235,275,310,5.29,-0.859354573737858
235,275,310,5.2975,-1.92615678430953
235,275,310,5.305,2.77662643406311
235,275,310,5.3125,1.29660613256332
235,275,310,5.32,0.239849768704947
235,275,310,5.3275,-0.821340845675922
235,275,310,5.335,-2.35393708600718
235,275,310,5.3425,2.04883028738441
235,275,310,5.35,0.560501288719253
235,275,310,5.3575,0.77929658144159
235,275,310,5.365,-0.725990004484074
235,275,310,5.3725,-1.94425336103395
235,275,310,5.38,-2.80341119753228
235,275,310,5.3875,2.88314779391295
235,275,310,5.395,1.53197294289222
235,275,310,5.4025,0.413136159148163
235,275,310,5.41,-0.38680418085453
235,275,310,5.4175,-1.3150583112821
235,275,310,5.425,-2.42764790427172
235,275,310,5.4325,-3.06678159027926
235,275,310,5.44,1.89502597206539
235,275,310,5.4475,0.928354980878714
235,275,310,5.455,-0.213392441189577
235,275,310,5.4625,-1.15546037304888
235,275,310,5.47,-2.47447028257097
235,275,310,5.4775,2.75064348226648
235,275,310,5.485,1.77402609370095
235,275,310,5.4925,0.851281739383213
235,275,310,5.5,-0.430955202815235
235,275,310,5.5075,-1.11170435231607
235,275,310,5.515,-1.75999512735546
235,275,310,5.5225,-2.91724429523158
235,275,310,5.53,2.70478774751514
235,275,310,5.5375,1.3004849695487
235,275,310,5.545,0.802364278098176
235,275,310,5.5525,-0.270574225241844
235,275,310,5.56,-0.452182332114734
235,275,310,5.5675,-1.4504857717294
235,275,310,5.575,-1.5942714935886
235,275,310,5.5825,-2.66182116778625
235,275,310,5.59,3.08700369162824
235,275,310,5.5975,1.75435444415778
235,275,310,5.605,0.260990721694525
235,275,310,5.6125,-0.27793974111866
235,275,310,5.62,-1.24966210039488
235,275,310,5.6275,-2.03966872644392
235,275,310,5.635,-3.02008011961156
235,275,310,5.6425,2.45024124965528
235,275,310,5.65,1.96431518897575
235,275,310,5.6575,0.582799491382463
235,275,310,5.665,-0.339297794939824
235,275,310,5.6725,-1.55714697336085
235,275,310,5.68,-2.52662130544562
235,275,310,5.6875,2.6916112917021
235,275,310,5.695,1.57734521097187
235,275,310,5.7025,0.525318834388435
235,275,310,5.71,-0.357427319857869
235,275,310,5.7175,-1.30211225023551
235,275,310,5.725,-2.30978501549796
235,275,310,5.7325,3.08599477401229
235,275,310,5.74,2.46245927857697
235,275,310,5.7475,1.10906016167954
235,275,310,5.755,0.169416280702747
235,275,310,5.7625,-0.693295737334633
235,275,310,5.77,-2.50284365006846
235,275,310,5.7775,-0.22102910431976
235,275,310,5.785,-1.75876801994009
235,275,310,5.7925,-2.16361141971185
235,275,310,5.8,2.50906047708078
235,275,310,5.8075,1.88393902097005
235,275,310,5.815,1.01995099152278
235,275,310,5.8225,-0.313939638458132
235,275,310,5.83,-1.30382560693074
235,275,310,5.8375,-2.12628544271578
235,275,310,5.845,3.10206448984676
235,275,310,5.8525,2.58494122432146
235,275,310,5.86,1.75513639949072
235,275,310,5.8675,0.694228899560378
235,275,310,5.875,-0.533889074338238
235,275,310,5.8825,-1.51246788230774
235,275,310,5.89,-2.52922641744786
235,275,310,5.8975,-3.1360016061676
235,275,310,5.905,2.07959450071575
235,275,310,5.9125,0.987927174280166
235,275,310,5.92,-0.0362671612144795
235,275,310,5.9275,-1.03518138870884
235,275,310,5.935,-2.18082188984464
235,275,310,5.9425,-2.89970193393848
235,275,310,5.95,2.20072405406086
235,275,310,5.9575,1.31550208957873
235,275,310,5.965,0.361081686157244
235,275,310,5.9725,-0.271291388551558
235,275,310,5.98,-0.89286309137837
235,275,310,5.9875,-1.83574852071198
235,275,310,5.995,3.07450568456457
235,275,310,6.0025,2.63959924796717
235,275,310,6.01,1.14350040073458
235,275,310,6.0175,-0.336527759305855
235,275,310,6.025,-1.58326641717765
235,275,310,6.0325,-2.37079583462464
235,275,310,6.04,2.03083809224402
235,275,310,6.0475,1.46177165434636
235,275,310,6.055,-1.1627145218533
235,275,310,6.0625,-2.38532617699909
235,275,310,6.07,2.39344552978655
235,275,310,6.0775,3.12008347911101
235,275,310,6.085,0.397828718222871
235,275,310,6.0925,0.129199450712467
235,275,310,6.1,-1.12832204769665
235,275,310,6.1075,-2.31036419156789
235,275,310,6.115,3.10141068273417
235,275,310,6.1225,1.70163048582557
235,275,310,6.13,0.718056381032531
235,275,310,6.1375,-0.159343875428987
235,275,310,6.145,-1.06660556661665
235,275,310,6.1525,-2.29910904894281
235,275,310,6.16,2.99680325038099
235,275,310,6.1675,1.8677122655808
235,275,310,6.175,0.950939302217865
235,275,310,6.1825,0.0946366263184525
235,275,310,6.19,-0.852728834319435
235,275,310,6.1975,-2.07502775621479
235,275,310,6.205,-3.08634584222285
235,275,310,6.2125,2.20772074264692
235,275,310,6.22,1.58605370375945
235,275,310,6.2275,0.696772351139595
235,275,310,6.235,-0.73822299409975
235,275,310,6.2425,-1.68890437751888
235,275,310,6.25,-2.80573609722815
235,275,310,6.2575,-3.07849383936483
235,275,310,6.265,2.10393536382261
235,275,310,6.2725,0.467106050253475
235,275,310,6.28,0.756842929842003
235,275,310,6.2875,0.469402888969906
235,275,310,6.295,0.00683120757367374
235,275,310,6.3025,-1.30735707295874
235,275,310,6.31,-2.34748319225096
235,275,310,6.3175,-3.07289513657073
235,275,310,6.325,2.23696102219106
235,275,310,6.3325,1.31310279855295
235,275,310,6.34,0.900218208102218
235,275,310,6.3475,-0.107149522404776
235,275,310,6.355,-1.41270869887792
235,275,310,6.3625,-2.25456803654265
235,275,310,6.37,3.03820471816366
235,275,310,6.3775,1.98120232061013
235,275,310,6.385,0.954986730654748
235,275,310,6.3925,-0.0658871476547541
235,275,310,6.4,-1.33074672366854
235,275,310,6.4075,-2.21482049136597
235,275,310,6.415,-3.07961246992636
235,275,310,6.4225,2.22383649000119
235,275,310,6.43,1.32971649246519
235,275,310,6.4375,0.689037288591305
235,275,310,6.445,-0.311452070299017
235,275,310,6.4525,-1.16368845844395
235,275,310,6.46,-1.58550367130739
235,275,310,6.4675,-2.88730534955573
235,275,310,6.475,2.60769835039071
235,275,310,6.4825,2.00674578255358
235,275,310,6.49,1.22892774238302
235,275,310,6.4975,-0.0595120168287189
235,275,310,6.505,-1.1584007852845
235,275,310,6.5125,-1.95141174773905
235,275,310,6.52,-2.83685061587671
235,275,310,6.5275,2.7107078898621
235,275,310,6.535,2.10859408583038
235,275,310,6.5425,0.818837659054424
235,275,310,6.55,0.0492517706905678
235,275,310,6.5575,-0.663426926364589
235,275,310,6.565,-1.60407271797182
235,275,310,6.5725,-2.4085447573085
235,275,310,6.58,2.93001440344013
235,275,310,6.5875,1.89502610416705
235,275,310,6.595,1.31494784537905
235,275,310,6.6025,0.367072612315875
235,275,310,6.61,-0.591513513947743
235,275,310,6.6175,-1.52187225823645
235,275,310,6.625,-2.56314316740703
235,275,310,6.6325,2.47807569140611
235,275,310,6.64,1.97697182254429
235,275,310,6.6475,0.633099724142901
235,275,310,6.655,-0.467382558895805
235,275,310,6.6625,-1.28413555609657
235,275,310,6.67,-2.18395102002712
235,275,310,6.6775,2.82194360174501
235,275,310,6.685,2.17333457351546
235,275,310,6.6925,1.42419949687401
235,275,310,6.7,0.595424866826025
235,275,310,6.7075,-0.330410877218996
235,275,310,6.715,-1.1345993199657
235,275,310,6.7225,-2.2289272855631
235,275,310,6.73,3.11879387232885
235,275,310,6.7375,2.00615848993235
235,275,310,6.745,1.35172975813449
235,275,310,6.7525,0.0897541079713855
235,275,310,6.76,-0.989017607708035
235,275,310,6.7675,-2.21916623875038
235,275,310,6.775,-2.90488601877405
235,275,310,6.7825,2.50842490089232
235,275,310,6.79,1.95170593802893
235,275,310,6.7975,2.15681557929675
235,275,310,6.805,1.78131340312651
235,275,310,6.8125,0.543251538866059
235,275,310,6.82,-0.450418650324184
235,275,310,6.8275,-1.71124454784662
235,275,310,6.835,-2.31510716817797
235,275,310,6.8425,-3.11166304074337
235,275,310,6.85,2.0252719034269
235,275,310,6.8575,1.14301846345932
235,275,310,6.865,0.0942529615852979
235,275,310,6.8725,-0.934788849212304
235,275,310,6.88,-1.97361223028178
235,275,310,6.8875,-2.91569351946413
235,275,310,6.895,2.26702405556274
235,275,310,6.9025,1.38621858586373
235,275,310,6.91,0.42660426230011
235,275,310,6.9175,-0.641529222723675
235,275,310,6.925,-1.50677432793343
235,275,310,6.9325,-2.42297773417531
235,275,310,6.94,2.88156028120885
235,275,310,6.9475,1.72010337091376
235,275,310,6.955,0.805151993019601
235,275,310,6.9625,0.0735484196923514
235,275,310,6.97,-1.10396129565919
235,275,310,6.9775,-2.09886114058574
235,275,310,6.985,-2.85472051376723
235,275,310,6.9925,2.57256812914971
235,275,310,7,1.83201568037934
235,275,310,7.0075,0.643798368741586
235,275,310,7.015,-0.249264366634682
235,275,310,7.0225,-0.748707597933964
235,275,310,7.03,-2.01855952329962
235,275,310,7.0375,-2.41235452510518
235,275,310,7.045,2.9850144463194
235,275,310,7.0525,1.9931061656585
235,275,310,7.06,1.6519491471467
235,275,310,7.0675,0.692883690852656
235,275,310,7.075,-0.152796547254108
235,275,310,7.0825,-1.2118708258653
235,275,310,7.09,-2.15692930328333
235,275,310,7.0975,3.04948149067119
235,275,310,7.105,2.24298203193907
235,275,310,7.1125,1.25154201313752
235,275,310,7.12,0.213123653449233
235,275,310,7.1275,-0.936900856213237
235,275,310,7.135,-1.86292071339184
235,275,310,7.1425,-2.93155339997974
235,275,310,7.15,2.50859754250284
235,275,310,7.1575,1.69836191697872
235,275,310,7.165,0.733976365935189
235,275,310,7.1725,-0.122071905459243
235,275,310,7.18,-1.20498715075814
235,275,310,7.1875,-1.72667061346647
235,275,310,7.195,-2.57950025008911
235,275,310,7.2025,2.46521160872381
235,275,310,7.21,1.56484004710316
235,275,310,7.2175,0.908010336290359
235,275,310,7.225,-0.0254701407408378
235,275,310,7.2325,-0.764189717069414
235,275,310,7.24,-1.88425402541729
235,275,310,7.2475,-2.61779827324117
235,275,310,7.255,2.86230006123888
235,275,310,7.2625,1.73610840387346
235,275,310,7.27,0.86988649911753
235,275,310,7.2775,-0.264509056524566
235,275,310,7.285,-1.26776420825752
235,275,310,7.2925,-2.13547987901261
235,275,310,7.3,-2.95205984874555
235,275,310,7.3075,2.49357939721929
235,275,310,7.315,1.4430711984606
235,275,310,7.3225,0.639767218325779
235,275,310,7.33,-0.237412385837849
235,275,310,7.3375,-1.07382139396566
235,275,310,7.345,-2.10735160352463
235,275,310,7.3525,-2.94505784878229
235,275,310,7.36,2.48016194838159
235,275,310,7.3675,1.56254269390601
235,275,310,7.375,0.548304196278467
235,275,310,7.3825,-0.410325243414158
235,275,310,7.39,-1.3526081930075
235,275,310,7.3975,-2.27866709596008
235,275,310,7.405,3.12884918194692
235,275,310,7.4125,2.16209903840638
235,275,310,7.42,1.24753491070827
235,275,310,7.4275,0.728477366741934
235,275,310,7.435,-0.10688921280281
235,275,310,7.4425,-1.24759307085594
235,275,310,7.45,-2.07185567511188
235,275,310,7.4575,3.12375287692667
235,275,310,7.465,2.27627252615049
235,275,310,7.4725,1.2845424022433
235,275,310,7.48,0.327759305934372
235,275,310,7.4875,-0.656389058776228
235,275,310,7.495,-1.79343067324067
235,275,310,7.5025,-2.79531571069145
235,275,310,7.51,2.75028421664765
235,275,310,7.5175,1.85197067936433
235,275,310,7.525,0.736653535161198
235,275,310,7.5325,0.295499545904978
235,275,310,7.54,-1.06474549042956
235,275,310,7.5475,-1.64433841943617
235,275,310,7.555,-2.49779840517621
235,275,310,7.5625,-3.13908294700252
235,275,310,7.57,2.48536144375375
235,275,310,7.5775,1.64704025671532
235,275,310,7.585,0.492629864030088
235,275,310,7.5925,-0.265539151627635
235,275,310,7.6,-1.17659458987317
235,275,310,7.6075,-2.17683086131116
235,275,310,7.615,-2.9547983135809
235,275,310,7.6225,2.40802551046684
235,275,310,7.63,1.53479665338481
235,275,310,7.6375,0.375884308759372
235,275,310,7.645,-0.528567891254742
235,275,310,7.6525,-1.38691234502398
235,275,310,7.66,-2.26405891702461
235,275,310,7.6675,2.68702689683249
235,275,310,7.675,1.79866087427042
235,275,310,7.6825,1.02573323179191
235,275,310,7.69,0.0783778556205485
235,275,310,7.6975,-0.692478043551819
235,275,310,7.705,-1.78448384492845
235,275,310,7.7125,-2.66129445990215
235,275,310,7.72,2.92620025385767
235,275,310,7.7275,1.95922095504604
235,275,310,7.735,0.896752578469167
235,275,310,7.7425,0.164900699730006
235,275,310,7.75,-1.01272625530401
235,275,310,7.7575,-1.6982338462749
235,275,310,7.765,-2.62052876404058
235,275,310,7.7725,2.70904326110741
235,275,310,7.78,1.82925990022426
235,275,310,7.7875,1.24718423851665
235,275,310,7.795,-0.10959242345673
235,275,310,7.8025,-1.25489814359674
235,275,310,7.81,-2.00614829981876
235,275,310,7.8175,-2.88703583837763
235,275,310,7.825,2.66943326916375
235,275,310,7.8325,1.78047242966337
235,275,310,7.84,1.10048946355783
235,275,310,7.8475,0.00701385179331195
235,275,310,7.855,-0.717805070129717
235,275,310,7.8625,-2.08571305225028
235,275,310,7.87,-2.9649249502631
235,275,310,7.8775,2.50184412390387
235,275,310,7.885,1.51988205280703
235,275,310,7.8925,0.755283072559918
235,275,310,7.9,-0.176228581978055
235,275,310,7.9075,-0.734439643543328
235,275,310,7.915,-1.23088384145657
235,275,310,7.9225,-2.5750884141563
235,275,310,7.93,2.83518458383555
235,275,310,7.9375,1.8611039218341
235,275,310,7.945,0.853279364394381
235,275,310,7.9525,-0.0146267689840076
235,275,310,7.96,-0.742487259102879
235,275,310,7.9675,-1.60316436646878
235,275,310,7.975,-2.51420518645186
235,275,310,7.9825,2.8425564163927
235,275,310,7.99,1.71016829664386
235,275,310,7.9975,1.01120015599882
235,275,310,8.005,-0.191984784660176
235,275,310,8.0125,-0.921446559375472
235,275,310,8.02,-2.00539136710503
235,275,310,8.0275,3.08835898747272
235,275,310,8.035,2.40712324935831
235,275,310,8.0425,1.32406034667612
235,275,310,8.05,0.22097079365504
235,275,310,8.0575,-0.397964275022178
235,275,310,8.065,-1.39898952691033
235,275,310,8.0725,-2.4091690227719
235,275,310,8.08,3.11793873572156
235,275,310,8.0875,2.28660782933413
235,275,310,8.095,1.18802083336995
235,275,310,8.1025,0.724351738919652
235,275,310,8.11,-0.35888201358459
235,275,310,8.1175,-1.09757281739074
235,275,310,8.125,-2.03714324688123
235,275,310,8.1325,-3.03064562795802
235,275,310,8.14,2.40011668476607
235,275,310,8.1475,1.58207337505972
235,275,310,8.155,0.616102503705286
235,275,310,8.1625,-0.118808997839613
235,275,310,8.17,-0.945927840423772
235,275,310,8.1775,-2.17247841543892
235,275,310,8.185,-3.11108131328217
235,275,310,8.1925,2.22600342089773
235,275,310,8.2,1.33151183044843
235,275,310,8.2075,0.483161198998709
235,275,310,8.215,-0.51904561249311
235,275,310,8.2225,-1.55047304924545
235,275,310,8.23,-2.29691030812433
235,275,310,8.2375,2.97272334100968
235,275,310,8.245,2.10569806167605
235,275,310,8.2525,1.05270536685105
235,275,310,8.26,0.172823380815407
235,275,310,8.2675,-0.854401384169851
235,275,310,8.275,-1.81419641645826
235,275,310,8.2825,-2.8312145086204
235,275,310,8.29,2.67094044620389
235,275,310,8.2975,1.54509934234172
235,275,310,8.305,0.608883199763363
235,275,310,8.3125,0.449245537288102
235,275,310,8.32,-0.537717385148971
235,275,310,8.3275,-1.82760633705327
235,275,310,8.335,-1.90688045357999
235,275,310,8.3425,-3.07790931586403
235,275,310,8.35,2.36465122319496
235,275,310,8.3575,1.47799719116146
235,275,310,8.365,0.409571069718168
235,275,310,8.3725,-0.422632063409666
235,275,310,8.38,-1.51141713638427
235,275,310,8.3875,-2.50652987545177
235,275,310,8.395,2.94472292424809
235,275,310,8.4025,2.00216591196484
235,275,310,8.41,0.829639716694465
235,275,310,8.4175,0.0184295580369523
235,275,310,8.425,-0.611247681879164
235,275,310,8.4325,-1.71247328462592
235,275,310,8.44,-2.68001180618492
235,275,310,8.4475,2.94171480263154
235,275,310,8.455,1.85958855878757
235,275,310,8.4625,0.944310140070465
235,275,310,8.47,0.043127461494291
235,275,310,8.4775,-0.842544062167274
235,275,310,8.485,-1.80802134498955
235,275,310,8.4925,-2.79047550154033
235,275,310,8.5,2.72597399355031
235,275,310,8.5075,1.75531867760922
235,275,310,8.515,0.607830561076982
235,275,310,8.5225,-0.175222331540872
235,275,310,8.53,-1.11838826706148
235,275,310,8.5375,-2.01575654181498
235,275,310,8.545,-2.88047766235353
235,275,310,8.5525,2.57899042729278
235,275,310,8.56,1.20359299832483
235,275,310,8.5675,0.222823841474128
235,275,310,8.575,-0.497508625961977
235,275,310,8.5825,-1.70384902871402
235,275,310,8.59,-2.61581128712871
235,275,310,8.5975,2.89062080399246
235,275,310,8.605,2.19133194927013
235,275,310,8.6125,1.47784679687083
235,275,310,8.62,0.338191891379161
235,275,310,8.6275,0.195263143875351
235,275,310,8.635,-1.07289776761048
235,275,310,8.6425,-2.11096395415171
235,275,310,8.65,-2.58555662756294
235,275,310,8.6575,2.69876770038453
235,275,310,8.665,2.25451393866458
235,275,310,8.6725,1.30546822468104
235,275,310,8.68,0.682712164604323
235,275,310,8.6875,-0.435836894140777
235,275,310,8.695,-1.46651344917429
235,275,310,8.7025,-2.29423661951337
235,275,310,8.71,2.91192244207617
235,275,310,8.7175,1.82081566034625
235,275,310,8.725,0.910619750898139
235,275,310,8.7325,0.0623063631569533
235,275,310,8.74,-0.970005402446777
235,275,310,8.7475,-2.17033865778603
235,275,310,8.755,-2.98301183841592
235,275,310,8.7625,2.3295149935259
235,275,310,8.77,1.37481757440107
235,275,310,8.7775,0.156040277160879
235,275,310,8.785,-0.608798593153496
235,275,310,8.7925,-1.84010726643191
235,275,310,8.8,-2.66479330000044
235,275,310,8.8075,2.81206383581976
235,275,310,8.815,1.85168004138421
235,275,310,8.8225,0.692560025468311
235,275,310,8.83,0.124294284473655
235,275,310,8.8375,-0.736861992649161
235,275,310,8.845,-1.23949796467837
235,275,310,8.8525,-2.41957443719945
235,275,310,8.86,3.08798165453699
235,275,310,8.8675,2.27022363304917
235,275,310,8.875,1.13488661466465
235,275,310,8.8825,0.29587103329416
235,275,310,8.89,-0.314439030604011
235,275,310,8.8975,-1.28655781518711
235,275,310,8.905,-2.01534317543326
235,275,310,8.9125,-2.94294573594866
235,275,310,8.92,2.44199285893472
235,275,310,8.9275,1.70632914772823
235,275,310,8.935,0.563967767795162
235,275,310,8.9425,-0.246445568669936
235,275,310,8.95,-1.36594747791248
235,275,310,8.9575,-2.11027373504594
235,275,310,8.965,-3.10244656593204
235,275,310,8.9725,2.06569087904863
235,275,310,8.98,1.35641304792117
235,275,310,8.9875,0.522010347353393
235,275,310,8.995,-0.714554560415877
235,275,310,9.0025,-1.93865414174639
235,275,310,9.01,-2.50785171340343
235,275,310,9.0175,2.75448822790606
235,275,310,9.025,1.74703008214864
235,275,310,9.0325,0.518438552663857
235,275,310,9.04,-0.131455006870882
235,275,310,9.0475,-0.740909673778675
235,275,310,9.055,-1.53556574114017
235,275,310,9.0625,-2.50231111378437
235,275,310,9.07,3.04622685241375
235,275,310,9.0775,2.35226389732223
235,275,310,9.085,1.63928640243241
235,275,310,9.0925,0.343612083964797
235,275,310,9.1,-0.622314047469931
235,275,310,9.1075,-1.37959786357431
235,275,310,9.115,-2.60841032782213
235,275,310,9.1225,2.90802795046938
235,275,310,9.13,1.89130044937271
235,275,310,9.1375,1.00077986413907
235,275,310,9.145,0.153584562046159
235,275,310,9.1525,-0.952836370698812
235,275,310,9.16,-1.7918968244782
235,275,310,9.1675,-2.6540609336179
235,275,310,9.175,2.61635199689739
235,275,310,9.1825,1.71201111348707
235,275,310,9.19,0.938969107553831
235,275,310,9.1975,0.0295605542897925
235,275,310,9.205,-0.806810278056887
235,275,310,9.2125,-1.8541441029053
235,275,310,9.22,-2.45646731239154
235,275,310,9.2275,2.88012593966677
235,275,310,9.235,1.95092494371142
235,275,310,9.2425,1.10595276859193
235,275,310,9.25,0.0916775536468692
235,275,310,9.2575,-0.72278582831026
235,275,310,9.265,-1.89525078159683
235,275,310,9.2725,-2.88352312834515
235,275,310,9.28,2.50813378168707
235,275,310,9.2875,1.5276602626176
235,275,310,9.295,0.6083014443856
235,275,310,9.3025,-0.294827892744854
235,275,310,9.31,-1.426763281327
235,275,310,9.3175,-2.11943058629839
235,275,310,9.325,2.97035789845753
235,275,310,9.3325,2.0476573946618
235,275,310,9.34,0.992385474501835
235,275,310,9.3475,0.357572546951931
235,275,310,9.355,-0.897216312493756
235,275,310,9.3625,-1.70066877359896
235,275,310,9.37,-2.55433503457936
235,275,310,9.3775,2.47927411288098
235,275,310,9.385,1.69430996821955
235,275,310,9.3925,1.35809330817946
235,275,310,9.4,1.46032304954125
235,275,310,9.4075,0.593447701302641
235,275,310,9.415,-0.124442185598531
235,275,310,9.4225,-1.25147237913924
235,275,310,9.43,-2.36856656223343
235,275,310,9.4375,3.02007843959695
235,275,310,9.445,2.05196933460442
235,275,310,9.4525,1.17170604429485
235,275,310,9.46,0.160534729167092
235,275,310,9.4675,-0.777528399094822
235,275,310,9.475,-1.65155940850868
235,275,310,9.4825,-2.50049105292354
235,275,310,9.49,2.62856863881563
235,275,310,9.4975,1.64454393440447
235,275,310,9.505,0.589684352195505
235,275,310,9.5125,-0.311459608134269
235,275,310,9.52,-1.36866260976811
235,275,310,9.5275,-2.41377507550832
235,275,310,9.535,2.80636347854787
235,275,310,9.5425,1.87362287264939
235,275,310,9.55,0.799084656654491
235,275,310,9.5575,-0.127525416031523
235,275,310,9.565,-1.04800058358947
235,275,310,9.5725,-1.77682840031649
235,275,310,9.58,-2.68691400205413
235,275,310,9.5875,2.69536527730933
235,275,310,9.595,1.38222227682711
235,275,310,9.6025,0.506959107170458
235,275,310,9.61,0.187002951592321
235,275,310,9.6175,-0.971312811514002
235,275,310,9.625,-1.76990577302379
235,275,310,9.6325,-2.5342148248206
235,275,310,9.64,3.11513050861074
235,275,310,9.6475,1.88503964133435
235,275,310,9.655,1.60173378788173
235,275,310,9.6625,0.482846463007612
235,275,310,9.67,-0.820357524993002
235,275,310,9.6775,-1.41222061169389
235,275,310,9.685,-2.25155350341315
235,275,310,9.6925,-3.03981985802389
235,275,310,9.7,2.2200010341444
235,275,310,9.7075,1.36751762827578
235,275,310,9.715,0.592041075162139
235,275,310,9.7225,-0.891929408645106
235,275,310,9.73,-1.39514467118641
235,275,310,9.7375,-1.93979563164869
235,275,310,9.745,3.11772488729583
235,275,310,9.7525,1.9747531132951
235,275,310,9.76,1.32005156234445
235,275,310,9.7675,0.200955358998551
235,275,310,9.775,-0.734500652521327
235,275,310,9.7825,-1.65499814512332
235,275,310,9.79,-2.59383112139013
235,275,310,9.7975,2.64673626526303
235,275,310,9.805,1.92249650887054
235,275,310,9.8125,0.810312361777788
235,275,310,9.82,0.054962534751219
235,275,310,9.8275,-0.804951077046868
235,275,310,9.835,-1.79003873954396
235,275,310,9.8425,-2.75722014701261
235,275,310,9.85,2.58626804055891
235,275,310,9.8575,1.60353349662998
235,275,310,9.865,0.41538674842794
235,275,310,9.8725,-0.215780931973865
235,275,310,9.88,-1.41451985232639
235,275,310,9.8875,-2.18900203732651
235,275,310,9.895,2.97037355063247
235,275,310,9.9025,2.28320824341903
235,275,310,9.91,1.29707792613383
235,275,310,9.9175,0.515376148516066
235,275,310,9.925,-0.285904479081183
235,275,310,9.9325,-1.07170276692194
235,275,310,9.94,-1.86393534088136
235,275,310,9.9475,-2.97304719146352
235,275,310,9.955,2.84637921961392
235,275,310,9.9625,2.2102930151293
235,275,310,9.97,1.05953740575415
235,275,310,9.9775,0.295555092146779
235,275,310,9.985,-0.665408562927991
235,275,310,9.9925,-1.75398066323411
235,275,310,10,-2.81068539038574
235,275,310,10.0075,2.53959085789506
235,275,310,10.015,1.6562991577412
235,275,310,10.0225,0.683726230393972
235,275,310,10.03,-0.157597034889277
235,275,310,10.0375,-1.29117932508774
235,275,310,10.045,-2.30609183750988
235,275,310,10.0525,2.96326889090772
235,275,310,10.06,2.21708954855369
235,275,310,10.0675,1.12612416116598
235,275,310,10.075,0.131137152817563
235,275,310,10.0825,-0.762698153945786
235,275,310,10.09,-1.92112908768753
235,275,310,10.0975,-2.5701582503906
235,275,310,10.105,2.81713946396371
235,275,310,10.1125,1.75485727568244
235,275,310,10.12,0.571565950468229
235,275,310,10.1275,0.0310454297019003
235,275,310,10.135,-1.00116381246352
235,275,310,10.1425,-1.69936681279411
235,275,310,10.15,-2.24407718418025
235,275,310,10.1575,-3.02203464941193
235,275,310,10.165,2.69332513145844
235,275,310,10.1725,1.86901627089236
235,275,310,10.18,1.46345091645006
235,275,310,10.1875,-0.0366436442350009
235,275,310,10.195,-0.659017237305352
235,275,310,10.2025,-1.71117857212498
235,275,310,10.21,-2.48115593068385
235,275,310,10.2175,2.85690032619471
235,275,310,10.225,1.60229184112409
235,275,310,10.2325,0.638994182926716
235,275,310,10.24,-0.259425491544317
235,275,310,10.2475,-1.54445507301142
235,275,310,10.255,-2.42403219830018
235,275,310,10.2625,3.02413827473848
235,275,310,10.27,2.02603412094608
235,275,310,10.2775,1.0088410514688
235,275,310,10.285,0.123896258011824
235,275,310,10.2925,-0.760546359540151
235,275,310,10.3,-1.79713840480501
235,275,310,10.3075,-2.78147848777307
235,275,310,10.315,2.64527785133447
235,275,310,10.3225,1.70843972827432
235,275,310,10.33,0.790033010770648
235,275,310,10.3375,-0.446631418391308
235,275,310,10.345,-1.84598882263979
235,275,310,10.3525,-2.48670511445867
235,275,310,10.36,-3.04574482902701
235,275,310,10.3675,2.14956239448922
235,275,310,10.375,1.3411162842524
235,275,310,10.3825,0.54348308883561
235,275,310,10.39,-0.170327886479302
235,275,310,10.3975,-0.822055761940485
235,275,310,10.405,-2.36410176215558
235,275,310,10.4125,-2.7725651080466
235,275,310,10.42,2.13038146827956
235,275,310,10.4275,2.06342598537753
235,275,310,10.435,1.02707816816561
235,275,310,10.4425,0.543260102892032
235,275,310,10.45,0.832136495959583
235,275,310,10.4575,-0.934863828029788
235,275,310,10.465,-1.36350783349429
235,275,310,10.4725,-2.70652624168137
235,275,310,10.48,2.85970570568153
235,275,310,10.4875,1.77016327823449
235,275,310,10.495,0.769887421752412
235,275,310,10.5025,-0.0687576301257787
235,275,310,10.51,-1.09096649495719
235,275,310,10.5175,-2.30247715135971
235,275,310,10.525,-2.97814641275067
235,275,310,10.5325,2.51796077060084
235,275,310,10.54,1.3602322718565
235,275,310,10.5475,0.383889188769982
235,275,310,10.555,-0.549452017800641
235,275,310,10.5625,-1.6556519793806
235,275,310,10.57,-2.6972551653177
235,275,310,10.5775,2.63727743869435
235,275,310,10.585,1.56607376575673
235,275,310,10.5925,0.541703487806075
235,275,310,10.6,-0.78867159461638
235,275,310,10.6075,-1.50752942521738
235,275,310,10.615,-2.485441538076
235,275,310,10.6225,2.93232921808215
235,275,310,10.63,2.01937714478574
235,275,310,10.6375,1.02749433222502
235,275,310,10.645,-0.0684240439167908
235,275,310,10.6525,-0.875519872898478
235,275,310,10.66,-1.58913133896235
235,275,310,10.6675,2.93703303791255
235,275,310,10.675,-0.670657665738738
235,275,310,10.6825,1.5223115946416
235,275,310,10.69,1.00774733135719
235,275,310,10.6975,0.916091563358828
235,275,310,10.705,2.30635959837025
235,275,310,10.7125,0.715509892461671
235,275,310,10.72,-0.207441157958363
235,275,310,10.7275,-2.17286543011504
235,275,310,10.735,-2.43015973771293
235,275,310,10.7425,2.52496007879168
235,275,310,10.75,1.5181591196165
235,275,310,10.7575,0.620384468371989
235,275,310,10.765,-0.622533055339562
235,275,310,10.7725,-1.55075726238176
235,275,310,10.78,-2.49619684216293
235,275,310,10.7875,2.4991932323123
235,275,310,10.795,1.7016923164438
235,275,310,10.8025,0.393130729729973
235,275,310,10.81,-0.604313806424358
235,275,310,10.8175,-1.12721212519801
235,275,310,10.825,-2.18658425139444
235,275,310,10.8325,2.89358141153134
235,275,310,10.84,1.67895729382134
235,275,310,10.8475,0.563773342602431
235,275,310,10.855,0.152917148956801
235,275,310,10.8625,-1.11123894410546
235,275,310,10.87,-1.66658463160337
235,275,310,10.8775,2.28886102846787
235,275,310,10.885,2.65636770610038
235,275,310,10.8925,2.8617451656668
235,275,310,10.9,0.962419888393024
235,275,310,10.9075,1.37072996148997
235,275,310,10.915,0.797969687878322
235,275,310,10.9225,-0.573220254376866
235,275,310,10.93,-1.14185178999386
235,275,310,10.9375,-2.49252822149269
235,275,310,10.945,2.37246583332792
235,275,310,10.9525,2.03307198351231
235,275,310,10.96,1.16474836042242
235,275,310,10.9675,-0.111350360754325
235,275,310,10.975,-0.667230895981344
235,275,310,10.9825,-1.95586617659698
235,275,310,10.99,-2.75661950252024
235,275,310,10.9975,2.49373501996007
235,275,310,11.005,1.7687763943452
235,275,310,11.0125,0.471455601209595
235,275,310,11.02,-0.322053504882553
235,275,310,11.0275,-1.12731439141321
235,275,310,11.035,-2.24329674232119
235,275,310,11.0425,-3.128800683842
235,275,310,11.05,2.0056543524134
235,275,310,11.0575,1.07698555751862
235,275,310,11.065,-0.115152117154863
235,275,310,11.0725,-1.01369048620463
235,275,310,11.08,-1.80403355010013
235,275,310,11.0875,3.03341830678224
235,275,310,11.095,2.38197889636762
235,275,310,11.1025,1.15074740206247
235,275,310,11.11,0.249369582727845
235,275,310,11.1175,-0.145177247172218
235,275,310,11.125,-0.89544102187758
235,275,310,11.1325,-1.4519007104722
235,275,310,11.14,-2.34103016888232
235,275,310,11.1475,1.84318851301487
235,275,310,11.155,0.927955827793352
235,275,310,11.1625,0.0103320303496772
235,275,310,11.17,-0.343230292326722
235,275,310,11.1775,-0.173442349180713
235,275,310,11.185,-1.18120339828979
235,275,310,11.1925,-1.65708181385617
235,275,310,11.2,-1.44418411567577
235,275,310,11.2075,-2.87490931402702
235,275,310,11.215,2.27836174980967
235,275,310,11.2225,0.874260392711686
235,275,310,11.23,0.112965218724152
235,275,310,11.2375,-0.732686887907843
235,275,310,11.245,-1.72761700263314
235,275,310,11.2525,-2.49628122558863
235,275,310,11.26,2.77323901093265
235,275,310,11.2675,1.65361267818583
235,275,310,11.275,0.599668502496046
235,275,310,11.2825,-0.198342243064437
235,275,310,11.29,-1.17606658577199
235,275,310,11.2975,-2.31740156373135
235,275,310,11.305,2.98011676773423
235,275,310,11.3125,1.75500021001287
235,275,310,11.32,0.944067937470283
235,275,310,11.3275,-0.193778542841111
235,275,310,11.335,-0.901645361195109
235,275,310,11.3425,-2.09341822700009
235,275,310,11.35,-2.99920146723712
235,275,310,11.3575,2.44671163562278
235,275,310,11.365,1.35671747305356
235,275,310,11.3725,0.477322511660432
235,275,310,11.38,-0.566967303586061
235,275,310,11.3875,-1.69814250194794
235,275,310,11.395,-2.47511828998494
235,275,310,11.4025,2.92443189624053
235,275,310,11.41,1.85171123801514
235,275,310,11.4175,0.984559564979317
235,275,310,11.425,-0.906131233827633
235,275,310,11.4325,2.88881732180196
235,275,310,11.44,2.27868689139746
235,275,310,11.4475,0.0413448257697686
235,275,310,11.455,-1.18461779683673
235,275,310,11.4625,-1.91354396217447
235,275,310,11.47,2.90893599472489
235,275,310,11.4775,1.9812443831107
235,275,310,11.485,1.01714962187196
235,275,310,11.4925,-0.530253507771762
235,275,310,11.5,-1.0568313383561
235,275,310,11.5075,-1.95144418350276
235,275,310,11.515,3.00398439679604
235,275,310,11.5225,2.25520579903971
235,275,310,11.53,1.38235015038567
235,275,310,11.5375,-0.0114677886036778
235,275,310,11.545,-0.688682760130306
235,275,310,11.5525,-1.65411067666807
235,275,310,11.56,-2.63581238897268
235,275,310,11.5675,2.61629443022713
235,275,310,11.575,1.49798593748664
235,275,310,11.5825,0.445886109772005
235,275,310,11.59,-0.436193100262836
235,275,310,11.5975,-1.35065636965594
235,275,310,11.605,-2.36787369013047
235,275,310,11.6125,-3.09577443203536
235,275,310,11.62,2.39074040165306
235,275,310,11.6275,1.39501713757059
235,275,310,11.635,0.588236588393059
235,275,310,11.6425,-0.374552702546958
235,275,310,11.65,-1.06931439478085
235,275,310,11.6575,-1.8588466244202
235,275,310,11.665,-2.8200668591561
235,275,310,11.6725,2.68368869075785
235,275,310,11.68,1.70653230968163
235,275,310,11.6875,0.717265507816731
235,275,310,11.695,-0.388641451351073
235,275,310,11.7025,-1.29366825252074
235,275,310,11.71,-1.55339013886708
235,275,310,11.7175,-2.3525887442474
235,275,310,11.725,2.57000774712016
235,275,310,11.7325,1.80362847393777
235,275,310,11.74,1.03225258656699
235,275,310,11.7475,0.0163690500577477
235,275,310,11.755,-0.973668944475721
235,275,310,11.7625,-2.14577589190024
235,275,310,11.77,-3.00926624354676
235,275,310,11.7775,2.67145375378406
235,275,310,11.785,1.5475611050517
235,275,310,11.7925,1.10564306264885
235,275,310,11.8,-0.144866099235528
235,275,310,11.8075,-1.40859017362079
235,275,310,11.815,-2.15716993487893
235,275,310,11.8225,-3.13273035386678
235,275,310,11.83,2.19499337697096
235,275,310,11.8375,1.14741902237071
235,275,310,11.845,-0.360824186264972
235,275,310,11.8525,-1.07556560903533
235,275,310,11.86,-1.75972626288208
235,275,310,11.8675,-3.04669129483293
235,275,310,11.875,1.99612644367333
235,275,310,11.8825,1.30266785257407
235,275,310,11.89,0.218760376636996
235,275,310,11.8975,-1.0517961171617
235,275,310,11.905,-1.25246552230843
235,275,310,11.9125,-1.04010253427069
235,275,310,11.92,0.891311103012727
235,275,310,11.9275,-2.01884193270605
235,275,310,11.935,-3.03599330992216
235,275,310,11.9425,1.9447164410328
235,275,310,11.95,1.30121360118398
235,275,310,11.9575,0.0380776110568015
235,275,310,11.965,-0.163823850087814
235,275,310,11.9725,-1.52653147941506
235,275,310,11.98,-2.39497332606741
235,275,310,11.9875,2.88073975527857
235,275,310,11.995,1.76700621799942
235,275,310,12.0025,0.713942514229791
235,275,310,12.01,-0.0620683003924305
235,275,310,12.0175,-1.10488248836589
235,275,310,12.025,-1.71666234953487
235,275,310,12.0325,-3.02835525193158
235,275,310,12.04,2.45463106228844
235,275,310,12.0475,1.23607717840055
235,275,310,12.055,0.300761851504881
235,275,310,12.0625,-0.880741115907015
235,275,310,12.07,-1.65807384139447
235,275,310,12.0775,-2.65021943667535
235,275,310,12.085,2.53537855591864
235,275,310,12.0925,1.70765653737845
235,275,310,12.1,0.618106658727633
235,275,310,12.1075,-0.288028531550093
235,275,310,12.115,-1.70197192719992
235,275,310,12.1225,-2.77581375206072
235,275,310,12.13,2.65479595510397
235,275,310,12.1375,1.65014323336098
235,275,310,12.145,0.0644357879160468
235,275,310,12.1525,-0.452856911113241
235,275,310,12.16,-1.07314287100411
235,275,310,12.1675,3.10894442871293
235,275,310,12.175,0.846561767586276
235,275,310,12.1825,-1.20869797315889
235,275,310,12.19,-2.04751646953981
235,275,310,12.1975,-3.10306005323695
235,275,310,12.205,2.1836921317999
235,275,310,12.2125,1.10712818092738
235,275,310,12.22,0.391627678845547
235,275,310,12.2275,-0.780720566501735
235,275,310,12.235,-1.81778918293651
235,275,310,12.2425,-2.31099476789893
235,275,310,12.25,2.73219413399799
235,275,310,12.2575,1.48510723921026
235,275,310,12.265,0.859550468072524
235,275,310,12.2725,0.020203904812588
235,275,310,12.28,-1.22200855189696
235,275,310,12.2875,-2.08807381502632
235,275,310,12.295,3.04267472970851
235,275,310,12.3025,1.99672718636124
235,275,310,12.31,0.880147887891712
235,275,310,12.3175,0.0653618937288
235,275,310,12.325,-0.954718888817448
235,275,310,12.3325,-1.80359704807602
235,275,310,12.34,-2.72006722086583
235,275,310,12.3475,2.27993973286912
235,275,310,12.355,1.23039136295171
235,275,310,12.3625,0.220158931714249
235,275,310,12.37,-0.856523129304206
235,275,310,12.3775,-1.60863059644688
235,275,310,12.385,-2.6687157602659
235,275,310,12.3925,-2.32877172077905
235,275,310,12.4,2.89410349087295
235,275,310,12.4075,2.21402283112288
235,275,310,12.415,0.759994660037873
235,275,310,12.4225,-0.200338110964238
235,275,310,12.43,-0.81658329245322
235,275,310,12.4375,-1.59649643069723
235,275,310,12.445,-2.58616516053357
235,275,310,12.4525,2.87823626003523
235,275,310,12.46,1.82391537790436
235,275,310,12.4675,0.776798214397411
235,275,310,12.475,-0.130632627489891
235,275,310,12.4825,-1.02472989719821
235,275,310,12.49,-1.76087245215229
235,275,310,12.4975,-1.26922092998963
235,275,310,12.505,2.4240406883003
235,275,310,12.5125,2.31584127594537
235,275,310,12.52,1.07526464329059
235,275,310,12.5275,0.351803941364081
235,275,310,12.535,-0.27324405001775
235,275,310,12.5425,-1.90678552749886
235,275,310,12.55,-2.50559239147527
235,275,310,12.5575,2.58156930013536
235,275,310,12.565,1.9294988870691
235,275,310,12.5725,0.599954286583849
235,275,310,12.58,-0.101609855684869
235,275,310,12.5875,-1.17947230739763
235,275,310,12.595,-2.3775708853134
235,275,310,12.6025,2.84255096626004
235,275,310,12.61,1.91848399739645
235,275,310,12.6175,1.0663621997628
235,275,310,12.625,0.230731659931649
235,275,310,12.6325,-0.898116201877088
235,275,310,12.64,-2.06857224108218
235,275,310,12.6475,-2.48425496181385
235,275,310,12.655,3.12633170158569
235,275,310,12.6625,2.49465479513056
235,275,310,12.67,0.930218001872445
235,275,310,12.6775,-0.0277715649702223
235,275,310,12.685,-0.605716185610758
235,275,310,12.6925,-1.78129511256255
235,275,310,12.7,-2.26128952750518
235,275,310,12.7075,-0.568307925658378
235,275,310,12.715,2.20962691479322
235,275,310,12.7225,2.80183854892615
235,275,310,12.73,0.992104646806182
235,275,310,12.7375,0.622662580322892
235,275,310,12.745,-0.350336791894357
235,275,310,12.7525,-1.7394114846184
235,275,310,12.76,-2.37956767442665
235,275,310,12.7675,2.95884492185988
235,275,310,12.775,1.79914600853076
235,275,310,12.7825,0.663016600728375
235,275,310,12.79,-0.556427243455741
235,275,310,12.7975,-1.24522982225526
235,275,310,12.805,-2.33349338429994
235,275,310,12.8125,2.78989744945311
235,275,310,12.82,1.74112234050005
235,275,310,12.8275,0.656877095191352
235,275,310,12.835,0.003825601499119
235,275,310,12.8425,-1.33549115280928
235,275,310,12.85,-2.30617905653549
235,275,310,12.8575,2.91799315010991
235,275,310,12.865,1.73896962321521
235,275,310,12.8725,1.32846993914327
235,275,310,12.88,-0.199502806699081
235,275,310,12.8875,-1.97602523475333
235,275,310,12.895,-2.30346727100476
235,275,310,12.9025,2.33513193501207
235,275,310,12.91,2.29775740561609
235,275,310,12.9175,-0.513063358631937
235,275,310,12.925,0.484123379620199
235,275,310,12.9325,-3.14145328697859
235,275,310,12.94,-0.978299204923991
235,275,310,12.9475,-1.02194318503021
235,275,310,12.955,1.11764002553327
235,275,310,12.9625,-0.085057045757471
235,275,310,12.97,-1.32195882216076
235,275,310,12.9775,-2.78735497082993
235,275,310,12.985,2.492997241955
235,275,310,12.9925,1.46175237215061
235,275,310,13,0.0377339168481045
235,275,310,13.0075,-0.951320224809277
235,275,310,13.015,-1.91168847847451
235,275,310,13.0225,-2.45165074083286
235,275,310,13.03,2.35075808362042
235,275,310,13.0375,1.37227775712247
235,275,310,13.045,0.0374835630859009
235,275,310,13.0525,-0.455664891732496
235,275,310,13.06,-1.74668629680651
235,275,310,13.0675,-2.78179519886528
235,275,310,13.075,2.6142488909406
235,275,310,13.0825,1.397245672503
235,275,310,13.09,0.744813690334441
235,275,310,13.0975,-0.194283895203039
235,275,310,13.105,-1.29529558044283
235,275,310,13.1125,-2.10146438587906
235,275,310,13.12,3.06848308519166
235,275,310,13.1275,2.49980687104025
235,275,310,13.135,0.767629047511282
235,275,310,13.1425,-0.217363953847976
235,275,310,13.15,-1.25773719568333
235,275,310,13.1575,-1.52450531594564
235,275,310,13.165,-2.08594853095594
235,275,310,13.1725,-2.48130017763796
235,275,310,13.18,2.95918050078544
235,275,310,13.1875,1.90749600639818
235,275,310,13.195,-0.909899711622429
235,275,310,13.2025,-0.135359035013984
235,275,310,13.21,-0.183307600629602
235,275,310,13.2175,-2.29217010252171
235,275,310,13.225,-1.5475939019575
235,275,310,13.2325,3.07969712049166
235,275,310,13.24,2.43396834224376
235,275,310,13.2475,1.52953202519474
235,275,310,13.255,0.763193656903251
235,275,310,13.2625,-1.02382859719703
235,275,310,13.27,-1.28427426810228
235,275,310,13.2775,-1.60669845681123
235,275,310,13.285,-2.81213254473847
235,275,310,13.2925,2.13186844647201
235,275,310,13.3,1.38112938396345
235,275,310,13.3075,0.409058750949983
235,275,310,13.315,-0.73561102835165
235,275,310,13.3225,-1.63229492816398
235,275,310,13.33,-2.76560302458968
235,275,310,13.3375,2.76704278421732
235,275,310,13.345,1.69520014010826
235,275,310,13.3525,0.485475844960635
235,275,310,13.36,-0.352541423817464
235,275,310,13.3675,-1.46794863733466
235,275,310,13.375,-2.14487356693761
235,275,310,13.3825,3.13103650319975
235,275,310,13.39,2.41529503777962
235,275,310,13.3975,1.43306181589386
235,275,310,13.405,-0.197396770956196
235,275,310,13.4125,-0.661029373931804
235,275,310,13.42,-1.22426299692954
235,275,310,13.4275,-1.90883865004396
235,275,310,13.435,-3.04477464499637
235,275,310,13.4425,2.33284720572542
235,275,310,13.45,2.52878235168363
235,275,310,13.4575,0.533569599446276
235,275,310,13.465,-0.321402868000487
235,275,310,13.4725,-0.837459956126312
235,275,310,13.48,-1.63523129247905
235,275,310,13.4875,-2.98464251010655
235,275,310,13.495,-2.90857574952366
235,275,310,13.5025,1.93662034824038
235,275,310,13.51,1.37990995440237
235,275,310,13.5175,0.131820886192653
235,275,310,13.525,-1.04106048663979
235,275,310,13.5325,-1.91637309520302
235,275,310,13.54,-2.75563018085418
235,275,310,13.5475,2.75166323187536
235,275,310,13.555,1.43459572387009
235,275,310,13.5625,0.311980358246997
235,275,310,13.57,-0.335541764087962
235,275,310,13.5775,-1.60228031488102
235,275,310,13.585,-2.53896422856558
235,275,310,13.5925,3.03601539641572
235,275,310,13.6,1.89702135414642
235,275,310,13.6075,1.03983127741857
235,275,310,13.615,-0.396534756705737
235,275,310,13.6225,-1.24389711800855
235,275,310,13.63,-2.87802183348899
235,275,310,13.6375,3.0068265243347
235,275,310,13.645,-2.38164720400993
235,275,310,13.6525,-2.41200352963662
235,275,310,13.66,2.01370282032245
235,275,310,13.6675,1.62394433893189
235,275,310,13.675,0.0533956174919047
235,275,310,13.6825,-0.801686035804618
235,275,310,13.69,-1.44836634284081
235,275,310,13.6975,-2.70641598220068
235,275,310,13.705,2.51812043165871
235,275,310,13.7125,2.17495702596322
235,275,310,13.72,0.44561529604755
235,275,310,13.7275,0.0822277813746881
235,275,310,13.735,-0.826550026616787
235,275,310,13.7425,-1.87355316091984
235,275,310,13.75,-2.76311083733897
235,275,310,13.7575,1.69643196425461
235,275,310,13.765,1.70194160878604
235,275,310,13.7725,1.04987106841943
235,275,310,13.78,0.330467932888033
235,275,310,13.7875,-0.852499374405678
235,275,310,13.795,-2.16482649538836
235,275,310,13.8025,-3.035821870156
235,275,310,13.81,2.83051537525428
235,275,310,13.8175,1.51890351360206
235,275,310,13.825,0.435727134847314
235,275,310,13.8325,-0.0477561502607958
235,275,310,13.84,-1.47487488729469
235,275,310,13.8475,-2.7598338366656
235,275,310,13.855,2.77770424173947
235,275,310,13.8625,1.86587239729364
235,275,310,13.87,1.12960203213646
235,275,310,13.8775,0.561897248794114
235,275,310,13.885,-0.955041536196619
235,275,310,13.8925,-1.74126424921587
235,275,310,13.9,3.08482084781215
235,275,310,13.9075,2.98820275597622
235,275,310,13.915,1.94409899324239
235,275,310,13.9225,0.711490213751175
235,275,310,13.93,0.67491359532346
235,275,310,13.9375,-1.42243802747332
235,275,310,13.945,-1.07098319521121
235,275,310,13.9525,-2.79690836868697
235,275,310,13.96,-2.67429818930722
235,275,310,13.9675,1.61378461048511
235,275,310,13.975,2.26410829243104
235,275,310,13.9825,1.10021017594279
235,275,310,13.99,0.818465724080159
235,275,310,13.9975,-0.393178369022697
235,275,310,14.005,-1.77857254004261
235,275,310,14.0125,-2.88854177476391
235,275,310,14.02,2.49243732269833
235,275,310,14.0275,1.89449099700367
235,275,310,14.035,0.751251920449092
235,275,310,14.0425,-0.630639983507176
235,275,310,14.05,-1.42119798615035
235,275,310,14.0575,-2.39956067300799
235,275,310,14.065,2.68241880764288
235,275,310,14.0725,1.63125410731285
235,275,310,14.08,0.561743759563584
235,275,310,14.0875,-0.316930879188881
235,275,310,14.095,-1.26135963450299
235,275,310,14.1025,-2.05348555132724
235,275,310,14.11,2.95977643578239
235,275,310,14.1175,2.35064474830456
235,275,310,14.125,1.07299408520708
235,275,310,14.1325,0.305059844294486
235,275,310,14.14,-0.670772895579827
235,275,310,14.1475,-1.26882273904309
235,275,310,14.155,-3.09707940010251
235,275,310,14.1625,2.45542092656708
235,275,310,14.17,2.4147327341503
235,275,310,14.1775,1.80885711738018
235,275,310,14.185,-0.039639470287054
235,275,310,14.1925,-0.241888820982075
235,275,310,14.2,-0.250773505133912
235,275,310,14.2075,2.2580304797232
235,275,310,14.215,-2.52289137492163
235,275,310,14.2225,2.20786103256794
235,275,310,14.23,2.24344454787716
235,275,310,14.2375,0.761669227995279
235,275,310,14.245,-0.236027974291154
235,275,310,14.2525,-0.843474383383394
235,275,310,14.26,-1.8090759426171
235,275,310,14.2675,-2.46946932291333
235,275,310,14.275,2.59787625066148
235,275,310,14.2825,1.45619973240672
235,275,310,14.29,0.539835402500063
235,275,310,14.2975,-0.262961952492279
235,275,310,14.305,-1.46058630751755
235,275,310,14.3125,-2.27748093200788
235,275,310,14.32,2.69678010757738
235,275,310,14.3275,1.84231962434841
235,275,310,14.335,0.906574512116298
235,275,310,14.3425,0.0337467494624905
235,275,310,14.35,-1.41377436258782
235,275,310,14.3575,-2.36300595992698
235,275,310,14.365,-2.4882180074147
235,275,310,14.3725,1.28960820332559
235,275,310,14.38,1.54143532264744
235,275,310,14.3875,1.01992074561501
235,275,310,14.395,-1.33314721637099
235,275,310,14.4025,-1.89924179343298
235,275,310,14.41,-2.85754250877647
235,275,310,14.4175,-0.642725018302892
235,275,310,14.425,2.33210073775557
235,275,310,14.4325,2.56068986094048
235,275,310,14.44,1.89121183791019
235,275,310,14.4475,0.807486984396766
235,275,310,14.455,-0.620714580561563
235,275,310,14.4625,-1.55532462216568
235,275,310,14.47,-2.49894952555033
235,275,310,14.4775,-2.80858207618723
235,275,310,14.485,2.74047806202409
235,275,310,14.4925,0.80099571033546
235,275,310,14.5,0.0605496203805691
235,275,310,14.5075,0.463322636445856
235,275,310,14.515,-1.00420711253297
235,275,310,14.5225,-1.47393267588288
235,275,310,14.53,3.00426889736405
235,275,310,14.5375,1.97992535269232
235,275,310,14.545,0.992684147691089
235,275,310,14.5525,-0.372211551057963
235,275,310,14.56,-0.690986189272655
235,275,310,14.5675,-1.52363020582645
235,275,310,14.575,-2.60831032862801
235,275,310,14.5825,2.78713219390612
235,275,310,14.59,1.44892385804263
235,275,310,14.5975,0.67126463429286
235,275,310,14.605,-0.456065033042738
235,275,310,14.6125,-1.90362572691808
235,275,310,14.62,-2.24273732403316
235,275,310,14.6275,3.05270401128112
235,275,310,14.635,1.88887705148833
235,275,310,14.6425,1.01818074803874
235,275,310,14.65,0.244013736421986
235,275,310,14.6575,-0.490556341885243
235,275,310,14.665,-1.71930549692941
235,275,310,14.6725,-2.83235082414536
235,275,310,14.68,2.66112794464131
235,275,310,14.6875,2.15981377947501
235,275,310,14.695,1.47277596121051
235,275,310,14.7025,-0.139287161284978
235,275,310,14.71,-2.05172944168411
235,275,310,14.7175,-1.3228448789633
235,275,310,14.725,0.335838740823503
235,275,310,14.7325,-1.53776265633779
235,275,310,14.74,2.97361059466249
235,275,310,14.7475,1.0827007599522
235,275,310,14.755,0.837720616117781
235,275,310,14.7625,1.7002842182974
235,275,310,14.77,0.546199464454227
235,275,310,14.7775,-1.46505046139467
235,275,310,14.785,-2.60231470595513
235,275,310,14.7925,2.84755865684616
235,275,310,14.8,2.6273889195179
235,275,310,14.8075,1.55737133070301
235,275,310,14.815,0.187662329357114
235,275,310,14.8225,-0.270728220220678
235,275,310,14.83,-2.03905022930213
235,275,310,14.8375,-2.83559368841972
235,275,310,14.845,2.51057325117917
235,275,310,14.8525,2.11449632403514
235,275,310,14.86,0.19178866748085
235,275,310,14.8675,-0.455898901764936
235,275,310,14.875,-1.64795256945958
235,275,310,14.8825,-2.56066198927725
235,275,310,14.89,2.43298067232007
235,275,310,14.8975,1.19188733721702
235,275,310,14.905,0.0147084918894701
235,275,310,14.9125,0.00604041356330061
235,275,310,14.92,-0.367575454358456
235,275,310,14.9275,3.1240429882332
235,275,310,14.935,-2.54958002595006
235,275,310,14.9425,-0.846712407257518
235,275,310,14.95,2.83931268310043
235,275,310,14.9575,2.70364042386667
235,275,310,14.965,0.589299483025933
235,275,310,14.9725,0.257046088878495
235,275,310,14.98,-0.835469798011521
235,275,310,14.9875,-1.960942206205
235,275,310,14.995,-2.28201822435742
235,275,310,15.0025,2.97056872720061
235,275,310,15.01,1.43715882620361
235,275,310,15.0175,1.52803080282753
235,275,310,15.025,-0.974910607618184
235,275,310,15.0325,-1.28336777032727
235,275,310,15.04,-1.8229649056713
235,275,310,15.0475,-2.54298183319619
235,275,310,15.055,2.63558257556629
235,275,310,15.0625,1.16038729873645
235,275,310,15.07,0.860909467427693
235,275,310,15.0775,-0.0594999802057045
235,275,310,15.085,-1.10298377911423
235,275,310,15.0925,-1.96664355194913
235,275,310,15.1,2.56537700541614
235,275,310,15.1075,2.14125440123421
235,275,310,15.115,0.73269311499093
235,275,310,15.1225,-0.0615218244654798
235,275,310,15.13,-0.924205249342952
235,275,310,15.1375,-1.86677313537903
235,275,310,15.145,2.6057835423167
235,275,310,15.1525,2.13057814348685
235,275,310,15.16,0.806129135359982
235,275,310,15.1675,-0.472781273425591
235,275,310,15.175,-0.382750767890423
235,275,310,15.1825,-1.40044268604354
235,275,310,15.19,-0.954448351862881
235,275,310,15.1975,-0.564659125459881
235,275,310,15.205,-2.4197652921421
235,275,310,15.2125,-3.08766137513763
235,275,310,15.22,1.65377352529984
235,275,310,15.2275,1.41688710942451
235,275,310,15.235,0.221600545387776
235,275,310,15.2425,-0.88926018262081
235,275,310,15.25,-2.27231760423617
235,275,310,15.2575,-2.69807725621897
235,275,310,15.265,2.98197349368167
235,275,310,15.2725,2.03733795533412
235,275,310,15.28,0.924936185711797
235,275,310,15.2875,0.110020689345467
235,275,310,15.295,-1.08361338081013
235,275,310,15.3025,-1.52986305990061
235,275,310,15.31,-2.95534723182416
235,275,310,15.3175,2.19038760603701
235,275,310,15.325,1.13193324442619
235,275,310,15.3325,0.26656144914328
235,275,310,15.34,-1.1277157629017
235,275,310,15.3475,-1.32547501246555
235,275,310,15.355,-2.53950955906736
235,275,310,15.3625,2.20619720377905
235,275,310,15.37,1.23683799637405
235,275,310,15.3775,-0.272282328208022
235,275,310,15.385,-0.936440552811984
235,275,310,15.3925,-2.99284796323863
235,275,310,15.4,-2.50909471223088
235,275,310,15.4075,-2.7038985477072
235,275,310,15.415,2.10028335264837
235,275,310,15.4225,-0.710625790808584
235,275,310,15.43,0.285948652466817
235,275,310,15.4375,1.17477157357012
235,275,310,15.445,-1.28509993774768
235,275,310,15.4525,0.129592529747264
235,275,310,15.46,-2.49225421249075
235,275,310,15.4675,-1.09940817440901
235,275,310,15.475,2.65066280388505
235,275,310,15.4825,1.93879222029899
235,275,310,15.49,-0.117282495271626
235,275,310,15.4975,-0.8675972953492
235,275,310,15.505,-1.08396375053562
235,275,310,15.5125,-1.89157947148224
235,275,310,15.52,-3.06228465405115
235,275,310,15.5275,3.09062513764025
235,275,310,15.535,1.79475922866275
235,275,310,15.5425,0.676597572569872
235,275,310,15.55,-0.0450034686471052
235,275,310,15.5575,-1.21823724437262
235,275,310,15.565,-2.59541017327028
235,275,310,15.5725,-2.66659152750782
235,275,310,15.58,2.09492831245788
235,275,310,15.5875,0.897308763045235
235,275,310,15.595,0.0991477993076674
235,275,310,15.6025,-1.69030041921618
235,275,310,15.61,-2.40994850149761
235,275,310,15.6175,2.8016587308542
235,275,310,15.625,2.85024520578317
235,275,310,15.6325,0.969710021143
235,275,310,15.64,-0.381704574908262
235,275,310,15.6475,-0.364617695987155
235,275,310,15.655,-2.63183854067083
235,275,310,15.6625,-1.23753897808134
235,275,310,15.67,0.846271011700208
235,275,310,15.6775,2.99060868321024
235,275,310,15.685,1.44572338458106
235,275,310,15.6925,0.637831017320849
235,275,310,15.7,3.02856964888648
235,275,310,15.7075,-1.7877222357677
235,275,310,15.715,-1.53632721523585
235,275,310,15.7225,2.63533478708634
235,275,310,15.73,1.93893278560261
235,275,310,15.7375,2.35078214674618
235,275,310,15.745,1.66633378759766
235,275,310,15.7525,0.806232218073338
235,275,310,15.76,-2.10071300754149
235,275,310,15.7675,-1.29463390343307
235,275,310,15.775,-3.10850456990146
235,275,310,15.7825,-2.49280739496796
235,275,310,15.79,1.99572107448341
235,275,310,15.7975,0.372321199477435
235,275,310,15.805,-0.583240328099866
235,275,310,15.8125,-1.41709546209056
235,275,310,15.82,-1.93314625769744
235,275,310,15.8275,-3.06389857059475
235,275,310,15.835,2.59618385158305
235,275,310,15.8425,2.29229331684182
235,275,310,15.85,1.72911273245644
235,275,310,15.8575,0.727435159957709
235,275,310,15.865,-1.19082747677631
235,275,310,15.8725,-2.634285054849
235,275,310,15.88,1.98675813129521
235,275,310,15.8875,1.15263277289713
235,275,310,15.895,0.883893847959122
235,275,310,15.9025,-0.666609323683931
235,275,310,15.91,2.46778766992988
235,275,310,15.9175,-3.07588918938877
235,275,310,15.925,2.5672860154135
235,275,310,15.9325,1.72717651205298
235,275,310,15.94,1.12679180978784
235,275,310,15.9475,1.72132675673226
235,275,310,15.955,0.748724972997713
235,275,310,15.9625,-0.807062701958847
235,275,310,15.97,-2.7448085673595
235,275,310,15.9775,0.551178407457092
235,275,310,15.985,-2.50832215624229
235,275,310,15.9925,-5.51058379121972e-05
235,275,310,16,2.86729332743254
235,275,309,4,-2.1937967723923
235,275,309,4.0075,3.12704365877496
235,275,309,4.015,2.39713286788229
235,275,309,4.0225,1.18539958140074
235,275,309,4.03,1.15980300345602
235,275,309,4.0375,0.475159453058099
235,275,309,4.045,-0.229046847164606
235,275,309,4.0525,-1.02669780140133
235,275,309,4.06,-1.94700663069164
235,275,309,4.0675,-2.82284943517461
235,275,309,4.075,2.65336623664413
235,275,309,4.0825,1.93022511021379
235,275,309,4.09,1.03076900623867
235,275,309,4.0975,0.00598308545009709
235,275,309,4.105,-0.893432399048816
235,275,309,4.1125,-1.71360825897042
235,275,309,4.12,-2.80428329895908
235,275,309,4.1275,2.41591226833576
235,275,309,4.135,1.52797438110914
235,275,309,4.1425,0.499045443491106
235,275,309,4.15,-0.545782973146792
235,275,309,4.1575,-1.376303365561
235,275,309,4.165,-2.45965749911816
235,275,309,4.1725,2.89657631954397
235,275,309,4.18,1.91376479336465
235,275,309,4.1875,0.880371120581137
235,275,309,4.195,0.0125127261195636
235,275,309,4.2025,-1.03601762700676
235,275,309,4.21,-2.03031319471813
235,275,309,4.2175,-3.09394394533402
235,275,309,4.225,2.16047382047134
235,275,309,4.2325,1.22427665959096
235,275,309,4.24,0.244096300604182
235,275,309,4.2475,-0.69790282432033
235,275,309,4.255,-1.6176464687678
235,275,309,4.2625,-2.44360305818027
235,275,309,4.27,2.71027066493018
235,275,309,4.2775,2.1469832563251
235,275,309,4.285,1.33685715791776
235,275,309,4.2925,0.564191859802742
235,275,309,4.3,-0.289305699605036
235,275,309,4.3075,-1.45996512188212
235,275,309,4.315,-2.52720305284754
235,275,309,4.3225,2.58196217152473
235,275,309,4.33,2.18003828317893
235,275,309,4.3375,-2.27933626820467
235,275,309,4.345,2.80865813470759
235,275,309,4.3525,1.33227531626769
235,275,309,4.36,-0.0182144276763459
235,275,309,4.3675,-0.94345565859045
235,275,309,4.375,-1.96811238495103
235,275,309,4.3825,-2.99617461017518
235,275,309,4.39,2.25894427303269
235,275,309,4.3975,1.14420819907014
235,275,309,4.405,0.126443531481363
235,275,309,4.4125,-0.74130980292731
235,275,309,4.42,-1.67869031242637
235,275,309,4.4275,-2.69068941043662
235,275,309,4.435,2.61138949567108
235,275,309,4.4425,1.49153705908094
235,275,309,4.45,0.69701419727098
235,275,309,4.4575,-0.379881176215902
235,275,309,4.465,-1.37230183548397
235,275,309,4.4725,-2.39107340569618
235,275,309,4.48,3.03386159269954
235,275,309,4.4875,2.22311012924219
235,275,309,4.495,1.09302977473706
235,275,309,4.5025,0.248242375247488
235,275,309,4.51,-0.684726044582725
235,275,309,4.5175,-1.33503089869652
235,275,309,4.525,-2.11980419991152
235,275,309,4.5325,-2.86089096661543
235,275,309,4.54,2.38944803017232
235,275,309,4.5475,1.45880066605015
235,275,309,4.555,0.45448079757376
235,275,309,4.5625,-0.663764088085296
235,275,309,4.57,-1.86094094951227
235,275,309,4.5775,-2.54458104526804
235,275,309,4.585,2.53789726676678
235,275,309,4.5925,1.81002517438002
235,275,309,4.6,1.83572060729054
235,275,309,4.6075,1.6283873681157
235,275,309,4.615,0.972286520441676
235,275,309,4.6225,-0.27134465206081
235,275,309,4.63,-1.40085592264678
235,275,309,4.6375,-2.48614389468626
235,275,309,4.645,2.6930544452958
235,275,309,4.6525,1.7385755644644
235,275,309,4.66,0.952727363937314
235,275,309,4.6675,-0.0449128777961545
235,275,309,4.675,-1.25288624775742
235,275,309,4.6825,-2.15506965293967
235,275,309,4.69,-2.85843788101289
235,275,309,4.6975,2.4800010069055
235,275,309,4.705,1.25226638807947
235,275,309,4.7125,0.209507287690182
235,275,309,4.72,-0.677142482583392
235,275,309,4.7275,-1.80189601890564
235,275,309,4.735,-2.74283415116002
235,275,309,4.7425,2.84595944098278
235,275,309,4.75,1.28823736300909
235,275,309,4.7575,0.477562749363805
235,275,309,4.765,-0.902748956944758
235,275,309,4.7725,-1.66598780890442
235,275,309,4.78,-3.07757966719976
235,275,309,4.7875,-0.732571915067507
235,275,309,4.795,3.06643220819161
235,275,309,4.8025,-1.63963622477407
235,275,309,4.81,2.26706484231432
235,275,309,4.8175,2.03406831770386
235,275,309,4.825,0.457129673140809
235,275,309,4.8325,-0.272463382309577
235,275,309,4.84,-1.08121709142229
235,275,309,4.8475,-2.04937096392784
235,275,309,4.855,-3.0623743042652
235,275,309,4.8625,2.13866911520429
235,275,309,4.87,0.86631029347243
235,275,309,4.8775,-0.112738004685225
235,275,309,4.885,-1.23530928242718
235,275,309,4.8925,-2.19835364713433
235,275,309,4.9,3.05548175288883
235,275,309,4.9075,1.975412349276
235,275,309,4.915,1.1614287984169
235,275,309,4.9225,0.211736689217065
235,275,309,4.93,-0.756169880613797
235,275,309,4.9375,-1.56700963938618
235,275,309,4.945,-2.52107657122257
235,275,309,4.9525,2.81807789081128
235,275,309,4.96,1.91455374931001
235,275,309,4.9675,0.771702056308556
235,275,309,4.975,-0.217624067361002
235,275,309,4.9825,-1.28017377153607
235,275,309,4.99,-2.28499719401167
235,275,309,4.9975,2.8521268881875
235,275,309,5.005,1.80008525987964
235,275,309,5.0125,0.848068748256464
235,275,309,5.02,-0.257756763408796
235,275,309,5.0275,-0.906670202471226
235,275,309,5.035,-2.48614912279905
235,275,309,5.0425,-3.01295304822819
235,275,309,5.05,1.47474005342772
235,275,309,5.0575,-0.390531400447783
235,275,309,5.065,-1.46908834677708
235,275,309,5.0725,-2.70147306728815
235,275,309,5.08,1.96825550252575
235,275,309,5.0875,1.01972997110083
235,275,309,5.095,-0.0746917029191578
235,275,309,5.1025,-1.09059829001102
235,275,309,5.11,-2.25396344885707
235,275,309,5.1175,3.10250784666763
235,275,309,5.125,1.73484201567359
235,275,309,5.1325,0.977886256075021
235,275,309,5.14,-0.225808834495442
235,275,309,5.1475,-1.2607769662451
235,275,309,5.155,-1.99227323588268
235,275,309,5.1625,-3.05169753511962
235,275,309,5.17,2.40299822738315
235,275,309,5.1775,1.59674353445989
235,275,309,5.185,0.755366265983727
235,275,309,5.1925,-0.306528810510223
235,275,309,5.2,-1.25484939926834
235,275,309,5.2075,-2.32887977975255
235,275,309,5.215,2.82242390767147
235,275,309,5.2225,1.87393303638146
235,275,309,5.23,1.06961244559304
235,275,309,5.2375,-0.225916615685672
235,275,309,5.245,-1.09105248780951
235,275,309,5.2525,-2.29085741021254
235,275,309,5.26,-3.02446491573591
235,275,309,5.2675,2.33271217749558
235,275,309,5.275,1.66115975675488
235,275,309,5.2825,1.10300934536316
235,275,309,5.29,-0.428455454911305
235,275,309,5.2975,-1.50168518420469
235,275,309,5.305,2.85409480095079
235,275,309,5.3125,1.83601927779969
235,275,309,5.32,0.0233335428988736
235,275,309,5.3275,-2.25825817283171
235,275,309,5.335,2.69688829785229
235,275,309,5.3425,1.68812221104385
235,275,309,5.35,0.388252787312629
235,275,309,5.3575,-0.570738639038205
235,275,309,5.365,-2.18122573340997
235,275,309,5.3725,-2.76203978997017
235,275,309,5.38,3.02405224575573
235,275,309,5.3875,1.74503495902375
235,275,309,5.395,1.01022859871976
235,275,309,5.4025,0.0134818018604431
235,275,309,5.41,-0.705393343096961
235,275,309,5.4175,-1.59068236356228
235,275,309,5.425,-2.81015611029596
235,275,309,5.4325,2.30866004324949
235,275,309,5.44,1.68362138236193
235,275,309,5.4475,0.428316966312228
235,275,309,5.455,-0.601015984964318
235,275,309,5.4625,-1.73093852579128
235,275,309,5.47,-2.57228417513834
235,275,309,5.4775,2.66179285431343
235,275,309,5.485,1.36374892997062
235,275,309,5.4925,0.352782605601792
235,275,309,5.5,-1.92287663901303
235,275,309,5.5075,2.52911965896053
235,275,309,5.515,0.429975646591804
235,275,309,5.5225,-2.05543283258057
235,275,309,5.53,-2.2496817263017
235,275,309,5.5375,-2.91034925499874
235,275,309,5.545,2.2868801052344
235,275,309,5.5525,1.3242352054588
235,275,309,5.56,0.0629347495304602
235,275,309,5.5675,-0.81398166467505
235,275,309,5.575,-1.48151942275411
235,275,309,5.5825,-2.43916498170169
235,275,309,5.59,3.03769619230216
235,275,309,5.5975,1.76057682544687
235,275,309,5.605,0.619729226261648
235,275,309,5.6125,-0.432850477094656
235,275,309,5.62,-1.48141563177129
235,275,309,5.6275,-2.22685953801209
235,275,309,5.635,3.10180202736838
235,275,309,5.6425,2.10892906021985
235,275,309,5.65,1.12435326320023
235,275,309,5.6575,0.212223933227969
235,275,309,5.665,-0.605541705569522
235,275,309,5.6725,-1.60134276473
235,275,309,5.68,-3.03876895496234
235,275,309,5.6875,2.28790922225875
235,275,309,5.695,1.37970616955778
235,275,309,5.7025,0.075458078125489
235,275,309,5.71,-1.21175666537188
235,275,309,5.7175,-2.0044580871693
235,275,309,5.725,3.06482231094282
235,275,309,5.7325,2.56001524704849
235,275,309,5.74,0.551840749842197
235,275,309,5.7475,-1.89565211108478
235,275,309,5.755,2.50058168502099
235,275,309,5.7625,-2.58939400233974
235,275,309,5.77,1.50447519176598
235,275,309,5.7775,-0.685118883096817
235,275,309,5.785,-1.10395257163017
235,275,309,5.7925,-2.01339758220425
235,275,309,5.8,-3.06491964838093
235,275,309,5.8075,2.12039999963
235,275,309,5.815,1.3664626795538
235,275,309,5.8225,0.302795250918011
235,275,309,5.83,-0.875796488317517
235,275,309,5.8375,-1.76210382691341
235,275,309,5.845,-2.7278928414118
235,275,309,5.8525,2.80139111856898
235,275,309,5.86,1.53877577922328
235,275,309,5.8675,0.610060895381279
235,275,309,5.875,-0.347964047463319
235,275,309,5.8825,-1.53030221490879
235,275,309,5.89,-2.64487253496609
235,275,309,5.8975,2.81585381685883
235,275,309,5.905,1.79868505488363
235,275,309,5.9125,0.82569262443235
235,275,309,5.92,-0.166521991162753
235,275,309,5.9275,-1.17726966650228
235,275,309,5.935,-2.14329450591751
235,275,309,5.9425,-3.05160593668865
235,275,309,5.95,2.3847355282537
235,275,309,5.9575,1.41900255811995
235,275,309,5.965,0.203476794837288
235,275,309,5.9725,-0.677475461644746
235,275,309,5.98,-1.56076617644287
235,275,309,5.9875,-2.17569249898919
235,275,309,5.995,2.54508108095724
235,275,309,6.0025,2.43810032884559
235,275,309,6.01,1.52151060439932
235,275,309,6.0175,-0.0742374510780702
235,275,309,6.025,-0.104833500442616
235,275,309,6.0325,-1.42123047422095
235,275,309,6.04,-2.57095913848647
235,275,309,6.0475,-0.361976376801856
235,275,309,6.055,-2.12952419438049
235,275,309,6.0625,-3.07342413893705
235,275,309,6.07,2.45470823220213
235,275,309,6.0775,1.23387787222586
235,275,309,6.085,0.460451076436551
235,275,309,6.0925,-0.582039296593957
235,275,309,6.1,-1.45303675961478
235,275,309,6.1075,-2.46792511349562
235,275,309,6.115,2.88070757499844
235,275,309,6.1225,1.62422844562651
235,275,309,6.13,0.502513086825537
235,275,309,6.1375,-0.583701395070083
235,275,309,6.145,-1.54664264923835
235,275,309,6.1525,-2.72801534325513
235,275,309,6.16,2.71747849880101
235,275,309,6.1675,1.65383129809415
235,275,309,6.175,0.922637017987666
235,275,309,6.1825,0.015349660393328
235,275,309,6.19,-1.14101444937373
235,275,309,6.1975,-2.35493799603019
235,275,309,6.205,-2.95832428649224
235,275,309,6.2125,2.65152129668557
235,275,309,6.22,1.83876094622851
235,275,309,6.2275,0.484259889921438
235,275,309,6.235,-0.453275784919771
235,275,309,6.2425,-1.46372760105604
235,275,309,6.25,-1.39288786334041
235,275,309,6.2575,-0.757516791445729
235,275,309,6.265,-2.83780439328216
235,275,309,6.2725,2.699596305553
235,275,309,6.28,1.38947123496414
235,275,309,6.2875,0.771474276519503
235,275,309,6.295,0.487347581085175
235,275,309,6.3025,-0.959040380975528
235,275,309,6.31,-1.87139261831627
235,275,309,6.3175,-2.995922670701
235,275,309,6.325,2.67528821217385
235,275,309,6.3325,1.61174628697191
235,275,309,6.34,0.729866209228422
235,275,309,6.3475,-0.207422142570994
235,275,309,6.355,-1.35594634465106
235,275,309,6.3625,-2.53399152923221
235,275,309,6.37,2.67829661858577
235,275,309,6.3775,1.73476037711394
235,275,309,6.385,0.728651166018097
235,275,309,6.3925,-0.347813090283878
235,275,309,6.4,-1.04204245531028
235,275,309,6.4075,-2.41621853295266
235,275,309,6.415,2.96518737736195
235,275,309,6.4225,2.0773162903904
235,275,309,6.43,1.23529155329725
235,275,309,6.4375,0.781945206823354
235,275,309,6.445,-0.337097541883543
235,275,309,6.4525,-1.51093624384868
235,275,309,6.46,-2.02297713502526
235,275,309,6.4675,2.84210366558782
235,275,309,6.475,2.56798871125261
235,275,309,6.4825,1.55885254760888
235,275,309,6.49,1.5029780096637
235,275,309,6.4975,0.752540652799115
235,275,309,6.505,-0.504681390434705
235,275,309,6.5125,-0.986519100213391
235,275,309,6.52,-1.99976737901212
235,275,309,6.5275,-3.10008576298671
235,275,309,6.535,2.05909018321612
235,275,309,6.5425,1.34651942563339
235,275,309,6.55,0.113301076001178
235,275,309,6.5575,-0.233553977686831
235,275,309,6.565,-1.46497301424148
235,275,309,6.5725,-2.05197847254775
235,275,309,6.58,3.10675792302961
235,275,309,6.5875,1.99225489943864
235,275,309,6.595,1.20805394032361
235,275,309,6.6025,0.43728272855425
235,275,309,6.61,-0.78042384119853
235,275,309,6.6175,-1.74521742901066
235,275,309,6.625,-2.68407178811069
235,275,309,6.6325,2.48719175641861
235,275,309,6.64,1.67289303418971
235,275,309,6.6475,0.891209436290799
235,275,309,6.655,-0.255476232405518
235,275,309,6.6625,-1.27752611459504
235,275,309,6.67,-2.24342806034537
235,275,309,6.6775,2.93116551584653
235,275,309,6.685,1.93689339741687
235,275,309,6.6925,1.3159488612688
235,275,309,6.7,0.876249803469084
235,275,309,6.7075,-0.321260732949584
235,275,309,6.715,-1.4237282163333
235,275,309,6.7225,-2.43117226808095
235,275,309,6.73,3.0806318550427
235,275,309,6.7375,2.04236918449844
235,275,309,6.745,1.21393724101718
235,275,309,6.7525,0.207235436824696
235,275,309,6.76,-0.878710610209835
235,275,309,6.7675,-1.8427620550929
235,275,309,6.775,-2.5658178447353
235,275,309,6.7825,-2.92196927485344
235,275,309,6.79,2.47921325159306
235,275,309,6.7975,2.73010944266785
235,275,309,6.805,1.38396160867152
235,275,309,6.8125,0.34609719777899
235,275,309,6.82,-0.363447166968494
235,275,309,6.8275,-1.50188793506154
235,275,309,6.835,-2.31126526349764
235,275,309,6.8425,2.71617691000993
235,275,309,6.85,1.77551804977766
235,275,309,6.8575,0.822323560541421
235,275,309,6.865,-0.0320226482694533
235,275,309,6.8725,-1.03687013994982
235,275,309,6.88,-2.03914059303506
235,275,309,6.8875,-3.04220057646681
235,275,309,6.895,2.26273373553416
235,275,309,6.9025,1.24105077093883
235,275,309,6.91,0.459820791697473
235,275,309,6.9175,-0.601882773327273
235,275,309,6.925,-1.50443816811397
235,275,309,6.9325,-2.67591846987838
235,275,309,6.94,2.75347666096708
235,275,309,6.9475,1.77208654892141
235,275,309,6.955,0.921079325559652
235,275,309,6.9625,0.057277095136748
235,275,309,6.97,-1.07529058919001
235,275,309,6.9775,-1.68086026672362
235,275,309,6.985,-2.58494138488547
235,275,309,6.9925,2.85452444665493
235,275,309,7,1.97867058074365
235,275,309,7.0075,1.41784225510396
235,275,309,7.015,0.561882399924668
235,275,309,7.0225,-0.484415144372641
235,275,309,7.03,-1.39860213005401
235,275,309,7.0375,-2.13610578833533
235,275,309,7.045,-2.72393569584231
235,275,309,7.0525,2.25438286202945
235,275,309,7.06,1.52698226713951
235,275,309,7.0675,0.675254308077536
235,275,309,7.075,-0.270287496014606
235,275,309,7.0825,-1.26575210459161
235,275,309,7.09,-2.03856423025729
235,275,309,7.0975,3.02283387201129
235,275,309,7.105,2.09530920895617
235,275,309,7.1125,1.16284132553904
235,275,309,7.12,-0.0439719891405659
235,275,309,7.1275,-0.819547356893175
235,275,309,7.135,-1.88003683413272
235,275,309,7.1425,-2.89371294019432
235,275,309,7.15,2.53984579012567
235,275,309,7.1575,1.35779252691005
235,275,309,7.165,0.379594279370121
235,275,309,7.1725,-0.0735814020503915
235,275,309,7.18,-1.2576974219704
235,275,309,7.1875,-2.04670158973718
235,275,309,7.195,-3.06002504434033
235,275,309,7.2025,2.62063770123544
235,275,309,7.21,1.50484665976341
235,275,309,7.2175,1.00618781186484
235,275,309,7.225,0.241586227331573
235,275,309,7.2325,-0.910137641460588
235,275,309,7.24,-1.37978582528067
235,275,309,7.2475,-2.88153984724731
235,275,309,7.255,2.90912843172254
235,275,309,7.2625,2.09552676795901
235,275,309,7.27,1.2329037822295
235,275,309,7.2775,0.0992367586192074
235,275,309,7.285,-0.788593492173118
235,275,309,7.2925,-2.01956643987601
235,275,309,7.3,-2.67116420098175
235,275,309,7.3075,2.36862552704455
235,275,309,7.315,1.71686073011702
235,275,309,7.3225,0.827606188140469
235,275,309,7.33,-0.146745746850791
235,275,309,7.3375,-0.836654548481465
235,275,309,7.345,-1.79239987792922
235,275,309,7.3525,-2.66484456965864
235,275,309,7.36,2.48826145014396
235,275,309,7.3675,1.64219022321025
235,275,309,7.375,0.778805632207402
235,275,309,7.3825,-0.293769966787438
235,275,309,7.39,-1.1191286945257
235,275,309,7.3975,-1.95910553379877
235,275,309,7.405,-2.94941654750353
235,275,309,7.4125,2.46771724949823
235,275,309,7.42,1.65035917134848
235,275,309,7.4275,0.479310319421267
235,275,309,7.435,-0.330758046378078
235,275,309,7.4425,-1.26356852840939
235,275,309,7.45,-2.25523468442712
235,275,309,7.4575,3.02931410837128
235,275,309,7.465,2.16795233453988
235,275,309,7.4725,1.18994106089591
235,275,309,7.48,0.214789156409558
235,275,309,7.4875,-0.695725082129075
235,275,309,7.495,-1.46759672941668
235,275,309,7.5025,-2.56066212219123
235,275,309,7.51,2.86414151884539
235,275,309,7.5175,1.9945163643225
235,275,309,7.525,0.858852161557885
235,275,309,7.5325,0.388723953101068
235,275,309,7.54,-0.811301060482953
235,275,309,7.5475,-1.10053228593598
235,275,309,7.555,-1.93357048495111
235,275,309,7.5625,3.04956974004934
235,275,309,7.57,2.2412670542663
235,275,309,7.5775,1.68014477213419
235,275,309,7.585,0.848323426756591
235,275,309,7.5925,0.185292441279521
235,275,309,7.6,-0.989630294036351
235,275,309,7.6075,-1.85293435276069
235,275,309,7.615,-2.75662563142292
235,275,309,7.6225,2.46917437236439
235,275,309,7.63,1.54300637646184
235,275,309,7.6375,0.622954921444226
235,275,309,7.645,-0.433908779519081
235,275,309,7.6525,-1.4280978535861
235,275,309,7.66,-2.431795976695
235,275,309,7.6675,2.83668160807615
235,275,309,7.675,1.82255245978543
235,275,309,7.6825,0.800209754967918
235,275,309,7.69,-0.0500803149962525
235,275,309,7.6975,-1.14190399672459
235,275,309,7.705,-2.01863207061267
235,275,309,7.7125,-2.58380602663308
235,275,309,7.72,2.81637229068345
235,275,309,7.7275,1.68144826382774
235,275,309,7.735,1.06006636270874
235,275,309,7.7425,0.431757860405403
235,275,309,7.75,-1.00758763467209
235,275,309,7.7575,-1.45744830041611
235,275,309,7.765,-2.50074722736005
235,275,309,7.7725,3.07026069380559
235,275,309,7.78,2.0661640888652
235,275,309,7.7875,1.07186125841454
235,275,309,7.795,0.341180366698545
235,275,309,7.8025,-0.667183377933023
235,275,309,7.81,-1.77930334777762
235,275,309,7.8175,-2.52699137798189
235,275,309,7.825,2.69032091897533
235,275,309,7.8325,1.89829969509992
235,275,309,7.84,1.14196669189408
235,275,309,7.8475,0.146261530187386
235,275,309,7.855,-0.439054579319607
235,275,309,7.8625,-1.45096283826638
235,275,309,7.87,-2.56948630720186
235,275,309,7.8775,2.75366742624648
235,275,309,7.885,1.79956310627603
235,275,309,7.8925,0.817006500165716
235,275,309,7.9,0.0321114933558436
235,275,309,7.9075,-0.96963765729976
235,275,309,7.915,-2.04651203485332
235,275,309,7.9225,-2.86068966481529
235,275,309,7.93,2.56406949156965
235,275,309,7.9375,1.74254650353917
235,275,309,7.945,0.936921804353344
235,275,309,7.9525,-0.115677272231437
235,275,309,7.96,-0.79352567415596
235,275,309,7.9675,-1.80204738188967
235,275,309,7.975,-2.61614287844426
235,275,309,7.9825,2.71434936403733
235,275,309,7.99,1.48472889101273
235,275,309,7.9975,0.924187616040993
235,275,309,8.005,-0.187772854455148
235,275,309,8.0125,-1.03143093264016
235,275,309,8.02,-1.83482573197002
235,275,309,8.0275,-3.01156071548397
235,275,309,8.035,2.49416359260182
235,275,309,8.0425,1.57679570327728
235,275,309,8.05,0.387546317824729
235,275,309,8.0575,-0.367875493849741
235,275,309,8.065,-1.29767144477672
235,275,309,8.0725,-2.34066052141638
235,275,309,8.08,-2.83344336362305
235,275,309,8.0875,2.41671213699777
235,275,309,8.095,1.52087504822985
235,275,309,8.1025,1.03895058990067
235,275,309,8.11,0.133577792810347
235,275,309,8.1175,-0.814920693077256
235,275,309,8.125,-1.65070866045066
235,275,309,8.1325,-2.76175396155455
235,275,309,8.14,2.74079071416535
235,275,309,8.1475,1.65172988006446
235,275,309,8.155,0.605162147591075
235,275,309,8.1625,-0.0634088509644886
235,275,309,8.17,-1.30952726672487
235,275,309,8.1775,-2.11231764029236
235,275,309,8.185,3.12465296250753
235,275,309,8.1925,2.25132431707891
235,275,309,8.2,1.41273886074624
235,275,309,8.2075,0.457373705637409
235,275,309,8.215,-0.532046060804372
235,275,309,8.2225,-1.59002352226425
235,275,309,8.23,-2.44244901662307
235,275,309,8.2375,3.0869418539178
235,275,309,8.245,1.77264662451416
235,275,309,8.2525,1.16075762905836
235,275,309,8.26,0.141102017469639
235,275,309,8.2675,-1.0030408961438
235,275,309,8.275,-1.91971453017922
235,275,309,8.2825,-3.04718965507306
235,275,309,8.29,2.11027045128144
235,275,309,8.2975,1.51107053039922
235,275,309,8.305,0.459518027642003
235,275,309,8.3125,0.628296283501071
235,275,309,8.32,0.0801660710988432
235,275,309,8.3275,-0.71100961195277
235,275,309,8.335,-1.84267032711344
235,275,309,8.3425,-2.46363940070915
235,275,309,8.35,2.64984669574802
235,275,309,8.3575,1.74384363543742
235,275,309,8.365,0.916343695070449
235,275,309,8.3725,-0.250409653284524
235,275,309,8.38,-1.20745123989054
235,275,309,8.3875,-2.10672722129294
235,275,309,8.395,3.10788867743327
235,275,309,8.4025,2.22182755917943
235,275,309,8.41,1.08754459065456
235,275,309,8.4175,0.280479626140033
235,275,309,8.425,-0.882419154112741
235,275,309,8.4325,-1.73615897845818
235,275,309,8.44,-2.71531811550223
235,275,309,8.4475,2.87071282808199
235,275,309,8.455,1.83444958568297
235,275,309,8.4625,0.926193753074658
235,275,309,8.47,0.00130249527504199
235,275,309,8.4775,-0.809936632624387
235,275,309,8.485,-1.62823803299948
235,275,309,8.4925,-2.53961604401887
235,275,309,8.5,2.7545900217277
235,275,309,8.5075,1.81715435228396
235,275,309,8.515,0.730446836231831
235,275,309,8.5225,-0.232859136327752
235,275,309,8.53,-1.07179185608733
235,275,309,8.5375,-2.08776234660533
235,275,309,8.545,-3.12065464969966
235,275,309,8.5525,2.24506043621538
235,275,309,8.56,1.22844595816317
235,275,309,8.5675,0.528064866718268
235,275,309,8.575,-0.67902681214219
235,275,309,8.5825,-1.60498601895168
235,275,309,8.59,-1.9646199843746
235,275,309,8.5975,-2.99674953174308
235,275,309,8.605,2.94673474898349
235,275,309,8.6125,1.87829287722162
235,275,309,8.62,0.462735494016918
235,275,309,8.6275,0.111578093061713
235,275,309,8.635,-0.915440454555839
235,275,309,8.6425,-1.49816996914269
235,275,309,8.65,-2.54621335956311
235,275,309,8.6575,2.56921209350157
235,275,309,8.665,2.09594122850988
235,275,309,8.6725,0.982282953928241
235,275,309,8.68,0.163431056194975
235,275,309,8.6875,-0.779973536385719
235,275,309,8.695,-1.63205824083955
235,275,309,8.7025,-2.51554142689347
235,275,309,8.71,2.95029090277653
235,275,309,8.7175,1.91562135647106
235,275,309,8.725,0.853385675424344
235,275,309,8.7325,-0.227621701671723
235,275,309,8.74,-1.14547173483029
235,275,309,8.7475,-2.10951996820875
235,275,309,8.755,-3.13578273754944
235,275,309,8.7625,2.60508119408331
235,275,309,8.77,1.29263081305624
235,275,309,8.7775,0.213032246518914
235,275,309,8.785,-0.630425632716945
235,275,309,8.7925,-1.66121186159796
235,275,309,8.8,-2.50536426202876
235,275,309,8.8075,2.73878610870288
235,275,309,8.815,1.9472994187854
235,275,309,8.8225,1.47716661547882
235,275,309,8.83,1.05516298684386
235,275,309,8.8375,-0.526399954059371
235,275,309,8.845,-0.778277893884509
235,275,309,8.8525,-1.70894055069096
235,275,309,8.86,-2.80098194775623
235,275,309,8.8675,2.49449693518309
235,275,309,8.875,1.56804506230041
235,275,309,8.8825,0.783519378407867
235,275,309,8.89,-0.0053642608722764
235,275,309,8.8975,-1.04876807266916
235,275,309,8.905,-1.82582696323167
235,275,309,8.9125,-2.84546285872544
235,275,309,8.92,2.38300812855792
235,275,309,8.9275,1.40891018584525
235,275,309,8.935,0.519446447618925
235,275,309,8.9425,-0.492877136138247
235,275,309,8.95,-1.39953355114664
235,275,309,8.9575,-2.3303402155064
235,275,309,8.965,3.08653617365239
235,275,309,8.9725,2.09894553331767
235,275,309,8.98,1.29572926197073
235,275,309,8.9875,0.205258807522135
235,275,309,8.995,-0.636339854634927
235,275,309,9.0025,-1.87342028998356
235,275,309,9.01,-2.67947073038942
235,275,309,9.0175,2.46150958685478
235,275,309,9.025,1.64054196046662
235,275,309,9.0325,0.989172874274155
235,275,309,9.04,-0.291697194962155
235,275,309,9.0475,-0.975787794246913
235,275,309,9.055,-1.72858358218815
235,275,309,9.0625,-1.98610556958876
235,275,309,9.07,-3.08110642413234
235,275,309,9.0775,2.76822624579281
235,275,309,9.085,1.54819674008252
235,275,309,9.0925,0.750318726279628
235,275,309,9.1,-0.151940810943203
235,275,309,9.1075,-1.15261399824015
235,275,309,9.115,-2.24785745634546
235,275,309,9.1225,-3.03594454816359
235,275,309,9.13,2.18289670971341
235,275,309,9.1375,1.2068596806872
235,275,309,9.145,0.200650320670763
235,275,309,9.1525,-0.579184535797722
235,275,309,9.16,-1.64033061526539
235,275,309,9.1675,-2.41556056075662
235,275,309,9.175,2.87819528120406
235,275,309,9.1825,1.83939239171479
235,275,309,9.19,1.10797272210732
235,275,309,9.1975,0.245871191886969
235,275,309,9.205,-0.821191657656634
235,275,309,9.2125,-1.38746541672202
235,275,309,9.22,-2.68927228146118
235,275,309,9.2275,2.9292373737855
235,275,309,9.235,1.99512758866148
235,275,309,9.2425,1.05383035968587
235,275,309,9.25,0.211289286947966
235,275,309,9.2575,-0.79688967837705
235,275,309,9.265,-1.83671607699342
235,275,309,9.2725,-2.96443131950108
235,275,309,9.28,2.44709487028592
235,275,309,9.2875,1.50479703098628
235,275,309,9.295,0.595479367625712
235,275,309,9.3025,-0.424117612760446
235,275,309,9.31,-1.34365617757699
235,275,309,9.3175,-2.16498189215129
235,275,309,9.325,-3.12772069471071
235,275,309,9.3325,1.95144699449645
235,275,309,9.34,1.12487898464161
235,275,309,9.3475,0.136649022133802
235,275,309,9.355,-0.279373061679913
235,275,309,9.3625,-1.54340057364617
235,275,309,9.37,-2.44093251254634
235,275,309,9.3775,-2.49860973216056
235,275,309,9.385,3.10411667657006
235,275,309,9.3925,2.12722685658552
235,275,309,9.4,1.37022494342162
235,275,309,9.4075,0.466298823659789
235,275,309,9.415,-0.448997636231776
235,275,309,9.4225,-1.19992140110265
235,275,309,9.43,-2.15127757523619
235,275,309,9.4375,-3.11994578097551
235,275,309,9.445,1.88010227452572
235,275,309,9.4525,0.742500323846319
235,275,309,9.46,-0.0356564889159909
235,275,309,9.4675,-0.820396365621326
235,275,309,9.475,-1.82023041463993
235,275,309,9.4825,-2.70697224329527
235,275,309,9.49,2.37446807525177
235,275,309,9.4975,1.34905929279744
235,275,309,9.505,0.638724820320095
235,275,309,9.5125,-0.477719901786027
235,275,309,9.52,-1.69357268240817
235,275,309,9.5275,-2.34517207798581
235,275,309,9.535,2.76803587882815
235,275,309,9.5425,1.74876287711718
235,275,309,9.55,0.651975857478916
235,275,309,9.5575,-0.148331338199048
235,275,309,9.565,-1.07303624667893
235,275,309,9.5725,-2.17817875052651
235,275,309,9.58,-2.58864805738052
235,275,309,9.5875,-3.00418803240366
235,275,309,9.595,2.16069823929183
235,275,309,9.6025,1.53061941063206
235,275,309,9.61,0.785150192515153
235,275,309,9.6175,0.289861124860536
235,275,309,9.625,-1.00374253908439
235,275,309,9.6325,-1.85728362241943
235,275,309,9.64,-2.69435467065078
235,275,309,9.6475,2.42117795112508
235,275,309,9.655,1.62227132299118
235,275,309,9.6625,0.455310028086329
235,275,309,9.67,-0.56200371509625
235,275,309,9.6775,-1.59917722344208
235,275,309,9.685,-2.49322474436574
235,275,309,9.6925,3.06402608028982
235,275,309,9.7,1.89671219295469
235,275,309,9.7075,0.964568585446187
235,275,309,9.715,0.313252570594081
235,275,309,9.7225,-0.816100329776811
235,275,309,9.73,-1.77473100561347
235,275,309,9.7375,-2.12346900505258
235,275,309,9.745,2.92957413871454
235,275,309,9.7525,2.22392520398347
235,275,309,9.76,1.12059864608292
235,275,309,9.7675,0.155527444794576
235,275,309,9.775,-0.900609131298014
235,275,309,9.7825,-1.73920057280276
235,275,309,9.79,-2.68407474773595
235,275,309,9.7975,2.59725259790982
235,275,309,9.805,1.62672180016456
235,275,309,9.8125,0.694213230838476
235,275,309,9.82,0.139788528530067
235,275,309,9.8275,-0.567258793851211
235,275,309,9.835,-1.58652096114737
235,275,309,9.8425,-2.36233456446164
235,275,309,9.85,2.79771916615151
235,275,309,9.8575,1.87855265621203
235,275,309,9.865,1.21696686340971
235,275,309,9.8725,0.326391544480932
235,275,309,9.88,-0.717943740362482
235,275,309,9.8875,-1.62609097105757
235,275,309,9.895,-2.25304587710912
235,275,309,9.9025,2.91984752823346
235,275,309,9.91,1.83584536978193
235,275,309,9.9175,1.22778959996302
235,275,309,9.925,0.219073658744021
235,275,309,9.9325,-0.516782406959519
235,275,309,9.94,-1.5683355683538
235,275,309,9.9475,-2.45489932619975
235,275,309,9.955,2.8719247609911
235,275,309,9.9625,2.04612761361803
235,275,309,9.97,1.08078207137361
235,275,309,9.9775,0.0347388875573834
235,275,309,9.985,-0.92851632348275
235,275,309,9.9925,-1.87811171027384
235,275,309,10,-2.88626457478814
235,275,309,10.0075,2.44724723738642
235,275,309,10.015,1.54323906689319
235,275,309,10.0225,0.398108886060469
235,275,309,10.03,-0.380809786523579
235,275,309,10.0375,-1.47676096706853
235,275,309,10.045,-2.45789219700944
235,275,309,10.0525,2.78197067174192
235,275,309,10.06,1.60109652596737
235,275,309,10.0675,1.04396621155952
235,275,309,10.075,0.0322144808054186
235,275,309,10.0825,-0.924553949146908
235,275,309,10.09,-2.21663080531787
235,275,309,10.0975,-2.61972174853444
235,275,309,10.105,2.75505400593138
235,275,309,10.1125,1.61619170908344
235,275,309,10.12,-0.00678878990157496
235,275,309,10.1275,0.388639396968204
235,275,309,10.135,-0.796193289341621
235,275,309,10.1425,-0.797536447650009
235,275,309,10.15,-1.53671368762305
235,275,309,10.1575,-2.171165146911
235,275,309,10.165,-2.73368471660508
235,275,309,10.1725,2.05860628321038
235,275,309,10.18,1.47882000530915
235,275,309,10.1875,0.493207289417837
235,275,309,10.195,-0.62823872899697
235,275,309,10.2025,-1.65453249293315
235,275,309,10.21,-2.57402252058228
235,275,309,10.2175,2.82941420751345
235,275,309,10.225,1.74036560349912
235,275,309,10.2325,0.763484997575405
235,275,309,10.24,-0.271286689034324
235,275,309,10.2475,-1.19187625020115
235,275,309,10.255,-2.45971826739137
235,275,309,10.2625,3.0132344823386
235,275,309,10.27,1.96055933370305
235,275,309,10.2775,1.09064788633274
235,275,309,10.285,0.181627266948551
235,275,309,10.2925,-0.74765852407047
235,275,309,10.3,-1.87761932187005
235,275,309,10.3075,-2.7529501929953
235,275,309,10.315,2.79999707701555
235,275,309,10.3225,1.64055190322414
235,275,309,10.33,0.625518946262249
235,275,309,10.3375,-0.174028026873415
235,275,309,10.345,-1.52817512866402
235,275,309,10.3525,-2.35523291478421
235,275,309,10.36,-2.92599342741089
235,275,309,10.3675,1.64358533272034
235,275,309,10.375,1.68446074156874
235,275,309,10.3825,1.24926272856548
235,275,309,10.39,0.701712836945658
235,275,309,10.3975,0.227717013432209
235,275,309,10.405,-1.5219840706832
235,275,309,10.4125,-1.80791559335177
235,275,309,10.42,-3.04644414278844
235,275,309,10.4275,2.30079095186365
235,275,309,10.435,1.16759124531323
235,275,309,10.4425,0.588278316338726
235,275,309,10.45,-0.895586762284008
235,275,309,10.4575,-1.15845616415965
235,275,309,10.465,-2.27208835115439
235,275,309,10.4725,3.01366141836888
235,275,309,10.48,2.00954486841905
235,275,309,10.4875,1.87315244672662
235,275,309,10.495,0.492736271050343
235,275,309,10.5025,-0.610262614542901
235,275,309,10.51,-1.34643930308282
235,275,309,10.5175,-2.4078518901521
235,275,309,10.525,2.7973479082288
235,275,309,10.5325,2.28525331482838
235,275,309,10.54,0.965810073481141
235,275,309,10.5475,0.325675202116233
235,275,309,10.555,-0.623210676429049
235,275,309,10.5625,-1.79874048424749
235,275,309,10.57,-2.83219874635271
235,275,309,10.5775,2.52465989272942
235,275,309,10.585,1.40245507265991
235,275,309,10.5925,0.836941189490582
235,275,309,10.6,-0.410418283247731
235,275,309,10.6075,-1.20125848186103
235,275,309,10.615,-1.92885667667138
235,275,309,10.6225,-2.81172430364592
235,275,309,10.63,-2.91667476563949
235,275,309,10.6375,2.36119317327015
235,275,309,10.645,1.18487389123526
235,275,309,10.6525,0.482291980802114
235,275,309,10.66,-0.666550921062531
235,275,309,10.6675,-1.27309492241448
235,275,309,10.675,-2.13536285967649
235,275,309,10.6825,2.80667036417168
235,275,309,10.69,2.35673700574818
235,275,309,10.6975,1.52334805525583
235,275,309,10.705,0.59103136049691
235,275,309,10.7125,-0.346158949559025
235,275,309,10.72,-1.34321392441976
235,275,309,10.7275,-2.30115406296558
235,275,309,10.735,2.64212524011517
235,275,309,10.7425,2.00787317279925
235,275,309,10.75,0.836646660833416
235,275,309,10.7575,0.144904416715023
235,275,309,10.765,-0.927215519224708
235,275,309,10.7725,-2.32628334292712
235,275,309,10.78,3.07204602663094
235,275,309,10.7875,2.09133293586963
235,275,309,10.795,0.814218101361018
235,275,309,10.8025,-0.191294537267083
235,275,309,10.81,-1.35472915308084
235,275,309,10.8175,-2.21755547846702
235,275,309,10.825,2.86269368331307
235,275,309,10.8325,2.22657513686042
235,275,309,10.84,1.26841104488114
235,275,309,10.8475,0.301033492201799
235,275,309,10.855,-1.81503735806321
235,275,309,10.8625,-2.93372093494546
235,275,309,10.87,2.57247016144068
235,275,309,10.8775,0.0453272116408604
235,275,309,10.885,-1.61708212539919
235,275,309,10.8925,-2.2196235281055
235,275,309,10.9,2.8551719442013
235,275,309,10.9075,1.58457698860866
235,275,309,10.915,0.494910471930337
235,275,309,10.9225,-0.677062860383516
235,275,309,10.93,-1.65750090229749
235,275,309,10.9375,-2.39471337103617
235,275,309,10.945,2.95597271578489
235,275,309,10.9525,1.88793771389767
235,275,309,10.96,0.878892636530154
235,275,309,10.9675,0.0473923678727268
235,275,309,10.975,-0.858916070702778
235,275,309,10.9825,-1.90188213772734
235,275,309,10.99,-2.97781348199674
235,275,309,10.9975,2.37171196741202
235,275,309,11.005,1.34137575809121
235,275,309,11.0125,0.503788163893275
235,275,309,11.02,-0.505982622557148
235,275,309,11.0275,-1.56096773046133
235,275,309,11.035,-2.66560115009341
235,275,309,11.0425,2.95717338428996
235,275,309,11.05,1.73589226149247
235,275,309,11.0575,0.744480854201048
235,275,309,11.065,-0.144436799077871
235,275,309,11.0725,-1.21839107526534
235,275,309,11.08,-2.25261269981934
235,275,309,11.0875,-3.02737472485567
235,275,309,11.095,1.70505116320677
235,275,309,11.1025,1.87453080143786
235,275,309,11.11,0.810917013134912
235,275,309,11.1175,-0.128093875330578
235,275,309,11.125,1.17778870414929
235,275,309,11.1325,-1.2375121006738
235,275,309,11.14,-1.29341671678624
235,275,309,11.1475,2.8285074038428
235,275,309,11.155,3.12714476806459
235,275,309,11.1625,1.80471307058741
235,275,309,11.17,0.998674740382602
235,275,309,11.1775,0.522700253264087
235,275,309,11.185,-1.13137876221463
235,275,309,11.1925,-1.64881180420422
235,275,309,11.2,-2.45128366257996
235,275,309,11.2075,2.9473942057615
235,275,309,11.215,1.87450335947025
235,275,309,11.2225,0.912476501777212
235,275,309,11.23,-0.0706174059845698
235,275,309,11.2375,-1.34438229395003
235,275,309,11.245,-2.33309390178016
235,275,309,11.2525,-3.11798879249111
235,275,309,11.26,2.16896172313883
235,275,309,11.2675,1.16320854008978
235,275,309,11.275,0.174007189612109
235,275,309,11.2825,-0.464628789806625
235,275,309,11.29,-1.45517042850375
235,275,309,11.2975,-2.3081024867776
235,275,309,11.305,3.07457225597707
235,275,309,11.3125,1.99284595226834
235,275,309,11.32,0.858451931283318
235,275,309,11.3275,0.15074020336736
235,275,309,11.335,-1.21231033201214
235,275,309,11.3425,-2.08607807584591
235,275,309,11.35,-2.80245741922131
235,275,309,11.3575,2.86639718940855
235,275,309,11.365,1.88531431796077
235,275,309,11.3725,1.13322371831054
235,275,309,11.38,0.327119270536073
235,275,309,11.3875,-0.68680955758779
235,275,309,11.395,-1.05419311375265
235,275,309,11.4025,-2.3452690303867
235,275,309,11.41,-2.57333474293806
235,275,309,11.4175,3.07386325407157
235,275,309,11.425,1.35295366158849
235,275,309,11.4325,1.00460379672641
235,275,309,11.44,-0.098385469127967
235,275,309,11.4475,-0.972313701621839
235,275,309,11.455,-1.99552419592867
235,275,309,11.4625,3.03239422491785
235,275,309,11.47,2.20720385650115
235,275,309,11.4775,1.35467168862493
235,275,309,11.485,0.222681540757559
235,275,309,11.4925,-0.685538140357097
235,275,309,11.5,-1.91405665509987
235,275,309,11.5075,-2.58365665714299
235,275,309,11.515,2.6727044338107
235,275,309,11.5225,1.56894880124131
235,275,309,11.53,0.38222147252294
235,275,309,11.5375,-0.139069994702897
235,275,309,11.545,-1.29555671678199
235,275,309,11.5525,-2.34474292472398
235,275,309,11.56,2.77548498966368
235,275,309,11.5675,2.11712561753649
235,275,309,11.575,0.889020087958315
235,275,309,11.5825,0.432259575601233
235,275,309,11.59,-0.720840224420344
235,275,309,11.5975,-1.77811275155372
235,275,309,11.605,-2.25189694247654
235,275,309,11.6125,-2.57247519695653
235,275,309,11.62,2.76319312027257
235,275,309,11.6275,3.02577629081687
235,275,309,11.635,2.00319518925819
235,275,309,11.6425,1.17880744433351
235,275,309,11.65,0.0779532507614769
235,275,309,11.6575,-1.03565205077847
235,275,309,11.665,-1.66049006798403
235,275,309,11.6725,-2.86006406317745
235,275,309,11.68,2.50533195282393
235,275,309,11.6875,1.37710157187966
235,275,309,11.695,0.458287826123405
235,275,309,11.7025,-0.614933241916903
235,275,309,11.71,-1.68870064732823
235,275,309,11.7175,-2.56100768194104
235,275,309,11.725,2.73882599749832
235,275,309,11.7325,1.57613576244888
235,275,309,11.74,0.648821179695442
235,275,309,11.7475,-0.202664474315909
235,275,309,11.755,-1.2976492300891
235,275,309,11.7625,-2.33046778359425
235,275,309,11.77,2.94089518887475
235,275,309,11.7775,1.92459710145911
235,275,309,11.785,0.916701517541306
235,275,309,11.7925,0.266807288653413
235,275,309,11.8,-0.512761365410451
235,275,309,11.8075,-1.43539120395329
235,275,309,11.815,-2.50772719659944
235,275,309,11.8225,2.87392039233783
235,275,309,11.83,1.51365753863554
235,275,309,11.8375,0.699162253175561
235,275,309,11.845,-0.655608573448211
235,275,309,11.8525,-1.79053832920269
235,275,309,11.86,-2.69285794760786
235,275,309,11.8675,-1.53507617188922
235,275,309,11.875,2.41619122677761
235,275,309,11.8825,-1.50242242242657
235,275,309,11.89,2.41573880344827
235,275,309,11.8975,1.70733769368327
235,275,309,11.905,0.750438020820659
235,275,309,11.9125,-0.604517435195777
235,275,309,11.92,-1.59122646410631
235,275,309,11.9275,-2.10019163773709
235,275,309,11.935,3.05637704305756
235,275,309,11.9425,1.96251782467048
235,275,309,11.95,1.02789235962302
235,275,309,11.9575,-0.205615981873807
235,275,309,11.965,-1.27799013982348
235,275,309,11.9725,-2.02715843611637
235,275,309,11.98,-3.05969900268101
235,275,309,11.9875,2.32034890616131
235,275,309,11.995,1.40726998092898
235,275,309,12.0025,0.81056864633934
235,275,309,12.01,-0.313216114921329
235,275,309,12.0175,-0.958145147532891
235,275,309,12.025,-1.85562307582715
235,275,309,12.0325,2.8955286996869
235,275,309,12.04,2.2667713336631
235,275,309,12.0475,1.09766095564426
235,275,309,12.055,0.30987698487752
235,275,309,12.0625,-0.918954803215703
235,275,309,12.07,-1.90729172527658
235,275,309,12.0775,-2.79732970500638
235,275,309,12.085,2.38972673681511
235,275,309,12.0925,1.67671587717003
235,275,309,12.1,0.48394423526476
235,275,309,12.1075,-0.326352784821016
235,275,309,12.115,-0.659841296882964
235,275,309,12.1225,-2.04060304950399
235,275,309,12.13,-1.85291885150853
235,275,309,12.1375,-2.10176119115443
235,275,309,12.145,3.08896943300984
235,275,309,12.1525,1.90237074489136
235,275,309,12.16,0.673943424634433
235,275,309,12.1675,-0.210673776213735
235,275,309,12.175,-0.808899776137263
235,275,309,12.1825,-1.85654886941652
235,275,309,12.19,-2.84820192386104
235,275,309,12.1975,2.50025289197642
235,275,309,12.205,1.63833814871152
235,275,309,12.2125,0.826979843899609
235,275,309,12.22,-0.655545291435381
235,275,309,12.2275,-1.25988854929131
235,275,309,12.235,-2.61558832750688
235,275,309,12.2425,2.93965152537813
235,275,309,12.25,2.01752104287863
235,275,309,12.2575,1.31899872738252
235,275,309,12.265,0.0197278606255548
235,275,309,12.2725,-0.77529656398064
235,275,309,12.28,-2.14666044348853
235,275,309,12.2875,-2.61668219089689
235,275,309,12.295,2.78022080763049
235,275,309,12.3025,1.67164895267356
235,275,309,12.31,0.468683190973202
235,275,309,12.3175,-0.907867950407714
235,275,309,12.325,-2.12461948440558
235,275,309,12.3325,-2.38403574716515
235,275,309,12.34,2.01051735314232
235,275,309,12.3475,-1.77637739765717
235,275,309,12.355,-0.834793334849062
235,275,309,12.3625,2.64488257656177
235,275,309,12.37,1.68940705584869
235,275,309,12.3775,0.472901834469214
235,275,309,12.385,-0.609987755939594
235,275,309,12.3925,-1.81725045647192
235,275,309,12.4,-2.50858613764326
235,275,309,12.4075,2.72960705446073
235,275,309,12.415,1.78448855507887
235,275,309,12.4225,0.873292559504487
235,275,309,12.43,-0.684982015630134
235,275,309,12.4375,-1.50617560091812
235,275,309,12.445,-2.52840488471817
235,275,309,12.4525,2.89989769731234
235,275,309,12.46,2.03679003102857
235,275,309,12.4675,0.790796108681695
235,275,309,12.475,-0.23226713594443
235,275,309,12.4825,-0.831989532830831
235,275,309,12.49,-2.16707478126523
235,275,309,12.4975,-2.77696623968445
235,275,309,12.505,2.65328971864114
235,275,309,12.5125,1.33242924273446
235,275,309,12.52,0.0729231604469699
235,275,309,12.5275,-0.677247149460859
235,275,309,12.535,-1.46205691439549
235,275,309,12.5425,-2.34731556133288
235,275,309,12.55,2.87377600187073
235,275,309,12.5575,1.65833973395379
235,275,309,12.565,0.471422994844001
235,275,309,12.5725,-0.347992121424233
235,275,309,12.58,-1.36465279284898
235,275,309,12.5875,-1.45155314479681
235,275,309,12.595,-3.12889002556568
235,275,309,12.6025,1.06303507120546
235,275,309,12.61,1.8733292795655
235,275,309,12.6175,-0.950490153201678
235,275,309,12.625,-1.60458856395656
235,275,309,12.6325,1.52869036880669
235,275,309,12.64,0.000238934625345137
235,275,309,12.6475,-0.579935043617511
235,275,309,12.655,-1.43415501326031
235,275,309,12.6625,-2.70526319642902
235,275,309,12.67,2.4465096593368
235,275,309,12.6775,1.72428739895089
235,275,309,12.685,0.597231582773039
235,275,309,12.6925,-0.867593754955833
235,275,309,12.7,-1.42966442389217
235,275,309,12.7075,-2.63499174011604
235,275,309,12.715,2.93467506345399
235,275,309,12.7225,1.77123454345814
235,275,309,12.73,1.06436715723215
235,275,309,12.7375,-0.101004678459964
235,275,309,12.745,-1.25848095350515
235,275,309,12.7525,-2.14111765074269
235,275,309,12.76,-3.00275880755878
235,275,309,12.7675,1.97348579362752
235,275,309,12.775,1.41202214050799
235,275,309,12.7825,0.165616903130044
235,275,309,12.79,-1.10973568531259
235,275,309,12.7975,-2.17068004456197
235,275,309,12.805,3.09224679569644
235,275,309,12.8125,2.25132075766393
235,275,309,12.82,1.09388756980699
235,275,309,12.8275,0.533503217394982
235,275,309,12.835,-0.394971458708776
235,275,309,12.8425,-1.64784296000456
235,275,309,12.85,-2.36733035929971
235,275,309,12.8575,2.04409780759774
235,275,309,12.865,0.722009318014141
235,275,309,12.8725,-0.852418499192151
235,275,309,12.88,-2.65852990391515
235,275,309,12.8875,1.71323248443846
235,275,309,12.895,1.1274516757503
235,275,309,12.9025,-0.655927649649702
235,275,309,12.91,-1.01163662277564
235,275,309,12.9175,-2.52091189123665
235,275,309,12.925,2.61325297362529
235,275,309,12.9325,2.1048405859999
235,275,309,12.94,0.961825360641008
235,275,309,12.9475,0.195029026267552
235,275,309,12.955,-0.660553345324189
235,275,309,12.9625,-2.04422001180781
235,275,309,12.97,-3.07924322555773
235,275,309,12.9775,2.38341089743878
235,275,309,12.985,1.46949568846552
235,275,309,12.9925,-0.177244889702204
235,275,309,13,-0.775402470994317
235,275,309,13.0075,-1.84796336628725
235,275,309,13.015,-3.01737048190311
235,275,309,13.0225,2.21127087561428
235,275,309,13.03,2.2825520327541
235,275,309,13.0375,0.330725894462176
235,275,309,13.045,-0.781007182972656
235,275,309,13.0525,-0.812242063152367
235,275,309,13.06,-2.49164590910338
235,275,309,13.0675,-3.03631223336668
235,275,309,13.075,2.4460935580255
235,275,309,13.0825,0.576754346990609
235,275,309,13.09,-0.5181250293224
235,275,309,13.0975,-1.26888406139563
235,275,309,13.105,-2.22674076916073
235,275,309,13.1125,1.42726197132215
235,275,309,13.12,0.494775998746301
235,275,309,13.1275,-1.96578464633193
235,275,309,13.135,2.99868373830925
235,275,309,13.1425,1.64089078130809
235,275,309,13.15,1.00052252221386
235,275,309,13.1575,0.00838052534230193
235,275,309,13.165,-1.01822364339893
235,275,309,13.1725,-2.16355194124431
235,275,309,13.18,-2.98102765474805
235,275,309,13.1875,2.35601905002576
235,275,309,13.195,1.27705972772705
235,275,309,13.2025,0.287216416810762
235,275,309,13.21,-0.742477132355378
235,275,309,13.2175,-1.75391261490859
235,275,309,13.225,-2.7788235260427
235,275,309,13.2325,2.27319632034636
235,275,309,13.24,1.67749647161313
235,275,309,13.2475,0.506894518332387
235,275,309,13.255,-0.415389454857787
235,275,309,13.2625,-1.23310512480207
235,275,309,13.27,-2.34268512890593
235,275,309,13.2775,-3.03066058851283
235,275,309,13.285,1.05951341920344
235,275,309,13.2925,1.32263044983612
235,275,309,13.3,1.00001658756568
235,275,309,13.3075,-1.17591242046066
235,275,309,13.315,-1.51331862505764
235,275,309,13.3225,-1.98698794330658
235,275,309,13.33,-2.97675162625751
235,275,309,13.3375,2.18543195096476
235,275,309,13.345,1.88425597516402
235,275,309,13.3525,0.366419060947932
235,275,309,13.36,-0.997954552590096
235,275,309,13.3675,1.11789123622224
235,275,309,13.375,-0.111399973967451
235,275,309,13.3825,0.326969340490135
235,275,309,13.39,-2.02582986892829
235,275,309,13.3975,2.83951132115342
235,275,309,13.405,1.88722614835215
235,275,309,13.4125,1.0800495613145
235,275,309,13.42,0.0671352273964375
235,275,309,13.4275,-0.952341213402128
235,275,309,13.435,-2.03693964774348
235,275,309,13.4425,-3.02579720798208
235,275,309,13.45,2.24842431315654
235,275,309,13.4575,1.17027926220398
235,275,309,13.465,0.115021024029613
235,275,309,13.4725,-0.701599486835535
235,275,309,13.48,-1.61744254951394
235,275,309,13.4875,-2.63063452203657
235,275,309,13.495,2.36700118946526
235,275,309,13.5025,1.32446368764872
235,275,309,13.51,0.735429594687848
235,275,309,13.5175,-0.485611167999668
235,275,309,13.525,-0.684567723994038
235,275,309,13.5325,-2.08210084232773
235,275,309,13.54,-3.11759863364147
235,275,309,13.5475,2.56591302463424
235,275,309,13.555,1.50896497022382
235,275,309,13.5625,0.66181400250181
235,275,309,13.57,-0.631268164343674
235,275,309,13.5775,-1.94223171302945
235,275,309,13.585,-2.70660863213504
235,275,309,13.5925,2.63563841700214
235,275,309,13.6,1.71619592188236
235,275,309,13.6075,0.756210027528077
235,275,309,13.615,-0.387071670402137
235,275,309,13.6225,1.31016450435233
235,275,309,13.63,1.01178101280388
235,275,309,13.6375,0.379676982597627
235,275,309,13.645,-1.287543295079
235,275,309,13.6525,-2.91791754150803
235,275,309,13.66,3.03034680484272
235,275,309,13.6675,1.28018338282313
235,275,309,13.675,0.502755323339422
235,275,309,13.6825,-0.806906014725
235,275,309,13.69,-1.56273521849008
235,275,309,13.6975,-2.59555537266157
235,275,309,13.705,2.48255551497241
235,275,309,13.7125,1.72393691062896
235,275,309,13.72,0.63897528718628
235,275,309,13.7275,-0.301608940620129
235,275,309,13.735,-1.0094345118488
235,275,309,13.7425,-2.42830894414795
235,275,309,13.75,-2.88589057169815
235,275,309,13.7575,2.27973191193459
235,275,309,13.765,1.76259188830656
235,275,309,13.7725,0.783244713882704
235,275,309,13.78,-0.505903196851436
235,275,309,13.7875,-1.12482288433063
235,275,309,13.795,-2.16050272143855
235,275,309,13.8025,-2.79955192983039
235,275,309,13.81,2.31299296228536
235,275,309,13.8175,0.949439291128036
235,275,309,13.825,0.0942690504956326
235,275,309,13.8325,-1.14256552114978
235,275,309,13.84,-1.44893136048649
235,275,309,13.8475,3.09904310680957
235,275,309,13.855,1.39492912573924
235,275,309,13.8625,-3.07654908388111
235,275,309,13.87,2.20238946393874
235,275,309,13.8775,0.472604666448941
235,275,309,13.885,0.668269432795433
235,275,309,13.8925,-0.225605355963326
235,275,309,13.9,-1.48166687836953
235,275,309,13.9075,-2.54336905859527
235,275,309,13.915,2.99015103939004
235,275,309,13.9225,1.72981594321711
235,275,309,13.93,0.822779922936706
235,275,309,13.9375,-0.265377229559864
235,275,309,13.945,-1.2031433033239
235,275,309,13.9525,-2.20781949305096
235,275,309,13.96,2.75981331775664
235,275,309,13.9675,2.09963530937102
235,275,309,13.975,0.982899538223931
235,275,309,13.9825,-0.109874767108803
235,275,309,13.99,-0.78930911783018
235,275,309,13.9975,-1.96772611958516
235,275,309,14.005,-2.77605674742716
235,275,309,14.0125,2.28598985678082
235,275,309,14.02,1.76505704309502
235,275,309,14.0275,1.43369434188174
235,275,309,14.035,0.199457857588733
235,275,309,14.0425,-0.85941287898956
235,275,309,14.05,-1.74397196550099
235,275,309,14.0575,-2.68884142576598
235,275,309,14.065,1.93744426049399
235,275,309,14.0725,1.75037135590798
235,275,309,14.08,0.651419663181434
235,275,309,14.0875,-0.080182228645757
235,275,309,14.095,-0.843577231902889
235,275,309,14.1025,-2.64228429462973
235,275,309,14.11,3.02343073361211
235,275,309,14.1175,-2.07712954199122
235,275,309,14.125,2.70392610154934
235,275,309,14.1325,2.0605205899289
235,275,309,14.14,0.570530438241923
235,275,309,14.1475,0.114472656014557
235,275,309,14.155,-0.434075356259402
235,275,309,14.1625,-2.71211821634013
235,275,309,14.17,3.11784706571524
235,275,309,14.1775,2.83082260205986
235,275,309,14.185,1.31022996308671
235,275,309,14.1925,0.290823576961343
235,275,309,14.2,-0.452209491925351
235,275,309,14.2075,-1.05743311009681
235,275,309,14.215,-2.14972720976275
235,275,309,14.2225,2.81916313170108
235,275,309,14.23,1.65698850876542
235,275,309,14.2375,0.911935679610818
235,275,309,14.245,0.0454609549551639
235,275,309,14.2525,-1.30731076860662
235,275,309,14.26,-2.21152277484334
235,275,309,14.2675,-2.886195476526
235,275,309,14.275,1.7998598846847
235,275,309,14.2825,1.04238549445643
235,275,309,14.29,0.174789496990533
235,275,309,14.2975,-0.926412004473193
235,275,309,14.305,-1.72452419875905
235,275,309,14.3125,-2.96958115310653
235,275,309,14.32,2.89129005177124
235,275,309,14.3275,1.22237025002572
235,275,309,14.335,0.796934671279817
235,275,309,14.3425,-0.396870611445031
235,275,309,14.35,-1.46136684314716
235,275,309,14.3575,-0.518401429264683
235,275,309,14.365,2.40560609605499
235,275,309,14.3725,-0.143366737853535
235,275,309,14.38,-1.71987438641095
235,275,309,14.3875,2.93058603495491
235,275,309,14.395,2.35429187235952
235,275,309,14.4025,1.29854907678663
235,275,309,14.41,-0.764895639908399
235,275,309,14.4175,-1.33174830527903
235,275,309,14.425,-2.95794119335983
235,275,309,14.4325,-2.70624441799334
235,275,309,14.44,2.02789456812611
235,275,309,14.4475,0.843494318931298
235,275,309,14.455,0.456212213139067
235,275,309,14.4625,-0.993866494885141
235,275,309,14.47,-2.10923991433713
235,275,309,14.4775,3.10134918913197
235,275,309,14.485,2.49383795371158
235,275,309,14.4925,1.06584966933927
235,275,309,14.5,0.181571579923658
235,275,309,14.5075,-0.885836083356195
235,275,309,14.515,-2.07493233870043
235,275,309,14.5225,2.76019756563847
235,275,309,14.53,2.34350859337729
235,275,309,14.5375,1.03849261092465
235,275,309,14.545,0.665355115261593
235,275,309,14.5525,-0.130083305474101
235,275,309,14.56,-1.26807227039123
235,275,309,14.5675,-2.56903083026761
235,275,309,14.575,3.05888792392874
235,275,309,14.5825,1.84949286901733
235,275,309,14.59,1.6192961939013
235,275,309,14.5975,0.440243280234267
235,275,309,14.605,-0.24454000839462
235,275,309,14.6125,-0.629136956282037
235,275,309,14.62,-1.75722643559709
235,275,309,14.6275,-3.02848485769722
235,275,309,14.635,-2.33952464466967
235,275,309,14.6425,0.107618457063972
235,275,309,14.65,-2.93342329528308
235,275,309,14.6575,1.24284810248462
235,275,309,14.665,-0.0529476150297023
235,275,309,14.6725,-0.835980846157605
235,275,309,14.68,-1.9409709167758
235,275,309,14.6875,2.54842340141814
235,275,309,14.695,2.18698948261438
235,275,309,14.7025,1.71990346822994
235,275,309,14.71,0.320589911430477
235,275,309,14.7175,-1.02335713465201
235,275,309,14.725,-1.87991868526002
235,275,309,14.7325,-3.08095306137734
235,275,309,14.74,-3.10061061541585
235,275,309,14.7475,2.55092430684796
235,275,309,14.755,0.553352590448882
235,275,309,14.7625,-0.432020493066209
235,275,309,14.77,-0.804511006379393
235,275,309,14.7775,-2.3514665245025
235,275,309,14.785,-3.09539621654206
235,275,309,14.7925,-3.0068836048936
235,275,309,14.8,1.79719167916744
235,275,309,14.8075,0.58540267152216
235,275,309,14.815,-0.514964826752907
235,275,309,14.8225,-1.22683952245727
235,275,309,14.83,-2.41886032739352
235,275,309,14.8375,2.2050143283104
235,275,309,14.845,1.54297542986932
235,275,309,14.8525,0.384990827368889
235,275,309,14.86,-1.77848528368685
235,275,309,14.8675,-2.35848172244485
235,275,309,14.875,2.49817484542766
235,275,309,14.8825,1.27783732484155
235,275,309,14.89,-0.720169524301341
235,275,309,14.8975,-1.94078639940974
235,275,309,14.905,-2.9354400480647
235,275,309,14.9125,2.62992709457611
235,275,309,14.92,1.03449418296001
235,275,309,14.9275,0.0843826321338031
235,275,309,14.935,-0.556570692780477
235,275,309,14.9425,-1.57289762619241
235,275,309,14.95,-2.60705530660044
235,275,309,14.9575,2.06719323864123
235,275,309,14.965,0.661170943455229
235,275,309,14.9725,-0.394134415698069
235,275,309,14.98,-0.439726777669624
235,275,309,14.9875,-1.47434842404101
235,275,309,14.995,-2.69964263799812
235,275,309,15.0025,2.72982837265922
235,275,309,15.01,1.76145230242176
235,275,309,15.0175,0.296813812541831
235,275,309,15.025,-0.819110921941993
235,275,309,15.0325,-1.1863402277323
235,275,309,15.04,-2.45064940479663
235,275,309,15.0475,3.1151507586546
235,275,309,15.055,2.350231434814
235,275,309,15.0625,1.17243634846987
235,275,309,15.07,-0.811371443639082
235,275,309,15.0775,-1.07037243990396
235,275,309,15.085,-2.52064347897658
235,275,309,15.0925,2.89461896597688
235,275,309,15.1,2.84048918506559
235,275,309,15.1075,0.419466132398122
235,275,309,15.115,-0.568338088492714
235,275,309,15.1225,-2.62874850222014
235,275,309,15.13,-1.60768357111743
235,275,309,15.1375,2.20518183001013
235,275,309,15.145,-0.169097898172453
235,275,309,15.1525,-1.37197894519116
235,275,309,15.16,-2.34313134876193
235,275,309,15.1675,2.20082645302981
235,275,309,15.175,1.58382553820728
235,275,309,15.1825,0.911078448273549
235,275,309,15.19,-0.497858861564028
235,275,309,15.1975,-1.76539377612104
235,275,309,15.205,-2.61382701495763
235,275,309,15.2125,2.53567368955091
235,275,309,15.22,1.757230963846
235,275,309,15.2275,0.425609482485466
235,275,309,15.235,-0.35315795431268
235,275,309,15.2425,-1.43279300335844
235,275,309,15.25,-2.23711039481451
235,275,309,15.2575,2.9320471315588
235,275,309,15.265,1.50223659205595
235,275,309,15.2725,1.39560828144394
235,275,309,15.28,-0.290702905062119
235,275,309,15.2875,-0.662674156610864
235,275,309,15.295,-1.46059283318769
235,275,309,15.3025,-1.91320727072609
235,275,309,15.31,2.60342806071905
235,275,309,15.3175,1.41326521663022
235,275,309,15.325,0.384044450841836
235,275,309,15.3325,-0.0123458116510518
235,275,309,15.34,-0.806202526560792
235,275,309,15.3475,3.01622569328648
235,275,309,15.355,2.57097528573957
235,275,309,15.3625,-0.20963151363786
235,275,309,15.37,-3.11726353790683
235,275,309,15.3775,-2.43263078602205
235,275,309,15.385,0.161854514401649
235,275,309,15.3925,-0.378116213692744
235,275,309,15.4,0.774889477181917
235,275,309,15.4075,-0.753080661641016
235,275,309,15.415,-2.68238501220282
235,275,309,15.4225,-3.125836540655
235,275,309,15.43,2.32202443385117
235,275,309,15.4375,1.66426064796273
235,275,309,15.445,-0.575139947365726
235,275,309,15.4525,-0.750067322758414
235,275,309,15.46,-1.74692323985262
235,275,309,15.4675,-2.41408253614717
235,275,309,15.475,2.3793441836225
235,275,309,15.4825,0.968782316595243
235,275,309,15.49,0.331755214311597
235,275,309,15.4975,-1.0834704662416
235,275,309,15.505,-1.63939242381258
235,275,309,15.5125,-2.77761618058663
235,275,309,15.52,2.73805666514914
235,275,309,15.5275,1.75912506089808
235,275,309,15.535,0.788093357454627
235,275,309,15.5425,-0.680817938854264
235,275,309,15.55,-1.1492365292172
235,275,309,15.5575,-2.75812080409889
235,275,309,15.565,2.74977487146995
235,275,309,15.5725,1.48169861784005
235,275,309,15.58,1.58194134063072
235,275,309,15.5875,0.718877122770953
235,275,309,15.595,2.5819093048779
235,275,309,15.6025,3.07980270730927
235,275,309,15.61,-2.88871460547884
235,275,309,15.6175,-1.00563774989094
235,275,309,15.625,-2.10677195106485
235,275,309,15.6325,-1.66512155612541
235,275,309,15.64,1.33974537601303
235,275,309,15.6475,-0.107205022462018
235,275,309,15.655,-0.653869486644152
235,275,309,15.6625,-2.10229929023275
235,275,309,15.67,-1.27842920394724
235,275,309,15.6775,-1.81902923654204
235,275,309,15.685,1.97318237656139
235,275,309,15.6925,2.17660164199491
235,275,309,15.7,0.29830937218911
235,275,309,15.7075,0.20045639272896
235,275,309,15.715,-0.663435775712028
235,275,309,15.7225,-1.77322813164531
235,275,309,15.73,2.94437557425472
235,275,309,15.7375,2.22248312561466
235,275,309,15.745,1.07876237076617
235,275,309,15.7525,-0.58309534631662
235,275,309,15.76,-1.14683588588721
235,275,309,15.7675,-1.92376202018506
235,275,309,15.775,-2.84490439007438
235,275,309,15.7825,2.34476058228399
235,275,309,15.79,0.375543098191286
235,275,309,15.7975,0.573501492998736
235,275,309,15.805,3.10607624268195
235,275,309,15.8125,-1.21004177997285
235,275,309,15.82,-1.82777451723403
235,275,309,15.8275,2.57854638812794
235,275,309,15.835,2.11471946015927
235,275,309,15.8425,0.219026087374199
235,275,309,15.85,-0.0252081668678609
235,275,309,15.8575,-1.26703741585369
235,275,309,15.865,0.119192718314082
235,275,309,15.8725,-1.23027921359461
235,275,309,15.88,2.13242031433356
235,275,309,15.8875,2.84293327967093
235,275,309,15.895,0.784024427486319
235,275,309,15.9025,-1.40362379574238
235,275,309,15.91,-2.29118834456135
235,275,309,15.9175,-0.111739279437138
235,275,309,15.925,-0.964738253576174
235,275,309,15.9325,-2.15255239045117
235,275,309,15.94,2.31172795227346
235,275,309,15.9475,-2.36040856904686
235,275,309,15.955,0.500670298749492
235,275,309,15.9625,-0.110307527603729
235,275,309,15.97,-0.185539537715234
235,275,309,15.9775,-1.46751175731166
235,275,309,15.985,3.0166993135719
235,275,309,15.9925,1.32036474130492
235,275,309,16,1.0902349879168
235,275,308,4,-2.28909965974829
235,275,308,4.0075,-2.96564301973133
235,275,308,4.015,2.43991123618714
235,275,308,4.0225,1.39226620778655
235,275,308,4.03,1.43556735601663
235,275,308,4.0375,0.773153795395057
235,275,308,4.045,0.508168161986092
235,275,308,4.0525,-0.53235127946433
235,275,308,4.06,-1.58756430073212
235,275,308,4.0675,-2.39774208086606
235,275,308,4.075,2.77136417301481
235,275,308,4.0825,1.87054659991222
235,275,308,4.09,1.14982865606488
235,275,308,4.0975,0.0543674250420981
235,275,308,4.105,-0.783546252219097
235,275,308,4.1125,-1.76582340316666
235,275,308,4.12,-2.84636859331919
235,275,308,4.1275,2.45737655567284
235,275,308,4.135,1.55164880047487
235,275,308,4.1425,0.413997367132942
235,275,308,4.15,-0.554221876977286
235,275,308,4.1575,-1.42006641805605
235,275,308,4.165,-2.40500643249979
235,275,308,4.1725,2.88597279690744
235,275,308,4.18,1.81933753427112
235,275,308,4.1875,0.951063631613706
235,275,308,4.195,-0.0795835219554607
235,275,308,4.2025,-1.13882946826963
235,275,308,4.21,-2.02125259034748
235,275,308,4.2175,3.10573966922743
235,275,308,4.225,2.14907866911623
235,275,308,4.2325,1.22530252911701
235,275,308,4.24,0.294540302606251
235,275,308,4.2475,-0.605380108892426
235,275,308,4.255,-1.52212735011326
235,275,308,4.2625,-2.46784117166524
235,275,308,4.27,2.88942493367612
235,275,308,4.2775,2.22038986076289
235,275,308,4.285,1.57407298408801
235,275,308,4.2925,0.919957111354587
235,275,308,4.3,0.130697014826571
235,275,308,4.3075,-1.11455483533272
235,275,308,4.315,-1.83083185072741
235,275,308,4.3225,-2.93912519296536
235,275,308,4.33,2.97219020911704
235,275,308,4.3375,2.07438143951535
235,275,308,4.345,1.67096463500469
235,275,308,4.3525,0.71013545580312
235,275,308,4.36,-0.221618074122909
235,275,308,4.3675,-1.19933339516223
235,275,308,4.375,-2.22994021097993
235,275,308,4.3825,3.02858161059004
235,275,308,4.39,2.04666016657345
235,275,308,4.3975,0.875308347752089
235,275,308,4.405,-0.0950851278615979
235,275,308,4.4125,-1.07406477578048
235,275,308,4.42,-1.95648657176092
235,275,308,4.4275,-2.93527823926189
235,275,308,4.435,2.50994672188967
235,275,308,4.4425,1.45405033338055
235,275,308,4.45,0.413866053918215
235,275,308,4.4575,-0.241652480557051
235,275,308,4.465,-1.50428800117844
235,275,308,4.4725,-2.25670435160152
235,275,308,4.48,-3.09818476720367
235,275,308,4.4875,2.40647046224433
235,275,308,4.495,1.65162223260857
235,275,308,4.5025,0.670780669810111
235,275,308,4.51,0.00774345417932462
235,275,308,4.5175,-0.86257179046906
235,275,308,4.525,-1.73207794376175
235,275,308,4.5325,-2.45003617180067
235,275,308,4.54,2.94130929596269
235,275,308,4.5475,1.82661150781851
235,275,308,4.555,0.578306065965623
235,275,308,4.5625,-0.219632674459475
235,275,308,4.57,-1.19624322203913
235,275,308,4.5775,-2.19509845114268
235,275,308,4.585,-3.01439524181957
235,275,308,4.5925,2.7187725662694
235,275,308,4.6,1.711773376372
235,275,308,4.6075,1.08641408501449
235,275,308,4.615,0.553203437142885
235,275,308,4.6225,-0.514955586650393
235,275,308,4.63,-1.69905896353436
235,275,308,4.6375,-2.66813271191464
235,275,308,4.645,2.48623936170573
235,275,308,4.6525,1.43579545300606
235,275,308,4.66,0.603942312791445
235,275,308,4.6675,-0.328750262914697
235,275,308,4.675,-1.42319863214478
235,275,308,4.6825,-2.30359153662983
235,275,308,4.69,2.72932181723789
235,275,308,4.6975,1.93446848629087
235,275,308,4.705,1.03379063714723
235,275,308,4.7125,-0.0124418361534059
235,275,308,4.72,-1.00953138741091
235,275,308,4.7275,-2.16083626839442
235,275,308,4.735,2.97330668754891
235,275,308,4.7425,2.25466435320623
235,275,308,4.75,1.45402459809283
235,275,308,4.7575,0.17669520213681
235,275,308,4.765,-0.820454430495487
235,275,308,4.7725,-3.09546278476868
235,275,308,4.78,1.25207868288898
235,275,308,4.7875,-0.286324339334286
235,275,308,4.795,-1.23294010578418
235,275,308,4.8025,-2.32697351352147
235,275,308,4.81,2.77228794204362
235,275,308,4.8175,1.98471034452976
235,275,308,4.825,0.715463577484896
235,275,308,4.8325,-0.3079823577345
235,275,308,4.84,-1.28378073646656
235,275,308,4.8475,-2.34403656071152
235,275,308,4.855,3.05080840841684
235,275,308,4.8625,1.90444548793763
235,275,308,4.87,0.884664076367831
235,275,308,4.8775,-0.131862532731768
235,275,308,4.885,-1.31523381588991
235,275,308,4.8925,-2.40738274982321
235,275,308,4.9,2.97320686443789
235,275,308,4.9075,1.77947523002697
235,275,308,4.915,1.00877180375846
235,275,308,4.9225,0.0920694593337241
235,275,308,4.93,-0.97421138659634
235,275,308,4.9375,-2.07725820893585
235,275,308,4.945,-2.51756450088562
235,275,308,4.9525,2.80079625796501
235,275,308,4.96,1.70351434977387
235,275,308,4.9675,0.983362182867602
235,275,308,4.975,-0.318391682689497
235,275,308,4.9825,-1.31226883226541
235,275,308,4.99,-2.56022477811893
235,275,308,4.9975,2.73738684616357
235,275,308,5.005,1.71984791310187
235,275,308,5.0125,0.36718260202909
235,275,308,5.02,-0.305315111722215
235,275,308,5.0275,-1.28349413822807
235,275,308,5.035,3.12618566242279
235,275,308,5.0425,-0.0496937088664956
235,275,308,5.05,-0.966621842520787
235,275,308,5.0575,-1.42902292929489
235,275,308,5.065,-2.67834500978726
235,275,308,5.0725,2.61923015990227
235,275,308,5.08,1.78137867687843
235,275,308,5.0875,0.586730932601246
235,275,308,5.095,-0.376376294763503
235,275,308,5.1025,-1.62893676672592
235,275,308,5.11,-2.66866814572003
235,275,308,5.1175,2.44404945230154
235,275,308,5.125,1.38968485702825
235,275,308,5.1325,0.509012583486806
235,275,308,5.14,-0.47255231615726
235,275,308,5.1475,-1.26766848161691
235,275,308,5.155,-2.04852677778893
235,275,308,5.1625,2.9610115286152
235,275,308,5.17,2.07077969092032
235,275,308,5.1775,1.35595833759266
235,275,308,5.185,0.197209273038822
235,275,308,5.1925,-0.491875543261689
235,275,308,5.2,-1.55583408760516
235,275,308,5.2075,-2.52069095611444
235,275,308,5.215,2.72190082741535
235,275,308,5.2225,2.06674171805828
235,275,308,5.23,0.864304392557579
235,275,308,5.2375,-0.37374347355873
235,275,308,5.245,-1.69642790025402
235,275,308,5.2525,-1.12820948793543
235,275,308,5.26,1.33418616284503
235,275,308,5.2675,-1.45671074996579
235,275,308,5.275,3.02931640739084
235,275,308,5.2825,1.94763377070742
235,275,308,5.29,0.617646444555135
235,275,308,5.2975,-0.246009543633394
235,275,308,5.305,-1.79412345527305
235,275,308,5.3125,-1.87568143619655
235,275,308,5.32,3.10523360169673
235,275,308,5.3275,-3.06023895957655
235,275,308,5.335,2.14649936141709
235,275,308,5.3425,1.11501515081499
235,275,308,5.35,0.50485789372977
235,275,308,5.3575,-0.898815571303383
235,275,308,5.365,-2.05925837607611
235,275,308,5.3725,2.96504417471542
235,275,308,5.38,1.94080869972347
235,275,308,5.3875,0.858248252391354
235,275,308,5.395,0.226135673240385
235,275,308,5.4025,-0.644321395462548
235,275,308,5.41,-1.83952411031927
235,275,308,5.4175,-2.36226672747398
235,275,308,5.425,2.69007108788557
235,275,308,5.4325,1.70307501688441
235,275,308,5.44,0.901048553183407
235,275,308,5.4475,-0.0850658647645742
235,275,308,5.455,-1.35403864171782
235,275,308,5.4625,-2.89896683609053
235,275,308,5.47,0.738041859506916
235,275,308,5.4775,-0.489429634959244
235,275,308,5.485,-0.84103583642605
235,275,308,5.4925,-2.27934789540881
235,275,308,5.5,2.61336627301875
235,275,308,5.5075,1.77629707087404
235,275,308,5.515,0.366703649705657
235,275,308,5.5225,-0.779226396546235
235,275,308,5.53,-2.00576669341266
235,275,308,5.5375,-3.07624286607698
235,275,308,5.545,2.40125626700379
235,275,308,5.5525,1.2709072508584
235,275,308,5.56,0.453346960825438
235,275,308,5.5675,-0.766689740549416
235,275,308,5.575,-1.62621280679451
235,275,308,5.5825,-2.5271197311761
235,275,308,5.59,2.76515816790201
235,275,308,5.5975,1.71926044296421
235,275,308,5.605,0.595250587968814
235,275,308,5.6125,-0.503524534531051
235,275,308,5.62,-1.46209916114089
235,275,308,5.6275,-2.33871344635622
235,275,308,5.635,2.79819432772305
235,275,308,5.6425,1.77143127594893
235,275,308,5.65,0.812320650942926
235,275,308,5.6575,-0.201994480316961
235,275,308,5.665,-1.02746598231701
235,275,308,5.6725,-1.97407244450525
235,275,308,5.68,-3.05009298311465
235,275,308,5.6875,2.07354727214355
235,275,308,5.695,0.933252733788063
235,275,308,5.7025,-0.124128839489511
235,275,308,5.71,-1.27247453781346
235,275,308,5.7175,-2.34021870101572
235,275,308,5.725,2.73188547165723
235,275,308,5.7325,1.02298840343349
235,275,308,5.74,0.123169984950597
235,275,308,5.7475,-1.48246768849538
235,275,308,5.755,-3.11065322912455
235,275,308,5.7625,1.54407248875161
235,275,308,5.77,0.96988437798207
235,275,308,5.7775,-0.461107752913412
235,275,308,5.785,-1.13075108513023
235,275,308,5.7925,-2.36221424896012
235,275,308,5.8,-2.9623872852888
235,275,308,5.8075,1.88781073183653
235,275,308,5.815,1.28015583758382
235,275,308,5.8225,0.413425804149885
235,275,308,5.83,-0.89638514016718
235,275,308,5.8375,-1.51910247346358
235,275,308,5.845,-2.73234302463412
235,275,308,5.8525,2.8819155476668
235,275,308,5.86,1.66312625817275
235,275,308,5.8675,0.568599361186213
235,275,308,5.875,-0.377439124997937
235,275,308,5.8825,-1.61614514307827
235,275,308,5.89,-2.71447019885912
235,275,308,5.8975,2.41124213245596
235,275,308,5.905,1.42252651507823
235,275,308,5.9125,0.258613628880795
235,275,308,5.92,-0.465488549634436
235,275,308,5.9275,-1.61891689202997
235,275,308,5.935,-2.41636653082965
235,275,308,5.9425,2.5540642399739
235,275,308,5.95,2.52470774679601
235,275,308,5.9575,1.02580207116559
235,275,308,5.965,1.15297465382666
235,275,308,5.9725,-1.34453595041154
235,275,308,5.98,-0.171317218815823
235,275,308,5.9875,-2.13209165679152
235,275,308,5.995,-1.61084444391704
235,275,308,6.0025,-3.10910037984675
235,275,308,6.01,2.64037937553965
235,275,308,6.0175,1.25493456762622
235,275,308,6.025,1.02188606288188
235,275,308,6.0325,-0.667865348861609
235,275,308,6.04,-1.84191951919385
235,275,308,6.0475,-2.1590247067247
235,275,308,6.055,-2.57986901400691
235,275,308,6.0625,2.72095075803113
235,275,308,6.07,1.98900127382077
235,275,308,6.0775,0.906150404608132
235,275,308,6.085,0.253312080260261
235,275,308,6.0925,-0.793183239279968
235,275,308,6.1,-2.11164023545428
235,275,308,6.1075,-3.13477915377997
235,275,308,6.115,2.38503411239638
235,275,308,6.1225,1.39110752017799
235,275,308,6.13,0.143600265545838
235,275,308,6.1375,-0.62043063502627
235,275,308,6.145,-1.87242279446018
235,275,308,6.1525,-2.91164722829079
235,275,308,6.16,2.00934021456577
235,275,308,6.1675,0.884800832944448
235,275,308,6.175,1.04962757177325
235,275,308,6.1825,0.304938759081359
235,275,308,6.19,-0.833490625278973
235,275,308,6.1975,-1.30544814098652
235,275,308,6.205,-2.74236654413838
235,275,308,6.2125,3.03774845917367
235,275,308,6.22,2.41850799357506
235,275,308,6.2275,0.521168574817513
235,275,308,6.235,1.0169984396042
235,275,308,6.2425,0.124720200103726
235,275,308,6.25,-0.80634268568425
235,275,308,6.2575,-1.2903753336866
235,275,308,6.265,-2.37918194335073
235,275,308,6.2725,2.76300303000175
235,275,308,6.28,1.65983004034915
235,275,308,6.2875,0.579816096407101
235,275,308,6.295,-0.232177775825599
235,275,308,6.3025,-0.901484161915217
235,275,308,6.31,-1.96124236859149
235,275,308,6.3175,3.09436230052347
235,275,308,6.325,2.11849906071823
235,275,308,6.3325,1.17361882458758
235,275,308,6.34,0.434403513929384
235,275,308,6.3475,-0.576233011930127
235,275,308,6.355,-1.67445546820659
235,275,308,6.3625,-2.6857726015767
235,275,308,6.37,2.88896496155195
235,275,308,6.3775,1.66077183684365
235,275,308,6.385,0.496780285600828
235,275,308,6.3925,-0.526655238209688
235,275,308,6.4,-1.67745281358566
235,275,308,6.4075,-2.5745084173818
235,275,308,6.415,2.91637632122933
235,275,308,6.4225,1.14330294795001
235,275,308,6.43,0.647678347436295
235,275,308,6.4375,1.27622681508682
235,275,308,6.445,-0.322370983755604
235,275,308,6.4525,-0.0514950686924292
235,275,308,6.46,-2.28240106000481
235,275,308,6.4675,-2.28922967157137
235,275,308,6.475,-2.99614124768888
235,275,308,6.4825,-3.02782801086839
235,275,308,6.49,1.5464348408187
235,275,308,6.4975,1.3589367761074
235,275,308,6.505,0.709153296011596
235,275,308,6.5125,-0.775676483608852
235,275,308,6.52,-1.95304338609711
235,275,308,6.5275,-2.80517169261474
235,275,308,6.535,2.38937208481716
235,275,308,6.5425,1.60340983471466
235,275,308,6.55,0.476458500995209
235,275,308,6.5575,-0.60797183567099
235,275,308,6.565,-1.3274416270367
235,275,308,6.5725,-2.23079815960424
235,275,308,6.58,3.00989077804921
235,275,308,6.5875,2.0679758081157
235,275,308,6.595,1.00117117602261
235,275,308,6.6025,0.0453951042420772
235,275,308,6.61,-1.00613069750287
235,275,308,6.6175,-2.02066535913965
235,275,308,6.625,-2.86467722928432
235,275,308,6.6325,2.45041424110144
235,275,308,6.64,1.70568112251661
235,275,308,6.6475,0.551882255545431
235,275,308,6.655,-0.317761092930035
235,275,308,6.6625,-1.32160022050328
235,275,308,6.67,-2.24574213015812
235,275,308,6.6775,-3.12475471621603
235,275,308,6.685,2.31142799097158
235,275,308,6.6925,0.792071801775628
235,275,308,6.7,0.546956987476505
235,275,308,6.7075,0.117297976647477
235,275,308,6.715,-1.23105047237517
235,275,308,6.7225,-1.96052627053976
235,275,308,6.73,2.92637065583941
235,275,308,6.7375,2.44154416960663
235,275,308,6.745,1.94556286686387
235,275,308,6.7525,0.587749044908753
235,275,308,6.76,-0.149299699764288
235,275,308,6.7675,-0.775456102135525
235,275,308,6.775,-2.32082496000349
235,275,308,6.7825,-2.34261461701153
235,275,308,6.79,2.82870461205798
235,275,308,6.7975,2.00429554104329
235,275,308,6.805,1.16702716003311
235,275,308,6.8125,0.345160165350231
235,275,308,6.82,-0.756251974317775
235,275,308,6.8275,-1.85628273976336
235,275,308,6.835,-2.73799262530639
235,275,308,6.8425,2.81349413202537
235,275,308,6.85,1.7087204514412
235,275,308,6.8575,0.512977537386141
235,275,308,6.865,-0.275822580936932
235,275,308,6.8725,-1.33932191737109
235,275,308,6.88,-2.07055887872728
235,275,308,6.8875,-3.12923964388132
235,275,308,6.895,2.15866721269747
235,275,308,6.9025,1.24511802611055
235,275,308,6.91,0.240717360706998
235,275,308,6.9175,-0.614538714065176
235,275,308,6.925,-1.57420370544153
235,275,308,6.9325,-2.43414612906102
235,275,308,6.94,2.60074065982588
235,275,308,6.9475,1.78225256069524
235,275,308,6.955,0.857992432703129
235,275,308,6.9625,0.311342598167588
235,275,308,6.97,-0.532095137236519
235,275,308,6.9775,-1.38359671388114
235,275,308,6.985,-1.62848067284639
235,275,308,6.9925,-2.82367310864621
235,275,308,7,2.53921521790522
235,275,308,7.0075,1.94498404687671
235,275,308,7.015,0.846572782236404
235,275,308,7.0225,0.0461474374869993
235,275,308,7.03,-0.870043001324729
235,275,308,7.0375,-1.9043195110674
235,275,308,7.045,-2.74243582615104
235,275,308,7.0525,2.48920764420117
235,275,308,7.06,1.7905367055146
235,275,308,7.0675,0.690826292138092
235,275,308,7.075,-0.394023872613187
235,275,308,7.0825,-1.42408246602717
235,275,308,7.09,-2.28402634796225
235,275,308,7.0975,3.03852533776252
235,275,308,7.105,2.14435600933791
235,275,308,7.1125,0.904454203382735
235,275,308,7.12,-0.024846215208792
235,275,308,7.1275,-0.928380402660778
235,275,308,7.135,-2.01048107530162
235,275,308,7.1425,-2.97324215205862
235,275,308,7.15,2.30309804525324
235,275,308,7.1575,1.43910164713394
235,275,308,7.165,0.325384620070467
235,275,308,7.1725,-0.524847667290565
235,275,308,7.18,-1.31846305343501
235,275,308,7.1875,-2.31767897237266
235,275,308,7.195,-3.0941971993049
235,275,308,7.2025,2.56570790025836
235,275,308,7.21,2.17389382218973
235,275,308,7.2175,0.826352841334117
235,275,308,7.225,0.590074449687798
235,275,308,7.2325,-0.486578533967648
235,275,308,7.24,-1.18295897888792
235,275,308,7.2475,-2.00453924464687
235,275,308,7.255,-3.11025664985885
235,275,308,7.2625,2.23946968500413
235,275,308,7.27,1.4485729231458
235,275,308,7.2775,0.273495995242543
235,275,308,7.285,-0.750898874466649
235,275,308,7.2925,-1.63666962169437
235,275,308,7.3,-2.64233961674718
235,275,308,7.3075,2.6762099885324
235,275,308,7.315,1.95660435243487
235,275,308,7.3225,0.903162064407145
235,275,308,7.33,0.0464928221554753
235,275,308,7.3375,-1.15451679737658
235,275,308,7.345,-1.73741995038394
235,275,308,7.3525,-2.75748970438529
235,275,308,7.36,2.78291713471245
235,275,308,7.3675,1.5589033275998
235,275,308,7.375,0.706223457387631
235,275,308,7.3825,-0.185549467312405
235,275,308,7.39,-1.01273034467787
235,275,308,7.3975,-1.95168879122533
235,275,308,7.405,-2.79770451468776
235,275,308,7.4125,2.39434878160018
235,275,308,7.42,1.46107747662691
235,275,308,7.4275,0.471869935643695
235,275,308,7.435,-0.54856306620136
235,275,308,7.4425,-1.37367102910425
235,275,308,7.45,-2.26747040647331
235,275,308,7.4575,3.13825300930061
235,275,308,7.465,1.97263266476099
235,275,308,7.4725,1.17706353717224
235,275,308,7.48,0.424952038717761
235,275,308,7.4875,-0.41092493589605
235,275,308,7.495,-1.57312780674095
235,275,308,7.5025,-2.61652757374404
235,275,308,7.51,-3.11066899450744
235,275,308,7.5175,2.03058218937975
235,275,308,7.525,1.16896531333858
235,275,308,7.5325,0.407494136427187
235,275,308,7.54,-0.513750666270728
235,275,308,7.5475,-1.32046976908394
235,275,308,7.555,-2.13632532607873
235,275,308,7.5625,-3.12180159475644
235,275,308,7.57,2.43337240048644
235,275,308,7.5775,1.60340790992039
235,275,308,7.585,0.80688634355877
235,275,308,7.5925,0.0822730822494349
235,275,308,7.6,-0.99941499112406
235,275,308,7.6075,-2.00121151426944
235,275,308,7.615,-2.88979333162218
235,275,308,7.6225,2.36272428856735
235,275,308,7.63,1.54163771843081
235,275,308,7.6375,0.582714923956976
235,275,308,7.645,-0.594851102232686
235,275,308,7.6525,-1.61176300417067
235,275,308,7.66,-2.56456826173965
235,275,308,7.6675,2.7756431688655
235,275,308,7.675,1.69841153580621
235,275,308,7.6825,0.844697802944217
235,275,308,7.69,-0.232939003796655
235,275,308,7.6975,-1.1643916709341
235,275,308,7.705,-1.98053750824523
235,275,308,7.7125,-2.95919829812725
235,275,308,7.72,-2.90981506325603
235,275,308,7.7275,2.1060139141855
235,275,308,7.735,0.999548244299382
235,275,308,7.7425,0.611153054478141
235,275,308,7.75,-0.291463230649675
235,275,308,7.7575,-1.06389437059127
235,275,308,7.765,-1.94956520647098
235,275,308,7.7725,-2.79146106900922
235,275,308,7.78,2.5198357777401
235,275,308,7.7875,1.31579518192424
235,275,308,7.795,0.576949616158714
235,275,308,7.8025,-0.430752403875718
235,275,308,7.81,-1.61134043838723
235,275,308,7.8175,-2.26925085627051
235,275,308,7.825,2.97146346421095
235,275,308,7.8325,1.96312241604507
235,275,308,7.84,1.36678666992892
235,275,308,7.8475,0.349553250952897
235,275,308,7.855,-0.505284569714284
235,275,308,7.8625,-1.67772752461066
235,275,308,7.87,-2.41050873952614
235,275,308,7.8775,2.79271143612154
235,275,308,7.885,1.81688519128949
235,275,308,7.8925,0.82201567546973
235,275,308,7.9,-0.15532005301591
235,275,308,7.9075,-1.17932792108963
235,275,308,7.915,-2.20120532446687
235,275,308,7.9225,-3.03247678088737
235,275,308,7.93,2.17427107189893
235,275,308,7.9375,1.55001603521093
235,275,308,7.945,0.55771457513327
235,275,308,7.9525,-0.215357691817375
235,275,308,7.96,-0.755313430923526
235,275,308,7.9675,-2.08588303965402
235,275,308,7.975,-2.63054364019751
235,275,308,7.9825,2.76582514179463
235,275,308,7.99,1.5180966991092
235,275,308,7.9975,1.13750753691058
235,275,308,8.005,0.0872256373812267
235,275,308,8.0125,-0.869755872723886
235,275,308,8.02,-1.73170249474784
235,275,308,8.0275,-2.87723657738323
235,275,308,8.035,2.69304457020363
235,275,308,8.0425,1.53607952902564
235,275,308,8.05,0.690389627233884
235,275,308,8.0575,-0.0110803144110354
235,275,308,8.065,-1.01807433562539
235,275,308,8.0725,-2.03135537030569
235,275,308,8.08,-2.68190142863103
235,275,308,8.0875,2.71933539336659
235,275,308,8.095,1.98976390835284
235,275,308,8.1025,1.21261751119627
235,275,308,8.11,0.470710062141763
235,275,308,8.1175,-0.673929186153461
235,275,308,8.125,-1.5077552804831
235,275,308,8.1325,-2.66690401486394
235,275,308,8.14,2.79406820698839
235,275,308,8.1475,1.763540623389
235,275,308,8.155,0.826052082817502
235,275,308,8.1625,-0.326530965429017
235,275,308,8.17,-1.33867041329039
235,275,308,8.1775,-2.20585880098812
235,275,308,8.185,3.08493303466179
235,275,308,8.1925,2.23191017678924
235,275,308,8.2,1.40211066616527
235,275,308,8.2075,0.431753944669994
235,275,308,8.215,-0.399025204116175
235,275,308,8.2225,-1.65621097494251
235,275,308,8.23,-2.44262390552438
235,275,308,8.2375,3.01367184809442
235,275,308,8.245,1.83854695372628
235,275,308,8.2525,1.06336681274611
235,275,308,8.26,0.174554504082992
235,275,308,8.2675,-0.955104337364691
235,275,308,8.275,-1.72235408302533
235,275,308,8.2825,-2.78798034912015
235,275,308,8.29,2.64100002599581
235,275,308,8.2975,1.87720146454378
235,275,308,8.305,0.997077437082119
235,275,308,8.3125,0.425466700827662
235,275,308,8.32,0.527016370936963
235,275,308,8.3275,-0.840118223047163
235,275,308,8.335,-1.62914585703828
235,275,308,8.3425,-2.60445792498957
235,275,308,8.35,2.76254482490203
235,275,308,8.3575,1.95996560077039
235,275,308,8.365,0.830997947952478
235,275,308,8.3725,-0.193331165142091
235,275,308,8.38,-1.23983579704383
235,275,308,8.3875,-2.30371837795915
235,275,308,8.395,2.93423526647136
235,275,308,8.4025,2.0521376011905
235,275,308,8.41,0.979686501993464
235,275,308,8.4175,0.0776883585426784
235,275,308,8.425,-0.875544032395665
235,275,308,8.4325,-1.94748593939761
235,275,308,8.44,-2.85044511249959
235,275,308,8.4475,2.82425772614319
235,275,308,8.455,1.71279547175345
235,275,308,8.4625,0.87648118881272
235,275,308,8.47,-0.135105015497024
235,275,308,8.4775,-0.604761870549702
235,275,308,8.485,-1.55956504697051
235,275,308,8.4925,-2.12914699263384
235,275,308,8.5,2.90627693225811
235,275,308,8.5075,2.11012845919697
235,275,308,8.515,1.0719425869447
235,275,308,8.5225,0.110837458177855
235,275,308,8.53,-0.9027090845704
235,275,308,8.5375,-1.77289720754509
235,275,308,8.545,-2.71767339142241
235,275,308,8.5525,2.62428729138277
235,275,308,8.56,1.6380789109089
235,275,308,8.5675,0.698539294173001
235,275,308,8.575,-0.159637530213037
235,275,308,8.5825,-0.755322444691526
235,275,308,8.59,-1.56700044965492
235,275,308,8.5975,-2.58977053486735
235,275,308,8.605,2.83967435238995
235,275,308,8.6125,1.93066731743762
235,275,308,8.62,0.928762050718083
235,275,308,8.6275,-0.0828006424404007
235,275,308,8.635,-0.844531948374165
235,275,308,8.6425,-2.00424314989169
235,275,308,8.65,-2.80824120931688
235,275,308,8.6575,2.62283539151427
235,275,308,8.665,1.66402714679312
235,275,308,8.6725,0.511134971749719
235,275,308,8.68,-0.199243954025692
235,275,308,8.6875,-1.32209569838759
235,275,308,8.695,-1.93217272075737
235,275,308,8.7025,-2.80158507387529
235,275,308,8.71,2.53914799926342
235,275,308,8.7175,1.74497376798126
235,275,308,8.725,0.638712869685026
235,275,308,8.7325,-0.0507726644114018
235,275,308,8.74,-1.22776216000482
235,275,308,8.7475,-1.90290036475824
235,275,308,8.755,-2.87954360127421
235,275,308,8.7625,2.47338591699637
235,275,308,8.77,1.26215422887144
235,275,308,8.7775,0.355511023304796
235,275,308,8.785,0.000392053119592735
235,275,308,8.7925,-1.2561847772074
235,275,308,8.8,-2.13207117468121
235,275,308,8.8075,3.08694329610766
235,275,308,8.815,2.57732168794144
235,275,308,8.8225,2.37652519230809
235,275,308,8.83,1.13744353091313
235,275,308,8.8375,0.2810658647906
235,275,308,8.845,-0.428228355151025
235,275,308,8.8525,-1.44548767215692
235,275,308,8.86,-2.28341522848462
235,275,308,8.8675,2.9702889571196
235,275,308,8.875,1.8405099840707
235,275,308,8.8825,0.812068235651774
235,275,308,8.89,-0.0878944775424563
235,275,308,8.8975,-1.04388576728331
235,275,308,8.905,-1.93970558287409
235,275,308,8.9125,-2.88858192942895
235,275,308,8.92,2.32352262074345
235,275,308,8.9275,1.28832287991417
235,275,308,8.935,0.332094887157515
235,275,308,8.9425,-0.603054993241023
235,275,308,8.95,-1.50661473071373
235,275,308,8.9575,-2.5128703824229
235,275,308,8.965,2.84851347164385
235,275,308,8.9725,2.13191163371242
235,275,308,8.98,0.765112078545532
235,275,308,8.9875,-0.00207043832727363
235,275,308,8.995,-0.875650477288221
235,275,308,9.0025,-1.86157298534596
235,275,308,9.01,-2.58970242826855
235,275,308,9.0175,2.53169590207653
235,275,308,9.025,1.94229193872944
235,275,308,9.0325,1.24632591856339
235,275,308,9.04,-0.158273016188783
235,275,308,9.0475,-0.551557903189034
235,275,308,9.055,-1.25081177687948
235,275,308,9.0625,-1.96601670057379
235,275,308,9.07,-3.04045446895202
235,275,308,9.0775,2.81029174222267
235,275,308,9.085,1.7026419581727
235,275,308,9.0925,0.857854884420911
235,275,308,9.1,0.0976247739798916
235,275,308,9.1075,-0.833539920586873
235,275,308,9.115,-2.00360612856372
235,275,308,9.1225,-2.96389561269733
235,275,308,9.13,2.25198772914543
235,275,308,9.1375,1.22532811848286
235,275,308,9.145,0.334314544288924
235,275,308,9.1525,-0.793297875250909
235,275,308,9.16,-1.624677000276
235,275,308,9.1675,-2.78950721743337
235,275,308,9.175,2.80053516583052
235,275,308,9.1825,1.95831958125835
235,275,308,9.19,1.02816070168646
235,275,308,9.1975,0.376028998279927
235,275,308,9.205,-0.642575609291532
235,275,308,9.2125,-1.68389331749561
235,275,308,9.22,-2.351582576163
235,275,308,9.2275,2.83727526936272
235,275,308,9.235,1.91970626015112
235,275,308,9.2425,1.15950673916007
235,275,308,9.25,0.347873404418085
235,275,308,9.2575,-0.882618365550895
235,275,308,9.265,-1.72124354179401
235,275,308,9.2725,-2.63190530471301
235,275,308,9.28,2.50467881949841
235,275,308,9.2875,1.53286139140086
235,275,308,9.295,0.698586094864968
235,275,308,9.3025,-0.307783313499698
235,275,308,9.31,-1.15457237368322
235,275,308,9.3175,-2.05484040452613
235,275,308,9.325,3.12047405372489
235,275,308,9.3325,2.74451180365915
235,275,308,9.34,1.46019848865303
235,275,308,9.3475,0.748685243038156
235,275,308,9.355,0.000301241164745632
235,275,308,9.3625,-0.820569970528568
235,275,308,9.37,-1.80268761130696
235,275,308,9.3775,-2.87484092543028
235,275,308,9.385,2.50346333213774
235,275,308,9.3925,1.91711690377349
235,275,308,9.4,1.03196944374338
235,275,308,9.4075,0.109099935484454
235,275,308,9.415,-0.780030524256697
235,275,308,9.4225,-1.69198098431281
235,275,308,9.43,-2.57986603956451
235,275,308,9.4375,2.61757100486043
235,275,308,9.445,1.77559042288339
235,275,308,9.4525,0.667069577978089
235,275,308,9.46,-0.180543937498457
235,275,308,9.4675,-1.29979900240448
235,275,308,9.475,-2.10423585543879
235,275,308,9.4825,-3.11939147734516
235,275,308,9.49,2.41366767614042
235,275,308,9.4975,1.39905783514608
235,275,308,9.505,0.343290183374135
235,275,308,9.5125,-0.426158223526758
235,275,308,9.52,-1.43915924019297
235,275,308,9.5275,-2.03739548349827
235,275,308,9.535,2.96022794374901
235,275,308,9.5425,2.01607077504588
235,275,308,9.55,1.12794920768945
235,275,308,9.5575,0.0940079566887075
235,275,308,9.565,-0.452080224532754
235,275,308,9.5725,-1.04587004981633
235,275,308,9.58,-1.70425061170861
235,275,308,9.5875,-2.32091272705045
235,275,308,9.595,2.63001115922304
235,275,308,9.6025,1.99952859640227
235,275,308,9.61,1.09055972987835
235,275,308,9.6175,0.133143258915988
235,275,308,9.625,-0.910075341237861
235,275,308,9.6325,-1.90565286109256
235,275,308,9.64,-2.99527340022083
235,275,308,9.6475,2.48401864317639
235,275,308,9.655,1.46153635142522
235,275,308,9.6625,0.595274993797686
235,275,308,9.67,-0.515263694570038
235,275,308,9.6775,-1.46959301780727
235,275,308,9.685,-2.44172136223017
235,275,308,9.6925,2.81700344302076
235,275,308,9.7,1.88247516708221
235,275,308,9.7075,0.928341266671819
235,275,308,9.715,-0.200850080572853
235,275,308,9.7225,-0.93325500210355
235,275,308,9.73,-2.01543857330987
235,275,308,9.7375,-2.53161254044173
235,275,308,9.745,2.67798376316233
235,275,308,9.7525,1.80446717674913
235,275,308,9.76,1.05290247479384
235,275,308,9.7675,0.125216059812183
235,275,308,9.775,-1.06007667692539
235,275,308,9.7825,-1.91103048337711
235,275,308,9.79,-2.63365877997501
235,275,308,9.7975,2.7014291614912
235,275,308,9.805,1.54298818351542
235,275,308,9.8125,1.02751105693839
235,275,308,9.82,0.240770215110556
235,275,308,9.8275,-0.495956591876784
235,275,308,9.835,-0.865269445286267
235,275,308,9.8425,-1.69474712513455
235,275,308,9.85,-3.00547019541123
235,275,308,9.8575,2.23550109046337
235,275,308,9.865,1.5562905974776
235,275,308,9.8725,0.426787704002549
235,275,308,9.88,-0.643555760043143
235,275,308,9.8875,-1.39952947449477
235,275,308,9.895,-2.31325647559628
235,275,308,9.9025,-3.01758022086688
235,275,308,9.91,2.07997063231473
235,275,308,9.9175,1.22431856866273
235,275,308,9.925,0.236546316703252
235,275,308,9.9325,-0.617247900545456
235,275,308,9.94,-1.71439196742762
235,275,308,9.9475,-2.45206920206061
235,275,308,9.955,2.66975448733886
235,275,308,9.9625,1.74896298838352
235,275,308,9.97,0.970068496645946
235,275,308,9.9775,-0.0395964286406817
235,275,308,9.985,-0.827143868056747
235,275,308,9.9925,-1.72549516967584
235,275,308,10,-2.75252425846973
235,275,308,10.0075,2.4766141125672
235,275,308,10.015,1.56951028422155
235,275,308,10.0225,0.669029050495751
235,275,308,10.03,-0.271529393282167
235,275,308,10.0375,-1.26333646691318
235,275,308,10.045,-2.33784499055691
235,275,308,10.0525,2.99043460115894
235,275,308,10.06,2.04040214281719
235,275,308,10.0675,1.22271802499029
235,275,308,10.075,0.278654946292382
235,275,308,10.0825,-0.544750446804731
235,275,308,10.09,-1.55681318605351
235,275,308,10.0975,-2.13454405715268
235,275,308,10.105,-2.89818481371334
235,275,308,10.1125,2.12399087796381
235,275,308,10.12,2.07536323383755
235,275,308,10.1275,1.01191454446403
235,275,308,10.135,0.0520813108093434
235,275,308,10.1425,-1.1692156725275
235,275,308,10.15,-1.58177748131585
235,275,308,10.1575,-2.38225758936119
235,275,308,10.165,2.94448327088
235,275,308,10.1725,2.14154342634296
235,275,308,10.18,1.00211212823923
235,275,308,10.1875,0.0208921568231664
235,275,308,10.195,-1.08510018899317
235,275,308,10.2025,-2.13382528254568
235,275,308,10.21,-2.98885614843487
235,275,308,10.2175,2.09359234101367
235,275,308,10.225,1.35237283851352
235,275,308,10.2325,0.660436733596539
235,275,308,10.24,-0.619641169119278
235,275,308,10.2475,-1.41106809393564
235,275,308,10.255,-2.3936657075264
235,275,308,10.2625,-3.05700989033368
235,275,308,10.27,2.08157603485549
235,275,308,10.2775,1.0101671679149
235,275,308,10.285,-0.139404825384952
235,275,308,10.2925,-0.519328823091287
235,275,308,10.3,-1.70360068409847
235,275,308,10.3075,-2.32392592955954
235,275,308,10.315,-2.84537433406969
235,275,308,10.3225,2.3329708791702
235,275,308,10.33,2.05631357605285
235,275,308,10.3375,1.20594692195738
235,275,308,10.345,-0.118311276684599
235,275,308,10.3525,-1.21000023301803
235,275,308,10.36,-2.13967122160499
235,275,308,10.3675,-2.59232248722223
235,275,308,10.375,2.90697181441742
235,275,308,10.3825,1.93039117678199
235,275,308,10.39,1.22754574621959
235,275,308,10.3975,-0.12746011357304
235,275,308,10.405,-1.25018333980067
235,275,308,10.4125,-2.10050087589388
235,275,308,10.42,-3.09607510855512
235,275,308,10.4275,1.84993033568836
235,275,308,10.435,0.9460686912345
235,275,308,10.4425,0.261417359660716
235,275,308,10.45,-0.872218670837313
235,275,308,10.4575,-1.91527582233929
235,275,308,10.465,3.06492014182789
235,275,308,10.4725,2.25926356165123
235,275,308,10.48,1.86196533931339
235,275,308,10.4875,1.19619620014444
235,275,308,10.495,-0.123516370342892
235,275,308,10.5025,-0.845462473809582
235,275,308,10.51,-1.6612190386207
235,275,308,10.5175,-2.42214308942776
235,275,308,10.525,2.53918540059077
235,275,308,10.5325,1.86415298923995
235,275,308,10.54,1.25951960023892
235,275,308,10.5475,0.86667541372821
235,275,308,10.555,-1.29928902963643
235,275,308,10.5625,-0.404524344278352
235,275,308,10.57,-2.01422123432487
235,275,308,10.5775,-2.91379086810117
235,275,308,10.585,2.31310274478026
235,275,308,10.5925,1.65459540811491
235,275,308,10.6,0.548533416488703
235,275,308,10.6075,0.214993123856787
235,275,308,10.615,-0.928551145959702
235,275,308,10.6225,-1.29384372133224
235,275,308,10.63,-2.51112442504077
235,275,308,10.6375,2.43170763769966
235,275,308,10.645,1.62033253791385
235,275,308,10.6525,0.41625046618978
235,275,308,10.66,-0.267741129397718
235,275,308,10.6675,-1.36472394874635
235,275,308,10.675,-2.17359681230362
235,275,308,10.6825,2.6697557110814
235,275,308,10.69,2.17409347529302
235,275,308,10.6975,1.348456896484
235,275,308,10.705,0.0966716490937566
235,275,308,10.7125,-0.813586266372367
235,275,308,10.72,-1.87982637886135
235,275,308,10.7275,-2.53515659935139
235,275,308,10.735,2.85974782506921
235,275,308,10.7425,1.5887850310264
235,275,308,10.75,0.936576038228174
235,275,308,10.7575,-0.224587499914011
235,275,308,10.765,-1.24560649262274
235,275,308,10.7725,-2.39163214938465
235,275,308,10.78,2.85264556276263
235,275,308,10.7875,1.89483547841165
235,275,308,10.795,0.803136738282168
235,275,308,10.8025,-0.431312147676946
235,275,308,10.81,-1.22035862066637
235,275,308,10.8175,-2.61127254838726
235,275,308,10.825,3.06287932740379
235,275,308,10.8325,-0.145256697715987
235,275,308,10.84,-2.76369051482694
235,275,308,10.8475,3.07828517530375
235,275,308,10.855,1.76435531042043
235,275,308,10.8625,0.948250248945819
235,275,308,10.87,-0.158317400787047
235,275,308,10.8775,-1.05014310243707
235,275,308,10.885,-1.94344109741669
235,275,308,10.8925,-2.71135135087084
235,275,308,10.9,1.9930631727385
235,275,308,10.9075,1.11388559733067
235,275,308,10.915,0.570798174478907
235,275,308,10.9225,-0.821572420859938
235,275,308,10.93,-1.71929338513004
235,275,308,10.9375,-2.85183643079337
235,275,308,10.945,2.73718300343176
235,275,308,10.9525,1.50459549750099
235,275,308,10.96,0.648157972517788
235,275,308,10.9675,-0.398194097642094
235,275,308,10.975,-1.04780793659168
235,275,308,10.9825,-2.28385109952839
235,275,308,10.99,2.83025115751331
235,275,308,10.9975,2.22651827528822
235,275,308,11.005,1.50491338856836
235,275,308,11.0125,0.3738955437108
235,275,308,11.02,-0.577141956109674
235,275,308,11.0275,-1.92293659367719
235,275,308,11.035,-2.26625372071657
235,275,308,11.0425,-2.97404739755553
235,275,308,11.05,-3.04932777420932
235,275,308,11.0575,1.51468830288326
235,275,308,11.065,0.587534650674243
235,275,308,11.0725,0.103202341272107
235,275,308,11.08,-0.923271391731811
235,275,308,11.0875,-2.00917239962013
235,275,308,11.095,-2.66540392728106
235,275,308,11.1025,2.72142153501951
235,275,308,11.11,1.51372602143242
235,275,308,11.1175,0.99742196891924
235,275,308,11.125,-0.175532448176682
235,275,308,11.1325,-0.59424185892295
235,275,308,11.14,-1.87464830950443
235,275,308,11.1475,3.13117964312187
235,275,308,11.155,2.16553491032181
235,275,308,11.1625,1.69829041067583
235,275,308,11.17,0.50841915976852
235,275,308,11.1775,-0.379452102348176
235,275,308,11.185,-1.25308005483586
235,275,308,11.1925,-2.49420529582881
235,275,308,11.2,3.03357469910462
235,275,308,11.2075,1.63925191642433
235,275,308,11.215,1.00735222912613
235,275,308,11.2225,0.221750494643873
235,275,308,11.23,-0.606990622514145
235,275,308,11.2375,-2.15202541681838
235,275,308,11.245,-2.9054067412723
235,275,308,11.2525,2.29021870481311
235,275,308,11.26,1.98000812904783
235,275,308,11.2675,1.20280049567929
235,275,308,11.275,-0.187690020845864
235,275,308,11.2825,1.82545584262822
235,275,308,11.29,-0.16562933783605
235,275,308,11.2975,-1.94298973377809
235,275,308,11.305,-1.96052877309193
235,275,308,11.3125,-2.46961074460745
235,275,308,11.32,2.08213186232678
235,275,308,11.3275,1.10215701043221
235,275,308,11.335,-0.0430896274121599
235,275,308,11.3425,-0.473727972899807
235,275,308,11.35,-1.43974329104012
235,275,308,11.3575,-2.59742567852157
235,275,308,11.365,2.83511543882951
235,275,308,11.3725,1.96051857904636
235,275,308,11.38,0.662999139105232
235,275,308,11.3875,-0.50188194858555
235,275,308,11.395,-0.903597848173471
235,275,308,11.4025,-1.99849719186649
235,275,308,11.41,-2.67347285604679
235,275,308,11.4175,2.71913781056218
235,275,308,11.425,1.56045715499845
235,275,308,11.4325,0.560250080060014
235,275,308,11.44,-0.452396312630055
235,275,308,11.4475,-1.3714868720919
235,275,308,11.455,-2.38169321797141
235,275,308,11.4625,2.6781358756903
235,275,308,11.47,1.74334036006615
235,275,308,11.4775,0.806239705698555
235,275,308,11.485,-0.45223270486421
235,275,308,11.4925,-1.24999160128947
235,275,308,11.5,-2.15833754931031
235,275,308,11.5075,2.99874416598978
235,275,308,11.515,2.227887796911
235,275,308,11.5225,0.99391417215423
235,275,308,11.53,0.489765517429125
235,275,308,11.5375,-0.0284077534220452
235,275,308,11.545,-0.724956120700516
235,275,308,11.5525,-1.35334093697437
235,275,308,11.56,-2.45337099423844
235,275,308,11.5675,-3.05837122914141
235,275,308,11.575,2.38075986407029
235,275,308,11.5825,1.20025256030253
235,275,308,11.59,-0.212698697471128
235,275,308,11.5975,-0.721297730120616
235,275,308,11.605,-2.4242435905662
235,275,308,11.6125,-1.51138706686842
235,275,308,11.62,-2.48097021704808
235,275,308,11.6275,2.72338448113897
235,275,308,11.635,2.04939215664991
235,275,308,11.6425,0.951116427633738
235,275,308,11.65,-0.252098632941661
235,275,308,11.6575,-0.804945145929121
235,275,308,11.665,-2.20133187852411
235,275,308,11.6725,2.99409015566087
235,275,308,11.68,2.1174203768767
235,275,308,11.6875,1.1585491958133
235,275,308,11.695,0.182910460086669
235,275,308,11.7025,-0.922441650201125
235,275,308,11.71,-1.92221071869222
235,275,308,11.7175,-2.94151246630002
235,275,308,11.725,2.06699782175725
235,275,308,11.7325,1.21619094424966
235,275,308,11.74,0.437880969325178
235,275,308,11.7475,-0.849230335048634
235,275,308,11.755,-1.11572506193517
235,275,308,11.7625,-2.09901940678095
235,275,308,11.77,2.67677648413024
235,275,308,11.7775,2.57365960321858
235,275,308,11.785,1.7339562545674
235,275,308,11.7925,0.93253179764151
235,275,308,11.8,0.131966036151269
235,275,308,11.8075,-1.42848775418732
235,275,308,11.815,-1.26116932095041
235,275,308,11.8225,-2.72494911458674
235,275,308,11.83,2.71784040755563
235,275,308,11.8375,1.80689574815311
235,275,308,11.845,0.673852576657153
235,275,308,11.8525,-0.26391245473341
235,275,308,11.86,-0.729642450750027
235,275,308,11.8675,-1.64527004391522
235,275,308,11.875,-2.36874142569157
235,275,308,11.8825,2.89530595900493
235,275,308,11.89,1.56224374995878
235,275,308,11.8975,0.847651880343331
235,275,308,11.905,0.031239479427732
235,275,308,11.9125,-1.07796277795629
235,275,308,11.92,-2.23454187129794
235,275,308,11.9275,3.11142594285824
235,275,308,11.935,2.23325188173959
235,275,308,11.9425,1.22888548085651
235,275,308,11.95,0.270050133378188
235,275,308,11.9575,-0.739292120338987
235,275,308,11.965,-1.7774458843938
235,275,308,11.9725,-2.88500090343641
235,275,308,11.98,2.49285463362204
235,275,308,11.9875,1.45804519344861
235,275,308,11.995,0.0802422452160641
235,275,308,12.0025,-0.928361608946148
235,275,308,12.01,-1.00322303113586
235,275,308,12.0175,1.99119308408695
235,275,308,12.025,1.18568502322491
235,275,308,12.0325,-2.29675152806265
235,275,308,12.04,-2.28188522962523
235,275,308,12.0475,2.73362431211046
235,275,308,12.055,1.28520011562365
235,275,308,12.0625,-0.0786515795860056
235,275,308,12.07,-0.0324649183669046
235,275,308,12.0775,-1.88550485148575
235,275,308,12.085,-2.43982510651206
235,275,308,12.0925,3.12009464774286
235,275,308,12.1,2.08701921392249
235,275,308,12.1075,1.03069924801246
235,275,308,12.115,0.226178223083281
235,275,308,12.1225,-0.673577914488957
235,275,308,12.13,-1.71155830039888
235,275,308,12.1375,-2.70684071264081
235,275,308,12.145,2.66917247381156
235,275,308,12.1525,1.54953735376045
235,275,308,12.16,0.460525710756578
235,275,308,12.1675,-0.252281924840042
235,275,308,12.175,-1.45133503360575
235,275,308,12.1825,-2.59309000049527
235,275,308,12.19,2.65829601833378
235,275,308,12.1975,1.65882111493889
235,275,308,12.205,1.27901806084178
235,275,308,12.2125,-0.108590568277873
235,275,308,12.22,-1.17094667357429
235,275,308,12.2275,-1.95875812694447
235,275,308,12.235,-2.79449825646725
235,275,308,12.2425,2.39260604849551
235,275,308,12.25,1.03202177854494
235,275,308,12.2575,0.21184398884878
235,275,308,12.265,-0.782989300259224
235,275,308,12.2725,-1.45953299418208
235,275,308,12.28,-2.9679393657998
235,275,308,12.2875,1.43557243903385
235,275,308,12.295,1.98408195989409
235,275,308,12.3025,1.8102524292157
235,275,308,12.31,1.81189411385876
235,275,308,12.3175,1.08548254143272
235,275,308,12.325,0.349852429954059
235,275,308,12.3325,0.0775015165071085
235,275,308,12.34,-0.828116263838482
235,275,308,12.3475,-2.26887927973674
235,275,308,12.355,-2.97980395557618
235,275,308,12.3625,1.94318713470069
235,275,308,12.37,1.44204277699097
235,275,308,12.3775,0.0443700802372093
235,275,308,12.385,-1.07648198688129
235,275,308,12.3925,-1.55837961006491
235,275,308,12.4,-2.93992815619673
235,275,308,12.4075,2.43542553214131
235,275,308,12.415,1.42443338610711
235,275,308,12.4225,0.358775797463685
235,275,308,12.43,-0.570378214687867
235,275,308,12.4375,-1.5015085836838
235,275,308,12.445,-2.64593776283654
235,275,308,12.4525,2.89416774022032
235,275,308,12.46,1.53871851159577
235,275,308,12.4675,0.394930828626438
235,275,308,12.475,-0.322211680087027
235,275,308,12.4825,-1.43967244631931
235,275,308,12.49,-2.44927763250456
235,275,308,12.4975,2.52318518181491
235,275,308,12.505,2.00751482673092
235,275,308,12.5125,1.20974321817595
235,275,308,12.52,0.461967124142493
235,275,308,12.5275,-0.040992502045869
235,275,308,12.535,-1.62987070049537
235,275,308,12.5425,-2.73494602999195
235,275,308,12.55,3.00077144580538
235,275,308,12.5575,1.95801292262983
235,275,308,12.565,1.06882666591272
235,275,308,12.5725,1.48179473363209
235,275,308,12.58,0.0249997866844171
235,275,308,12.5875,-0.496837285830068
235,275,308,12.595,-1.11082228023429
235,275,308,12.6025,-2.08078900606768
235,275,308,12.61,-2.94747474416222
235,275,308,12.6175,2.27950860594649
235,275,308,12.625,1.02069805209799
235,275,308,12.6325,0.419777871979999
235,275,308,12.64,-0.521185582185498
235,275,308,12.6475,-1.44577507950614
235,275,308,12.655,-2.51688037670312
235,275,308,12.6625,2.39332554634013
235,275,308,12.67,1.46129619197903
235,275,308,12.6775,0.647334704392395
235,275,308,12.685,-0.514394314380974
235,275,308,12.6925,-1.11687482176574
235,275,308,12.7,-2.2211238092603
235,275,308,12.7075,3.0080237773729
235,275,308,12.715,2.17484542394898
235,275,308,12.7225,1.00519158275819
235,275,308,12.73,-0.469069931840399
235,275,308,12.7375,-2.37512659835624
235,275,308,12.745,-2.63667282331801
235,275,308,12.7525,3.03859882878615
235,275,308,12.76,1.88209500779179
235,275,308,12.7675,0.872191064404945
235,275,308,12.775,0.579014088335833
235,275,308,12.7825,0.38729271690303
235,275,308,12.79,-1.5923669590486
235,275,308,12.7975,0.539569917381511
235,275,308,12.805,0.0962293618360564
235,275,308,12.8125,-1.18816535868481
235,275,308,12.82,2.95942123248884
235,275,308,12.8275,1.74738346243305
235,275,308,12.835,1.56855992574447
235,275,308,12.8425,0.560566689235752
235,275,308,12.85,-0.843009767380329
235,275,308,12.8575,-1.65385389411881
235,275,308,12.865,-2.26815424007517
235,275,308,12.8725,2.76382405103051
235,275,308,12.88,1.86323842940537
235,275,308,12.8875,1.22005879834959
235,275,308,12.895,-0.0944661197994051
235,275,308,12.9025,-1.09487273510413
235,275,308,12.91,-1.92737429230864
235,275,308,12.9175,-2.89631235013631
235,275,308,12.925,2.45350564688865
235,275,308,12.9325,1.36560880895147
235,275,308,12.94,0.26341315408946
235,275,308,12.9475,-0.536706351604863
235,275,308,12.955,-1.90336171763888
235,275,308,12.9625,-2.66934822270698
235,275,308,12.97,2.33943896313907
235,275,308,12.9775,0.993638907349005
235,275,308,12.985,-0.00839787730100069
235,275,308,12.9925,-1.0022047655505
235,275,308,13,-2.21480460626351
235,275,308,13.0075,-2.82675199504965
235,275,308,13.015,1.55266608806394
235,275,308,13.0225,1.12532534984326
235,275,308,13.03,1.10303957401604
235,275,308,13.0375,-1.88370332637224
235,275,308,13.045,-0.454218407333075
235,275,308,13.0525,0.728186859443988
235,275,308,13.06,1.10006612651398
235,275,308,13.0675,0.271209044364625
235,275,308,13.075,-0.304399870508577
235,275,308,13.0825,-2.15763913304778
235,275,308,13.09,2.8126588477353
235,275,308,13.0975,1.16566850913194
235,275,308,13.105,0.396205333605244
235,275,308,13.1125,-0.765495786799256
235,275,308,13.12,-1.30781312823396
235,275,308,13.1275,-2.48643615472083
235,275,308,13.135,2.73900676158768
235,275,308,13.1425,1.94115393181029
235,275,308,13.15,0.502822173089706
235,275,308,13.1575,-0.471966426046697
235,275,308,13.165,-1.23890346620033
235,275,308,13.1725,-2.29004104324328
235,275,308,13.18,2.99716334913155
235,275,308,13.1875,1.98193954482848
235,275,308,13.195,0.940929556527519
235,275,308,13.2025,-0.0304478825521712
235,275,308,13.21,-1.03422447397738
235,275,308,13.2175,-2.03567596119656
235,275,308,13.225,2.95104113727522
235,275,308,13.2325,2.06527135744664
235,275,308,13.24,0.905416460060896
235,275,308,13.2475,0.112135145000587
235,275,308,13.255,0.634375094592021
235,275,308,13.2625,-1.55017387076992
235,275,308,13.27,-2.0650919226302
235,275,308,13.2775,-3.05902782510664
235,275,308,13.285,-2.97346825236945
235,275,308,13.2925,1.09202734162427
235,275,308,13.3,2.82863266049989
235,275,308,13.3075,1.14380653437846
235,275,308,13.315,-0.994187105032038
235,275,308,13.3225,-0.784630654648357
235,275,308,13.33,-1.56014689551464
235,275,308,13.3375,-3.07954071038477
235,275,308,13.345,2.6876189061516
235,275,308,13.3525,1.74631931192049
235,275,308,13.36,1.02499575010825
235,275,308,13.3675,-0.64799422731729
235,275,308,13.375,-1.38322274416936
235,275,308,13.3825,-2.36320852744473
235,275,308,13.39,-3.0002634822281
235,275,308,13.3975,2.26438671987297
235,275,308,13.405,1.66142959036712
235,275,308,13.4125,0.156612824982821
235,275,308,13.42,-0.834328647645191
235,275,308,13.4275,-1.55725761619973
235,275,308,13.435,-2.60081953537258
235,275,308,13.4425,2.6854934893186
235,275,308,13.45,1.71767448935878
235,275,308,13.4575,1.08979977982479
235,275,308,13.465,-0.245167215431232
235,275,308,13.4725,-1.12464876224441
235,275,308,13.48,-2.18534589878335
235,275,308,13.4875,-2.94432380608286
235,275,308,13.495,2.58376502307047
235,275,308,13.5025,0.844934093479677
235,275,308,13.51,0.348328888531005
235,275,308,13.5175,-1.70673849731269
235,275,308,13.525,-0.598627062507341
235,275,308,13.5325,-0.580146866552841
235,275,308,13.54,-2.0356738477629
235,275,308,13.5475,2.96086326109982
235,275,308,13.555,2.07749237617452
235,275,308,13.5625,0.940890726664127
235,275,308,13.57,0.361650771593575
235,275,308,13.5775,-0.828267525531914
235,275,308,13.585,-1.22607360214648
235,275,308,13.5925,-2.69119503661388
235,275,308,13.6,2.36444016266127
235,275,308,13.6075,1.91799295043645
235,275,308,13.615,1.69807790872649
235,275,308,13.6225,0.647412581022477
235,275,308,13.63,-0.281850530619895
235,275,308,13.6375,-1.11653064662497
235,275,308,13.645,-2.28189256286922
235,275,308,13.6525,-2.97682559090274
235,275,308,13.66,2.28112832467293
235,275,308,13.6675,0.701997357129152
235,275,308,13.675,-0.0856856373002692
235,275,308,13.6825,-1.05728603020866
235,275,308,13.69,-1.97352341667255
235,275,308,13.6975,-3.03081298654353
235,275,308,13.705,2.11850406595449
235,275,308,13.7125,1.42298691820836
235,275,308,13.72,0.120214352086777
235,275,308,13.7275,-1.01908142613285
235,275,308,13.735,-1.92947887298235
235,275,308,13.7425,3.13020372974382
235,275,308,13.75,2.9761704190864
235,275,308,13.7575,2.38232141117416
235,275,308,13.765,0.473395377769201
235,275,308,13.7725,0.525395373443242
235,275,308,13.78,2.9271300761723
235,275,308,13.7875,0.0104086097511309
235,275,308,13.795,-1.74975119836728
235,275,308,13.8025,-1.46392584898811
235,275,308,13.81,-2.86291115189444
235,275,308,13.8175,2.17852113352643
235,275,308,13.825,1.67673950484746
235,275,308,13.8325,-0.0139136388472763
235,275,308,13.84,-0.24985720295255
235,275,308,13.8475,-0.882231470136225
235,275,308,13.855,-2.0022240182477
235,275,308,13.8625,-3.03775330397399
235,275,308,13.87,2.30116108240378
235,275,308,13.8775,1.46867263608153
235,275,308,13.885,0.358247553305824
235,275,308,13.8925,-0.646335573520074
235,275,308,13.9,-1.7052573545089
235,275,308,13.9075,-2.69839325961939
235,275,308,13.915,2.5600939611796
235,275,308,13.9225,1.39657191623401
235,275,308,13.93,0.473740099426669
235,275,308,13.9375,-0.401493429652619
235,275,308,13.945,-1.74116825153217
235,275,308,13.9525,-2.50355909664925
235,275,308,13.96,2.9661714588808
235,275,308,13.9675,1.81304830359693
235,275,308,13.975,0.695226015982853
235,275,308,13.9825,-0.33643677121048
235,275,308,13.99,-0.943240482215469
235,275,308,13.9975,-2.09748454569742
235,275,308,14.005,-3.13859308233887
235,275,308,14.0125,1.77420527742888
235,275,308,14.02,1.22869982079387
235,275,308,14.0275,-0.316091164767747
235,275,308,14.035,-1.86452359624398
235,275,308,14.0425,2.67340263076068
235,275,308,14.05,-2.85177634436156
235,275,308,14.0575,-0.957921124184401
235,275,308,14.065,-1.86378891672904
235,275,308,14.0725,2.50157936204293
235,275,308,14.08,1.59617767528466
235,275,308,14.0875,1.21611922572367
235,275,308,14.095,-0.175230804457237
235,275,308,14.1025,-0.927357990813292
235,275,308,14.11,-1.93863796606388
235,275,308,14.1175,-2.64212234543591
235,275,308,14.125,2.53459799018452
235,275,308,14.1325,1.44570087233226
235,275,308,14.14,0.602982851173565
235,275,308,14.1475,-0.314071184732954
235,275,308,14.155,-1.25433607617974
235,275,308,14.1625,-2.62841582939795
235,275,308,14.17,2.97685368714857
235,275,308,14.1775,2.37350701846466
235,275,308,14.185,1.47584401055261
235,275,308,14.1925,0.081854374015033
235,275,308,14.2,-0.61405954718515
235,275,308,14.2075,-1.69218738468098
235,275,308,14.215,-2.79908668852557
235,275,308,14.2225,2.41560875284741
235,275,308,14.23,1.4628267942838
235,275,308,14.2375,0.124384468891481
235,275,308,14.245,-1.19779507756369
235,275,308,14.2525,-2.11262212583213
235,275,308,14.26,-2.58996653015929
235,275,308,14.2675,2.93125726857943
235,275,308,14.275,1.31907522085021
235,275,308,14.2825,0.975133075914283
235,275,308,14.29,0.0639708442616261
235,275,308,14.2975,-0.735248055484537
235,275,308,14.305,-1.48677985092976
235,275,308,14.3125,-2.79458202974846
235,275,308,14.32,-1.78127957099966
235,275,308,14.3275,-1.76048538066704
235,275,308,14.335,2.16083583669079
235,275,308,14.3425,1.43313995900047
235,275,308,14.35,0.237559638004658
235,275,308,14.3575,-0.31601381977789
235,275,308,14.365,-2.11325677565836
235,275,308,14.3725,-2.3019343844181
235,275,308,14.38,2.33044387191278
235,275,308,14.3875,1.72309059328806
235,275,308,14.395,0.601954051575803
235,275,308,14.4025,-0.613621541852238
235,275,308,14.41,-1.08396846244957
235,275,308,14.4175,-2.06997474894172
235,275,308,14.425,-2.67432935898903
235,275,308,14.4325,2.6920620158692
235,275,308,14.44,1.70030956777053
235,275,308,14.4475,0.414705172270143
235,275,308,14.455,-0.250381311081476
235,275,308,14.4625,-1.57937909848148
235,275,308,14.47,-2.64132591161915
235,275,308,14.4775,2.60534442547288
235,275,308,14.485,1.44226723352335
235,275,308,14.4925,0.538446522042754
235,275,308,14.5,-0.872457166609415
235,275,308,14.5075,-1.60627678243749
235,275,308,14.515,-2.5803730417912
235,275,308,14.5225,2.05424871327342
235,275,308,14.53,2.57073267736412
235,275,308,14.5375,-0.542369259422028
235,275,308,14.545,-1.14701082069619
235,275,308,14.5525,2.81668262134558
235,275,308,14.56,-0.163766661732644
235,275,308,14.5675,-1.17774687644149
235,275,308,14.575,-1.43525296212006
235,275,308,14.5825,-0.859533250940064
235,275,308,14.59,2.46428129322139
235,275,308,14.5975,1.40927276042053
235,275,308,14.605,0.0312657820215169
235,275,308,14.6125,0.662933931119557
235,275,308,14.62,-1.01657453545671
235,275,308,14.6275,-1.36345450156168
235,275,308,14.635,2.77816004830556
235,275,308,14.6425,2.69860972898627
235,275,308,14.65,2.0815789714066
235,275,308,14.6575,0.811580375623508
235,275,308,14.665,-0.28866170999486
235,275,308,14.6725,-1.72453506587131
235,275,308,14.68,-2.52809693383209
235,275,308,14.6875,3.02251985623614
235,275,308,14.695,1.80189402106418
235,275,308,14.7025,1.16528051363235
235,275,308,14.71,0.41940066644865
235,275,308,14.7175,-0.580273069049648
235,275,308,14.725,-2.09712695679503
235,275,308,14.7325,2.90935238479707
235,275,308,14.74,2.43333881402974
235,275,308,14.7475,0.84806812770594
235,275,308,14.755,1.35252583378807
235,275,308,14.7625,-0.484834001963533
235,275,308,14.77,-1.82422551393688
235,275,308,14.7775,-2.11288341519185
235,275,308,14.785,-3.11241630296209
235,275,308,14.7925,-2.37124279951846
235,275,308,14.8,0.453179345375539
235,275,308,14.8075,0.810213292788051
235,275,308,14.815,-1.84482217957063
235,275,308,14.8225,0.183861532749741
235,275,308,14.83,-1.45037116695769
235,275,308,14.8375,-0.931470707720941
235,275,308,14.845,2.55990007732571
235,275,308,14.8525,-2.80863638820505
235,275,308,14.86,0.918326650319779
235,275,308,14.8675,1.43681347342981
235,275,308,14.875,-0.00785931905557641
235,275,308,14.8825,-0.0176283689638008
235,275,308,14.89,-1.69096321482355
235,275,308,14.8975,-2.88848626142968
235,275,308,14.905,2.69302338812005
235,275,308,14.9125,1.17178700754451
235,275,308,14.92,0.1998637972999
235,275,308,14.9275,-1.24352748601908
235,275,308,14.935,-1.43224962381115
235,275,308,14.9425,-2.57867484538912
235,275,308,14.95,2.61762475345749
235,275,308,14.9575,0.893579266912278
235,275,308,14.965,0.134297781139634
235,275,308,14.9725,-0.725433805611037
235,275,308,14.98,-1.72159204161901
235,275,308,14.9875,-2.236065497645
235,275,308,14.995,2.35219407761892
235,275,308,15.0025,2.42504529551436
235,275,308,15.01,2.62932130503705
235,275,308,15.0175,-0.308390139558434
235,275,308,15.025,-1.48336328799925
235,275,308,15.0325,0.177944432186542
235,275,308,15.04,0.648089470124802
235,275,308,15.0475,2.85058695391925
235,275,308,15.055,-2.50888383849324
235,275,308,15.0625,0.517029815705473
235,275,308,15.07,-0.164059482661569
235,275,308,15.0775,2.94809839761872
235,275,308,15.085,1.52956810412937
235,275,308,15.0925,-1.2070135549075
235,275,308,15.1,3.12824104996044
235,275,308,15.1075,-2.3490918822032
235,275,308,15.115,2.10568276788908
235,275,308,15.1225,1.44114509297393
235,275,308,15.13,0.830945596892538
235,275,308,15.1375,-0.250922597649627
235,275,308,15.145,-1.77319081935368
235,275,308,15.1525,-2.9027601662058
235,275,308,15.16,-3.13325517388862
235,275,308,15.1675,2.17573428899341
235,275,308,15.175,0.64416166716856
235,275,308,15.1825,-0.29465869044878
235,275,308,15.19,-1.2995865415623
235,275,308,15.1975,-2.6116502389229
235,275,308,15.205,2.88924639626996
235,275,308,15.2125,2.24011301784201
235,275,308,15.22,1.21835923432012
235,275,308,15.2275,0.0324399397824727
235,275,308,15.235,-0.718565282251292
235,275,308,15.2425,-2.07384950674392
235,275,308,15.25,3.00281732254871
235,275,308,15.2575,0.806949149402158
235,275,308,15.265,0.103407917034151
235,275,308,15.2725,-0.0139996371623808
235,275,308,15.28,1.94356265753618
235,275,308,15.2875,-2.17441115125656
235,275,308,15.295,0.429091803920034
235,275,308,15.3025,0.293731364903781
235,275,308,15.31,-2.3591855206228
235,275,308,15.3175,-2.22219878397022
235,275,308,15.325,2.5820639616928
235,275,308,15.3325,2.45818603426434
235,275,308,15.34,0.636009839647581
235,275,308,15.3475,-0.565573554037678
235,275,308,15.355,-1.23953074252217
235,275,308,15.3625,3.13534777354283
235,275,308,15.37,2.98227114473651
235,275,308,15.3775,2.76698595598491
235,275,308,15.385,1.43865510061294
235,275,308,15.3925,0.315565636756088
235,275,308,15.4,-0.807738762827483
235,275,308,15.4075,-1.52915577336911
235,275,308,15.415,-2.72479865493188
235,275,308,15.4225,3.13888873378038
235,275,308,15.43,0.918237514507825
235,275,308,15.4375,0.321687406717313
235,275,308,15.445,0.117693981968264
235,275,308,15.4525,-2.02319311691288
235,275,308,15.46,-2.40424370943199
235,275,308,15.4675,2.86884382244558
235,275,308,15.475,0.819670446469092
235,275,308,15.4825,0.412350314077424
235,275,308,15.49,0.249472546066108
235,275,308,15.4975,-1.89402478691527
235,275,308,15.505,-1.56383704285408
235,275,308,15.5125,-1.87002174229919
235,275,308,15.52,1.65987917958259
235,275,308,15.5275,-1.31176204621516
235,275,308,15.535,0.995509049567621
235,275,308,15.5425,0.70023135307224
235,275,308,15.55,-2.20019253636401
235,275,308,15.5575,-0.686597631800432
235,275,308,15.565,-2.49958491445871
235,275,308,15.5725,-1.88948895843212
235,275,308,15.58,2.9264921334979
235,275,308,15.5875,1.01628550698739
235,275,308,15.595,0.789384274247583
235,275,308,15.6025,0.135636700784317
235,275,308,15.61,-0.908582837201391
235,275,308,15.6175,-2.13199298595237
235,275,308,15.625,2.13647242571258
235,275,308,15.6325,0.619089113863209
235,275,308,15.64,1.32786923054693
235,275,308,15.6475,0.315338853182892
235,275,308,15.655,-0.42408434647124
235,275,308,15.6625,-0.445524331492202
235,275,308,15.67,-2.09896362050501
235,275,308,15.6775,-2.7836291650315
235,275,308,15.685,1.87364047872997
235,275,308,15.6925,1.90440347887711
235,275,308,15.7,0.470302991969821
235,275,308,15.7075,-0.0670479536329297
235,275,308,15.715,-1.57294942614639
235,275,308,15.7225,-2.03554415340704
235,275,308,15.73,1.97281246053813
235,275,308,15.7375,2.07587631776964
235,275,308,15.745,0.542225416367445
235,275,308,15.7525,-0.0467376872808197
235,275,308,15.76,-0.775782713233054
235,275,308,15.7675,-2.64803122719561
235,275,308,15.775,-1.54077863890795
235,275,308,15.7825,2.27622812913809
235,275,308,15.79,-2.95994920538371
235,275,308,15.7975,1.02288792999204
235,275,308,15.805,2.3245761129087
235,275,308,15.8125,-0.588243446660371
235,275,308,15.82,-0.509872140543507
235,275,308,15.8275,2.80082567405738
235,275,308,15.835,2.63757467845374
235,275,308,15.8425,0.957472454236786
235,275,308,15.85,-0.0816019741928497
235,275,308,15.8575,-1.32323823820507
235,275,308,15.865,-0.580312436496805
235,275,308,15.8725,-1.44409423950864
235,275,308,15.88,2.99888067342415
235,275,308,15.8875,-3.12665763461332
235,275,308,15.895,-2.86465124900497
235,275,308,15.9025,1.57754015375317
235,275,308,15.91,0.201580708418612
235,275,308,15.9175,-0.0830655619594987
235,275,308,15.925,-2.76616805614192
235,275,308,15.9325,2.5916552068629
235,275,308,15.94,2.23439077050548
235,275,308,15.9475,1.88620262400237
235,275,308,15.955,0.0985679213402977
235,275,308,15.9625,-0.257263483342216
235,275,308,15.97,-1.28969396730478
235,275,308,15.9775,-2.19858277421553
235,275,308,15.985,-2.87811904328314
235,275,308,15.9925,2.05736517875553
235,275,308,16,1.14379917246268
235,275,307,4,-2.13358001243765
235,275,307,4.0075,-2.95901583240298
235,275,307,4.015,2.393300585968
235,275,307,4.0225,1.3900925482321
235,275,307,4.03,2.00762040510145
235,275,307,4.0375,0.757351547224289
235,275,307,4.045,0.383843966009871
235,275,307,4.0525,-0.489006832208469
235,275,307,4.06,-1.52423323740164
235,275,307,4.0675,-2.3906399840423
235,275,307,4.075,2.81416259936324
235,275,307,4.0825,1.89826466228019
235,275,307,4.09,1.00296738070678
235,275,307,4.0975,0.0182760800245781
235,275,307,4.105,-0.885342056342273
235,275,307,4.1125,-1.81668067247965
235,275,307,4.12,-2.88557438871644
235,275,307,4.1275,2.50678069460969
235,275,307,4.135,1.6076774119811
235,275,307,4.1425,0.424082226865286
235,275,307,4.15,-0.57887026400161
235,275,307,4.1575,-1.48167368998075
235,275,307,4.165,-2.48795347824375
235,275,307,4.1725,2.83501515715227
235,275,307,4.18,1.87683638132898
235,275,307,4.1875,0.902635515189816
235,275,307,4.195,-0.117207388444563
235,275,307,4.2025,-1.2360990605135
235,275,307,4.21,-2.07920246971926
235,275,307,4.2175,-3.09919820391886
235,275,307,4.225,2.24926176590307
235,275,307,4.2325,1.43646455816621
235,275,307,4.24,0.538558659371656
235,275,307,4.2475,-0.328936878530663
235,275,307,4.255,-1.24560837681512
235,275,307,4.2625,-2.01389606075054
235,275,307,4.27,-3.02422056535496
235,275,307,4.2775,2.74752824533468
235,275,307,4.285,2.02516875486342
235,275,307,4.2925,1.48369236587044
235,275,307,4.3,0.217073345902926
235,275,307,4.3075,-0.675525740217593
235,275,307,4.315,-1.48811902767414
235,275,307,4.3225,-2.66037741637702
235,275,307,4.33,3.01500580849988
235,275,307,4.3375,1.98448622824763
235,275,307,4.345,1.1463145403411
235,275,307,4.3525,0.372900102815834
235,275,307,4.36,-0.722239656675545
235,275,307,4.3675,-1.55330563698493
235,275,307,4.375,-2.63498501607225
235,275,307,4.3825,2.55319804021016
235,275,307,4.39,1.70404408881672
235,275,307,4.3975,0.528828097225219
235,275,307,4.405,-0.572233090757378
235,275,307,4.4125,-1.47388259792839
235,275,307,4.42,-2.56354816778285
235,275,307,4.4275,2.84130826553802
235,275,307,4.435,2.08354984976943
235,275,307,4.4425,1.26744192953012
235,275,307,4.45,0.381347509234904
235,275,307,4.4575,-0.49837079854093
235,275,307,4.465,-1.44066928399294
235,275,307,4.4725,-1.70489786410917
235,275,307,4.48,-2.68948730069209
235,275,307,4.4875,-3.07076601666605
235,275,307,4.495,2.34074885415642
235,275,307,4.5025,1.70484502331613
235,275,307,4.51,0.403270397992569
235,275,307,4.5175,-0.525670186876189
235,275,307,4.525,-1.60463333532322
235,275,307,4.5325,-2.23134529050178
235,275,307,4.54,-3.07517894870673
235,275,307,4.5475,2.1288127084972
235,275,307,4.555,0.924859459034936
235,275,307,4.5625,0.187455400188745
235,275,307,4.57,-0.933819750127721
235,275,307,4.5775,-1.83118514179103
235,275,307,4.585,-2.77132060261653
235,275,307,4.5925,2.76249981514699
235,275,307,4.6,1.81077175037601
235,275,307,4.6075,1.03666316070448
235,275,307,4.615,0.309145253074929
235,275,307,4.6225,-0.728183242832749
235,275,307,4.63,-1.78594595108663
235,275,307,4.6375,-2.7449377529498
235,275,307,4.645,2.36136287091944
235,275,307,4.6525,1.33988178059398
235,275,307,4.66,0.437394884751119
235,275,307,4.6675,-0.581082828749128
235,275,307,4.675,-1.45004325410296
235,275,307,4.6825,-2.58920438608741
235,275,307,4.69,2.78625673389708
235,275,307,4.6975,1.83336050373984
235,275,307,4.705,0.777900547049866
235,275,307,4.7125,0.00414565971068851
235,275,307,4.72,-1.17407506485504
235,275,307,4.7275,-2.4445485726828
235,275,307,4.735,2.47683982639048
235,275,307,4.7425,1.36351956065819
235,275,307,4.75,0.321395038339595
235,275,307,4.7575,-1.10045432407014
235,275,307,4.765,-1.31075146808261
235,275,307,4.7725,2.77574578740112
235,275,307,4.78,0.951698687259225
235,275,307,4.7875,-0.37545752543169
235,275,307,4.795,-1.20635080679171
235,275,307,4.8025,-2.29184919813379
235,275,307,4.81,2.78751519997022
235,275,307,4.8175,1.6419450525208
235,275,307,4.825,0.724407303713317
235,275,307,4.8325,-0.320260676934434
235,275,307,4.84,-1.4393664276476
235,275,307,4.8475,-2.44865027822082
235,275,307,4.855,2.7710459743663
235,275,307,4.8625,1.7259991419948
235,275,307,4.87,0.791752014168526
235,275,307,4.8775,-0.282193922593085
235,275,307,4.885,-1.45497986751181
235,275,307,4.8925,-2.56341976590357
235,275,307,4.9,2.81719469843296
235,275,307,4.9075,1.69608552552313
235,275,307,4.915,0.78285267740833
235,275,307,4.9225,-0.0384090610959522
235,275,307,4.93,-1.13350207076686
235,275,307,4.9375,-2.00131189295993
235,275,307,4.945,-3.0144574503989
235,275,307,4.9525,2.60272264777672
235,275,307,4.96,1.53202285875243
235,275,307,4.9675,0.62121300514673
235,275,307,4.975,-0.469638763001423
235,275,307,4.9825,-1.58764886093474
235,275,307,4.99,-2.45563360141654
235,275,307,4.9975,2.04899190816451
235,275,307,5.005,0.893039518634374
235,275,307,5.0125,-1.41301190388999
235,275,307,5.02,2.80587122891236
235,275,307,5.0275,1.59077479657001
235,275,307,5.035,0.80582259061762
235,275,307,5.0425,-0.540242924498738
235,275,307,5.05,-1.65109203738421
235,275,307,5.0575,-2.49440962368644
235,275,307,5.065,2.84763959996798
235,275,307,5.0725,1.69623698928588
235,275,307,5.08,1.19947164097929
235,275,307,5.0875,0.228811308036361
235,275,307,5.095,-0.984893601188485
235,275,307,5.1025,-1.89717360631165
235,275,307,5.11,3.06646814086082
235,275,307,5.1175,1.97848039927872
235,275,307,5.125,1.1482335378302
235,275,307,5.1325,0.0461957779612991
235,275,307,5.14,-0.993078693012902
235,275,307,5.1475,-1.89160608650236
235,275,307,5.155,-2.75797510662215
235,275,307,5.1625,2.44433564600707
235,275,307,5.17,2.18552376411633
235,275,307,5.1775,0.745042392657888
235,275,307,5.185,0.0413933154697038
235,275,307,5.1925,-0.760063278044742
235,275,307,5.2,-1.94558892877836
235,275,307,5.2075,-2.35850842300683
235,275,307,5.215,0.618187172536433
235,275,307,5.2225,0.65951995938553
235,275,307,5.23,2.94351447756761
235,275,307,5.2375,2.98491943937071
235,275,307,5.245,1.48831637743706
235,275,307,5.2525,0.446168418516161
235,275,307,5.26,-0.573003455091053
235,275,307,5.2675,-1.691665481064
235,275,307,5.275,-2.85649328976359
235,275,307,5.2825,2.18253881177794
235,275,307,5.29,1.13356736465562
235,275,307,5.2975,-0.0359076515983793
235,275,307,5.305,-1.08320245207175
235,275,307,5.3125,-1.9678225084662
235,275,307,5.32,-3.08180480901715
235,275,307,5.3275,2.59204443948952
235,275,307,5.335,1.490430833812
235,275,307,5.3425,0.402135253608494
235,275,307,5.35,-0.131204544374728
235,275,307,5.3575,-1.11651123425684
235,275,307,5.365,-2.38585278717031
235,275,307,5.3725,2.93832476259701
235,275,307,5.38,1.96573876599282
235,275,307,5.3875,0.458571370910277
235,275,307,5.395,0.0117091522642388
235,275,307,5.4025,-0.894371492856194
235,275,307,5.41,-2.36788820773537
235,275,307,5.4175,2.86537980810493
235,275,307,5.425,1.78554608720047
235,275,307,5.4325,1.03515068205909
235,275,307,5.44,-0.0837536729598773
235,275,307,5.4475,-0.960925684594048
235,275,307,5.455,-2.48748896037212
235,275,307,5.4625,2.21224303350241
235,275,307,5.47,0.732654653878973
235,275,307,5.4775,-0.398347793053619
235,275,307,5.485,-1.37690638672506
235,275,307,5.4925,-2.68270403239063
235,275,307,5.5,2.31283190205976
235,275,307,5.5075,1.19780119748094
235,275,307,5.515,0.121396826998706
235,275,307,5.5225,-1.03598235988394
235,275,307,5.53,-2.09464928946377
235,275,307,5.5375,-3.05177568410857
235,275,307,5.545,2.23648565897969
235,275,307,5.5525,1.17000673439831
235,275,307,5.56,0.323739086210683
235,275,307,5.5675,-0.856005299157255
235,275,307,5.575,-1.78846698121551
235,275,307,5.5825,-2.81659406583789
235,275,307,5.59,2.58859325532223
235,275,307,5.5975,1.27756751881814
235,275,307,5.605,0.547562375045364
235,275,307,5.6125,-0.455659014573838
235,275,307,5.62,-1.41174768148738
235,275,307,5.6275,-2.42361426438965
235,275,307,5.635,2.76505573581273
235,275,307,5.6425,1.75580116880457
235,275,307,5.65,0.788623898764677
235,275,307,5.6575,-0.377278667384908
235,275,307,5.665,-1.37963181516561
235,275,307,5.6725,-2.21684613159468
235,275,307,5.68,2.82230558057301
235,275,307,5.6875,2.41146889638982
235,275,307,5.695,0.80572772030952
235,275,307,5.7025,-0.0358782194986474
235,275,307,5.71,-1.14307202664669
235,275,307,5.7175,-2.49851835584877
235,275,307,5.725,2.14520615947932
235,275,307,5.7325,0.991081782782331
235,275,307,5.74,-0.813986571563178
235,275,307,5.7475,-2.45975041108265
235,275,307,5.755,2.52814582197998
235,275,307,5.7625,1.71203723240739
235,275,307,5.77,-0.0599087672355551
235,275,307,5.7775,-0.429934617762988
235,275,307,5.785,-1.76631878665235
235,275,307,5.7925,-2.94882408345272
235,275,307,5.8,2.58476888108942
235,275,307,5.8075,1.64587012600084
235,275,307,5.815,0.871775084489441
235,275,307,5.8225,0.176994264390177
235,275,307,5.83,-0.700457968904559
235,275,307,5.8375,-1.7962739172866
235,275,307,5.845,-2.94134978237477
235,275,307,5.8525,2.57249264263183
235,275,307,5.86,1.42681242680289
235,275,307,5.8675,0.402357642269062
235,275,307,5.875,-0.542428582109115
235,275,307,5.8825,-1.67607513081574
235,275,307,5.89,-2.90676861734872
235,275,307,5.8975,2.32673020134686
235,275,307,5.905,0.991601665272333
235,275,307,5.9125,-0.173991247054174
235,275,307,5.92,-1.03359553477545
235,275,307,5.9275,-2.14041782038707
235,275,307,5.935,3.01760541495131
235,275,307,5.9425,0.39542663079037
235,275,307,5.95,-0.910379943578815
235,275,307,5.9575,-2.85848730773876
235,275,307,5.965,2.24117560322408
235,275,307,5.9725,1.65122606327006
235,275,307,5.98,0.455243351439706
235,275,307,5.9875,-0.690927850749619
235,275,307,5.995,-1.35238560472188
235,275,307,6.0025,-2.83063690751916
235,275,307,6.01,2.39013571024592
235,275,307,6.0175,1.57590909201124
235,275,307,6.025,0.563706564007973
235,275,307,6.0325,-0.49201025242467
235,275,307,6.04,-1.81366019758319
235,275,307,6.0475,-2.14652405120603
235,275,307,6.055,2.92757754762016
235,275,307,6.0625,1.89261114293438
235,275,307,6.07,1.47818103485162
235,275,307,6.0775,0.438658648384225
235,275,307,6.085,-0.347109197329171
235,275,307,6.0925,-1.30759743407794
235,275,307,6.1,-2.55255390303765
235,275,307,6.1075,2.88468820762664
235,275,307,6.115,1.88626632405677
235,275,307,6.1225,0.768525716961927
235,275,307,6.13,-0.358558914412136
235,275,307,6.1375,-1.14228413212029
235,275,307,6.145,-2.23342894254049
235,275,307,6.1525,2.70542998212453
235,275,307,6.16,1.99611434202555
235,275,307,6.1675,0.724640061815052
235,275,307,6.175,-3.08752806874681
235,275,307,6.1825,2.79919448129597
235,275,307,6.19,1.12555010695335
235,275,307,6.1975,-0.112919555232926
235,275,307,6.205,-1.66491026448812
235,275,307,6.2125,-2.20431475378227
235,275,307,6.22,2.58851149626476
235,275,307,6.2275,1.62438758249094
235,275,307,6.235,1.14204374929487
235,275,307,6.2425,0.0747786281745391
235,275,307,6.25,-0.844788764346513
235,275,307,6.2575,-1.66364800441213
235,275,307,6.265,-2.64949876328911
235,275,307,6.2725,2.75040914019502
235,275,307,6.28,1.6829481939485
235,275,307,6.2875,0.55026234577813
235,275,307,6.295,-0.34207608431765
235,275,307,6.3025,-1.32584617128628
235,275,307,6.31,-2.01070516603133
235,275,307,6.3175,3.12958773269002
235,275,307,6.325,2.0500879460698
235,275,307,6.3325,1.27050346508962
235,275,307,6.34,0.196318204877425
235,275,307,6.3475,-0.684187603338936
235,275,307,6.355,-1.82661566451104
235,275,307,6.3625,-2.86673305127551
235,275,307,6.37,2.67133980187393
235,275,307,6.3775,1.5907423634384
235,275,307,6.385,0.515064987052357
235,275,307,6.3925,-0.402899621394065
235,275,307,6.4,-1.61269285494221
235,275,307,6.4075,-2.47206199095011
235,275,307,6.415,2.9116701212007
235,275,307,6.4225,1.38043019006397
235,275,307,6.43,-0.120620295563135
235,275,307,6.4375,-0.905912429595083
235,275,307,6.445,-1.18809879068462
235,275,307,6.4525,0.516714819822346
235,275,307,6.46,-1.91142844007565
235,275,307,6.4675,-1.50543822587758
235,275,307,6.475,-3.09091515703257
235,275,307,6.4825,2.59976512882146
235,275,307,6.49,1.84651494990269
235,275,307,6.4975,0.527367875783371
235,275,307,6.505,-0.261958459201289
235,275,307,6.5125,-0.625243709560663
235,275,307,6.52,-2.0395028786451
235,275,307,6.5275,-2.83551167781634
235,275,307,6.535,2.40731332519133
235,275,307,6.5425,1.52401796237418
235,275,307,6.55,0.386785526241355
235,275,307,6.5575,-0.534545812951755
235,275,307,6.565,-1.57092802894189
235,275,307,6.5725,-2.40850332559573
235,275,307,6.58,2.78498947547817
235,275,307,6.5875,1.85437553207116
235,275,307,6.595,0.947588053343073
235,275,307,6.6025,-0.405443665732007
235,275,307,6.61,-1.26366729656394
235,275,307,6.6175,-2.16004511021609
235,275,307,6.625,-2.96936573814177
235,275,307,6.6325,2.36645375000854
235,275,307,6.64,1.44005908658941
235,275,307,6.6475,0.753204082697296
235,275,307,6.655,-0.315680809565448
235,275,307,6.6625,-1.00693285265264
235,275,307,6.67,-1.93604869945378
235,275,307,6.6775,-3.02679233470715
235,275,307,6.685,2.45929484157655
235,275,307,6.6925,1.78944439479479
235,275,307,6.7,0.98047512675392
235,275,307,6.7075,0.68197544712406
235,275,307,6.715,-0.504497709055187
235,275,307,6.7225,-1.45317084132384
235,275,307,6.73,-2.61515188185286
235,275,307,6.7375,2.64424702585715
235,275,307,6.745,2.339059827255
235,275,307,6.7525,1.21123780836952
235,275,307,6.76,0.120154203963854
235,275,307,6.7675,-0.656778287730317
235,275,307,6.775,-1.60169787273236
235,275,307,6.7825,-2.42814315820012
235,275,307,6.79,2.72377674762749
235,275,307,6.7975,2.05245532348482
235,275,307,6.805,0.800080691768773
235,275,307,6.8125,-0.110827341537063
235,275,307,6.82,-0.885584960275189
235,275,307,6.8275,-2.09376900753176
235,275,307,6.835,-2.85634903990288
235,275,307,6.8425,2.44952594264616
235,275,307,6.85,1.40834620798221
235,275,307,6.8575,0.445698854693502
235,275,307,6.865,-0.571184484767799
235,275,307,6.8725,-1.27813537960728
235,275,307,6.88,-2.24295200523714
235,275,307,6.8875,3.01904917193523
235,275,307,6.895,2.20797253547097
235,275,307,6.9025,1.21155027558058
235,275,307,6.91,0.328891627742659
235,275,307,6.9175,-0.744409880207727
235,275,307,6.925,-1.40828337497792
235,275,307,6.9325,-2.33286245868714
235,275,307,6.94,3.04001892343491
235,275,307,6.9475,2.06425678647386
235,275,307,6.955,1.15974950835272
235,275,307,6.9625,0.494056642390662
235,275,307,6.97,-0.0965065498571603
235,275,307,6.9775,-0.692159733644916
235,275,307,6.985,-1.45389394558645
235,275,307,6.9925,-2.67422673049728
235,275,307,7,2.80744733409462
235,275,307,7.0075,2.09815946475282
235,275,307,7.015,0.989669529728127
235,275,307,7.0225,0.220184664780725
235,275,307,7.03,-0.8897290104946
235,275,307,7.0375,-2.03210630858279
235,275,307,7.045,-2.9452268385331
235,275,307,7.0525,2.29570844155322
235,275,307,7.06,1.42501950352208
235,275,307,7.0675,0.497974644377769
235,275,307,7.075,-0.524553392599126
235,275,307,7.0825,-1.35474362523235
235,275,307,7.09,-2.23929416550641
235,275,307,7.0975,2.91367762556746
235,275,307,7.105,1.78836200699627
235,275,307,7.1125,0.966748762762337
235,275,307,7.12,-0.0283526580707305
235,275,307,7.1275,-0.856265877876341
235,275,307,7.135,-1.85647502956011
235,275,307,7.1425,-2.93373776221867
235,275,307,7.15,2.45756750492906
235,275,307,7.1575,1.27868780903613
235,275,307,7.165,0.235361470172398
235,275,307,7.1725,-0.343730912272227
235,275,307,7.18,-1.24227703632199
235,275,307,7.1875,-1.91020072192066
235,275,307,7.195,-2.78403679299468
235,275,307,7.2025,2.92644784731487
235,275,307,7.21,2.36047336569613
235,275,307,7.2175,1.35162430164014
235,275,307,7.225,0.338010382526613
235,275,307,7.2325,-0.267677715561508
235,275,307,7.24,-1.41615775062116
235,275,307,7.2475,-2.17069724025196
235,275,307,7.255,-2.97833752203258
235,275,307,7.2625,2.28500631176816
235,275,307,7.27,1.27282309524749
235,275,307,7.2775,0.405789566916075
235,275,307,7.285,-0.634760568030497
235,275,307,7.2925,-1.73946326914737
235,275,307,7.3,-2.83254720864478
235,275,307,7.3075,2.64330706953701
235,275,307,7.315,1.53063592855687
235,275,307,7.3225,0.7293366647986
235,275,307,7.33,-0.18794154538436
235,275,307,7.3375,-1.02061797844349
235,275,307,7.345,-1.94384683148842
235,275,307,7.3525,-2.86149043096488
235,275,307,7.36,2.99846785438816
235,275,307,7.3675,1.90755214408298
235,275,307,7.375,0.831606979251846
235,275,307,7.3825,-0.0118155402375933
235,275,307,7.39,-0.98998005911659
235,275,307,7.3975,-2.04036624423302
235,275,307,7.405,-2.62040617370392
235,275,307,7.4125,2.53394389339076
235,275,307,7.42,1.50065127393863
235,275,307,7.4275,0.507825750475276
235,275,307,7.435,-0.419066529787553
235,275,307,7.4425,-1.3027269813673
235,275,307,7.45,-1.96550832868904
235,275,307,7.4575,-2.97082362153157
235,275,307,7.465,2.42575619301033
235,275,307,7.4725,1.30612899812937
235,275,307,7.48,0.441627337965312
235,275,307,7.4875,-0.466205354402722
235,275,307,7.495,-1.19729547660473
235,275,307,7.5025,-2.13814349731559
235,275,307,7.51,-2.76563926054713
235,275,307,7.5175,2.35371614397972
235,275,307,7.525,1.60482220760008
235,275,307,7.5325,0.786520002053137
235,275,307,7.54,-0.430918691415002
235,275,307,7.5475,-1.37373695202823
235,275,307,7.555,-1.9593433838966
235,275,307,7.5625,-3.11942826306502
235,275,307,7.57,2.63868697320881
235,275,307,7.5775,1.51743731266384
235,275,307,7.585,0.493624871622052
235,275,307,7.5925,-0.0143999884459598
235,275,307,7.6,-1.00038478563147
235,275,307,7.6075,-1.76628467309898
235,275,307,7.615,-2.86407370485129
235,275,307,7.6225,2.38708470904111
235,275,307,7.63,1.3803418532842
235,275,307,7.6375,0.523630747695826
235,275,307,7.645,-0.613338589999537
235,275,307,7.6525,-1.72072942532686
235,275,307,7.66,-2.62906291826099
235,275,307,7.6675,2.68240495104835
235,275,307,7.675,1.63345346492403
235,275,307,7.6825,0.820396014830579
235,275,307,7.69,-0.230704199964725
235,275,307,7.6975,-1.01973779503977
235,275,307,7.705,-1.82087837057469
235,275,307,7.7125,-2.38408202297757
235,275,307,7.72,2.80779832523859
235,275,307,7.7275,2.25908671568404
235,275,307,7.735,1.86775227835325
235,275,307,7.7425,0.868903489443271
235,275,307,7.75,-0.0653124926920586
235,275,307,7.7575,-0.876489603272182
235,275,307,7.765,-1.80044554404774
235,275,307,7.7725,-2.56333138296314
235,275,307,7.78,2.84384207178045
235,275,307,7.7875,1.53168696785052
235,275,307,7.795,0.667342156796714
235,275,307,7.8025,-0.254099255917776
235,275,307,7.81,-1.34190017763778
235,275,307,7.8175,-1.99117275027957
235,275,307,7.825,-3.13799061384647
235,275,307,7.8325,2.15828821860934
235,275,307,7.84,1.25896792296793
235,275,307,7.8475,0.236252314870864
235,275,307,7.855,-0.705621452613832
235,275,307,7.8625,-1.60215283254296
235,275,307,7.87,-2.48841370607517
235,275,307,7.8775,2.78491047157876
235,275,307,7.885,1.63463845032636
235,275,307,7.8925,0.775761747746196
235,275,307,7.9,-0.212646058041515
235,275,307,7.9075,-1.27811374213077
235,275,307,7.915,-2.35497735596811
235,275,307,7.9225,-3.09510639008182
235,275,307,7.93,2.21024836361974
235,275,307,7.9375,1.48791812577007
235,275,307,7.945,0.652491206310206
235,275,307,7.9525,0.14445447258403
235,275,307,7.96,-0.642391289259128
235,275,307,7.9675,-1.57859716002494
235,275,307,7.975,-2.17803423417392
235,275,307,7.9825,2.89195911960172
235,275,307,7.99,1.7202627439135
235,275,307,7.9975,1.30792619768548
235,275,307,8.005,0.219617808576257
235,275,307,8.0125,-1.03961302793432
235,275,307,8.02,-1.63857403801162
235,275,307,8.0275,-2.55197669657903
235,275,307,8.035,2.73245411902597
235,275,307,8.0425,1.83597614256666
235,275,307,8.05,0.740148803791401
235,275,307,8.0575,-0.119659556156509
235,275,307,8.065,-0.897219926570209
235,275,307,8.0725,-1.7754839130869
235,275,307,8.08,-2.57064110045367
235,275,307,8.0875,2.50515303220016
235,275,307,8.095,2.03890144827389
235,275,307,8.1025,1.29778992642046
235,275,307,8.11,0.217695413458871
235,275,307,8.1175,-0.545105105334791
235,275,307,8.125,-1.64475340766579
235,275,307,8.1325,-2.54284877376091
235,275,307,8.14,2.86897944782712
235,275,307,8.1475,1.6276387159899
235,275,307,8.155,0.828833267638512
235,275,307,8.1625,-0.119962269092945
235,275,307,8.17,-1.18954870301377
235,275,307,8.1775,-2.20694146500815
235,275,307,8.185,-3.08017916734147
235,275,307,8.1925,2.29499562541911
235,275,307,8.2,1.34261911018054
235,275,307,8.2075,0.669815425138186
235,275,307,8.215,-0.266272528304912
235,275,307,8.2225,-1.36794571137899
235,275,307,8.23,-2.34859195120298
235,275,307,8.2375,-3.07277164990761
235,275,307,8.245,1.9141972953536
235,275,307,8.2525,1.28969197526393
235,275,307,8.26,0.386795483284196
235,275,307,8.2675,-0.567237437965083
235,275,307,8.275,-1.29179728604942
235,275,307,8.2825,-2.20012268157617
235,275,307,8.29,-3.01167530484752
235,275,307,8.2975,2.40521514912614
235,275,307,8.305,1.30681962729011
235,275,307,8.3125,0.515638350743214
235,275,307,8.32,-0.0388746479349948
235,275,307,8.3275,-1.02927089229851
235,275,307,8.335,-1.82978792025655
235,275,307,8.3425,-2.84223067251631
235,275,307,8.35,2.55141701008199
235,275,307,8.3575,1.73740603256605
235,275,307,8.365,0.668096789411513
235,275,307,8.3725,-0.422676966162408
235,275,307,8.38,-1.34053087554644
235,275,307,8.3875,-2.47924723833185
235,275,307,8.395,2.87138033344142
235,275,307,8.4025,1.86745203056381
235,275,307,8.41,0.793664052995359
235,275,307,8.4175,-0.13382976859125
235,275,307,8.425,-1.16411677809615
235,275,307,8.4325,-2.33980768825745
235,275,307,8.44,-3.06299649927344
235,275,307,8.4475,2.34658760338899
235,275,307,8.455,1.5044054955982
235,275,307,8.4625,0.851117832299897
235,275,307,8.47,0.230819547589841
235,275,307,8.4775,-0.31467008216851
235,275,307,8.485,-0.717706152342801
235,275,307,8.4925,-1.74484270485853
235,275,307,8.5,-2.7148827080482
235,275,307,8.5075,2.5194878292634
235,275,307,8.515,1.36644005782161
235,275,307,8.5225,0.707339902751877
235,275,307,8.53,-0.390703858645387
235,275,307,8.5375,-1.58392859900967
235,275,307,8.545,-2.3319871735708
235,275,307,8.5525,2.87103748305438
235,275,307,8.56,1.89209818979055
235,275,307,8.5675,1.06271762317111
235,275,307,8.575,-0.0220722802847179
235,275,307,8.5825,-0.746084463450036
235,275,307,8.59,-1.60458673368868
235,275,307,8.5975,-2.48651610394348
235,275,307,8.605,2.91897992438806
235,275,307,8.6125,1.87555056423014
235,275,307,8.62,1.12072439026464
235,275,307,8.6275,-0.0396538220829283
235,275,307,8.635,-0.953530125482172
235,275,307,8.6425,-1.97823023443608
235,275,307,8.65,-2.88358155942249
235,275,307,8.6575,2.48131312476985
235,275,307,8.665,1.52650670502462
235,275,307,8.6725,0.452535717461245
235,275,307,8.68,-0.520562472537018
235,275,307,8.6875,-1.33599530200962
235,275,307,8.695,-2.17467387817528
235,275,307,8.7025,-3.06229230739438
235,275,307,8.71,2.50686593792671
235,275,307,8.7175,1.50142183478157
235,275,307,8.725,0.936697654648864
235,275,307,8.7325,-0.0617446512660573
235,275,307,8.74,-1.09113271949279
235,275,307,8.7475,-1.86516517275919
235,275,307,8.755,-2.79308599399045
235,275,307,8.7625,2.83712849797821
235,275,307,8.77,1.70651350085808
235,275,307,8.7775,1.05454648628316
235,275,307,8.785,0.152273417081563
235,275,307,8.7925,-1.08436270845293
235,275,307,8.8,-1.8738203549074
235,275,307,8.8075,-2.7026761710962
235,275,307,8.815,2.48565095878825
235,275,307,8.8225,1.98276665926876
235,275,307,8.83,1.12010915430104
235,275,307,8.8375,0.624852213811772
235,275,307,8.845,-0.812052559564592
235,275,307,8.8525,-1.52937453212245
235,275,307,8.86,-2.33778042636637
235,275,307,8.8675,3.0256406052091
235,275,307,8.875,2.06600549089021
235,275,307,8.8825,0.969615864340401
235,275,307,8.89,-0.0682020877223261
235,275,307,8.8975,-1.04943710649898
235,275,307,8.905,-2.01434230079608
235,275,307,8.9125,3.11708310539496
235,275,307,8.92,2.13076727433062
235,275,307,8.9275,1.30125058701775
235,275,307,8.935,0.321261913071775
235,275,307,8.9425,-0.949141713904173
235,275,307,8.95,-1.56288915013113
235,275,307,8.9575,-2.14988024144916
235,275,307,8.965,2.90215825002217
235,275,307,8.9725,2.16466359652535
235,275,307,8.98,1.11377825209684
235,275,307,8.9875,0.952331956883388
235,275,307,8.995,-0.542481195026128
235,275,307,9.0025,-1.19525836644292
235,275,307,9.01,-1.93380510053782
235,275,307,9.0175,-3.02819939689138
235,275,307,9.025,2.35063204313271
235,275,307,9.0325,1.51017855954184
235,275,307,9.04,0.476870050324818
235,275,307,9.0475,-0.48256590006491
235,275,307,9.055,-1.12003301050059
235,275,307,9.0625,-2.21134712253765
235,275,307,9.07,-2.78040433561605
235,275,307,9.0775,1.98518359196334
235,275,307,9.085,1.5426969145957
235,275,307,9.0925,0.642922021128775
235,275,307,9.1,-0.260486427264646
235,275,307,9.1075,-1.12212099748841
235,275,307,9.115,-1.98905587865489
235,275,307,9.1225,-3.01345549305332
235,275,307,9.13,2.3263776772036
235,275,307,9.1375,1.16132304841291
235,275,307,9.145,0.293062169101819
235,275,307,9.1525,-0.881716367749883
235,275,307,9.16,-1.74556778816897
235,275,307,9.1675,-2.78672173020222
235,275,307,9.175,2.60088585320778
235,275,307,9.1825,1.85449036849409
235,275,307,9.19,0.776467605545721
235,275,307,9.1975,0.253196816004615
235,275,307,9.205,-0.626887126488045
235,275,307,9.2125,-1.15783591458499
235,275,307,9.22,-2.23905756385572
235,275,307,9.2275,3.05928133061885
235,275,307,9.235,2.64321107475
235,275,307,9.2425,1.53466526387463
235,275,307,9.25,0.648504236831976
235,275,307,9.2575,-0.333434069601405
235,275,307,9.265,-1.25533634729703
235,275,307,9.2725,-2.28931024049537
235,275,307,9.28,2.94115149839102
235,275,307,9.2875,2.13190410813894
235,275,307,9.295,1.16581048476917
235,275,307,9.3025,0.214114020507056
235,275,307,9.31,-0.964397860656738
235,275,307,9.3175,-1.74410741959895
235,275,307,9.325,-2.63866579081128
235,275,307,9.3325,2.8093653953195
235,275,307,9.34,1.85745020886738
235,275,307,9.3475,0.895842422961807
235,275,307,9.355,0.0713739303747623
235,275,307,9.3625,-0.913665839550883
235,275,307,9.37,-1.77804861841463
235,275,307,9.3775,-2.64050559653553
235,275,307,9.385,2.55880626574847
235,275,307,9.3925,1.55310488571026
235,275,307,9.4,0.881925678649495
235,275,307,9.4075,-0.123028530667471
235,275,307,9.415,-1.08679513809533
235,275,307,9.4225,-2.04841129040642
235,275,307,9.43,-3.02482620503173
235,275,307,9.4375,2.22209462696175
235,275,307,9.445,1.32397792629132
235,275,307,9.4525,0.634539211899523
235,275,307,9.46,-0.217538904768373
235,275,307,9.4675,-1.26910699856137
235,275,307,9.475,-2.07935828176693
235,275,307,9.4825,-2.81911557968899
235,275,307,9.49,2.54910709809587
235,275,307,9.4975,1.64398008530841
235,275,307,9.505,0.946109358266306
235,275,307,9.5125,-0.278495816458111
235,275,307,9.52,-0.958657311905848
235,275,307,9.5275,-1.505332820629
235,275,307,9.535,-2.65148187744174
235,275,307,9.5425,2.73512349831842
235,275,307,9.55,1.61924836826791
235,275,307,9.5575,0.670012842752074
235,275,307,9.565,0.038142724350519
235,275,307,9.5725,-0.690188627485942
235,275,307,9.58,-1.42584420653145
235,275,307,9.5875,-2.31109792050789
235,275,307,9.595,2.87538600422458
235,275,307,9.6025,1.93969969644976
235,275,307,9.61,1.12660279080828
235,275,307,9.6175,0.0693820352193203
235,275,307,9.625,-0.910729142725405
235,275,307,9.6325,-1.7892085571707
235,275,307,9.64,-2.86338651838603
235,275,307,9.6475,2.34154758869679
235,275,307,9.655,1.43167498767325
235,275,307,9.6625,0.544529815361339
235,275,307,9.67,-0.513540041424149
235,275,307,9.6775,-1.52216777590112
235,275,307,9.685,-2.58438357687316
235,275,307,9.6925,2.90069299667522
235,275,307,9.7,1.9036780794399
235,275,307,9.7075,0.893930979538949
235,275,307,9.715,0.169152191021872
235,275,307,9.7225,-0.624436087000119
235,275,307,9.73,-1.70392493794433
235,275,307,9.7375,-2.38252904419311
235,275,307,9.745,2.92785812494485
235,275,307,9.7525,2.4472570849383
235,275,307,9.76,1.32811601267374
235,275,307,9.7675,0.199196616670418
235,275,307,9.775,-0.601350240900069
235,275,307,9.7825,-1.02689232788749
235,275,307,9.79,-2.24534912479087
235,275,307,9.7975,-3.01671342512755
235,275,307,9.805,2.08171994330691
235,275,307,9.8125,0.944117300274106
235,275,307,9.82,0.342244861001495
235,275,307,9.8275,-0.619010771272732
235,275,307,9.835,-0.994743881388922
235,275,307,9.8425,-2.06402817285502
235,275,307,9.85,3.03733023355412
235,275,307,9.8575,2.25898783704567
235,275,307,9.865,1.38033132831417
235,275,307,9.8725,0.387376570327077
235,275,307,9.88,-0.544344445352209
235,275,307,9.8875,-1.62450343886298
235,275,307,9.895,-2.52368874311422
235,275,307,9.9025,2.63397912685445
235,275,307,9.91,1.90863778447615
235,275,307,9.9175,0.619372834116184
235,275,307,9.925,0.152310493935491
235,275,307,9.9325,-0.999381086007609
235,275,307,9.94,-1.73932608263763
235,275,307,9.9475,-2.51793265487216
235,275,307,9.955,2.62382933956831
235,275,307,9.9625,1.85357417275364
235,275,307,9.97,0.974996454789402
235,275,307,9.9775,0.136394964361417
235,275,307,9.985,-0.692899630986056
235,275,307,9.9925,-1.52755733336673
235,275,307,10,-2.28137207584287
235,275,307,10.0075,2.94210010518826
235,275,307,10.015,1.86143271736033
235,275,307,10.0225,1.20728504069418
235,275,307,10.03,0.268008362055182
235,275,307,10.0375,-0.712245224600366
235,275,307,10.045,-1.80315869039521
235,275,307,10.0525,-2.58904596719803
235,275,307,10.06,2.45805823282494
235,275,307,10.0675,1.68819354802262
235,275,307,10.075,0.738706915431761
235,275,307,10.0825,-0.159884173436919
235,275,307,10.09,-1.19601056675551
235,275,307,10.0975,-1.91271982324928
235,275,307,10.105,-2.88164783593766
235,275,307,10.1125,2.51347603187689
235,275,307,10.12,1.6879150877862
235,275,307,10.1275,0.796304914837317
235,275,307,10.135,-0.0505524210170974
235,275,307,10.1425,-0.889250356448967
235,275,307,10.15,-2.02415920470809
235,275,307,10.1575,3.13136796224799
235,275,307,10.165,2.41145875014397
235,275,307,10.1725,1.31976677192206
235,275,307,10.18,0.630763920621894
235,275,307,10.1875,-0.483600851960628
235,275,307,10.195,-1.45997599099133
235,275,307,10.2025,-2.59529900905928
235,275,307,10.21,2.86386515238756
235,275,307,10.2175,1.69432959172059
235,275,307,10.225,0.70876291508676
235,275,307,10.2325,-0.419559558276366
235,275,307,10.24,-0.590608845419931
235,275,307,10.2475,-1.53180208083816
235,275,307,10.255,-1.83251740337024
235,275,307,10.2625,-2.77641892160301
235,275,307,10.27,2.69527897973225
235,275,307,10.2775,1.61897165358179
235,275,307,10.285,1.02481799418575
235,275,307,10.2925,0.316726134905992
235,275,307,10.3,-0.875631735117531
235,275,307,10.3075,-1.36366404243406
235,275,307,10.315,-2.4973382257636
235,275,307,10.3225,2.93869682270794
235,275,307,10.33,1.86845969149339
235,275,307,10.3375,1.24139948272631
235,275,307,10.345,0.271151053797904
235,275,307,10.3525,-1.00969721141795
235,275,307,10.36,-1.63783742926477
235,275,307,10.3675,-2.78760443659834
235,275,307,10.375,2.78887397825022
235,275,307,10.3825,1.65985389081214
235,275,307,10.39,0.578900666540289
235,275,307,10.3975,-0.314741257780285
235,275,307,10.405,-1.35928922957103
235,275,307,10.4125,-2.51339115472646
235,275,307,10.42,2.92969750357701
235,275,307,10.4275,1.84555973780517
235,275,307,10.435,0.846780314833154
235,275,307,10.4425,0.0164400844854986
235,275,307,10.45,-1.1771769065506
235,275,307,10.4575,-2.13384327255633
235,275,307,10.465,2.84788549198587
235,275,307,10.4725,1.69978320486812
235,275,307,10.48,1.04679226708714
235,275,307,10.4875,0.250324013558262
235,275,307,10.495,0.269098684653796
235,275,307,10.5025,0.92116865860581
235,275,307,10.51,-1.13998069305213
235,275,307,10.5175,-1.51359136703544
235,275,307,10.525,-2.86182510334641
235,275,307,10.5325,3.10233774107087
235,275,307,10.54,1.73963556721629
235,275,307,10.5475,1.02286965880746
235,275,307,10.555,-0.430973037983185
235,275,307,10.5625,-0.564041404535163
235,275,307,10.57,-1.56801390799693
235,275,307,10.5775,-2.78307568307927
235,275,307,10.585,2.41266874287866
235,275,307,10.5925,1.58472704165217
235,275,307,10.6,0.527983067897047
235,275,307,10.6075,-0.346535465296391
235,275,307,10.615,-1.59499822903
235,275,307,10.6225,-2.55584459090563
235,275,307,10.63,3.00368591491813
235,275,307,10.6375,1.91834107011158
235,275,307,10.645,1.13917785335022
235,275,307,10.6525,-0.00361189897536712
235,275,307,10.66,-1.07195808614694
235,275,307,10.6675,-2.15502218151078
235,275,307,10.675,-2.51674836371826
235,275,307,10.6825,-2.96530230134594
235,275,307,10.69,2.35996893169962
235,275,307,10.6975,1.49638235370627
235,275,307,10.705,-0.194850842767837
235,275,307,10.7125,-0.88149615172614
235,275,307,10.72,-1.52668900980322
235,275,307,10.7275,-1.34648242204626
235,275,307,10.735,3.03535581898616
235,275,307,10.7425,1.97826160912114
235,275,307,10.75,0.933453549428997
235,275,307,10.7575,0.17008788736282
235,275,307,10.765,-1.06866605719909
235,275,307,10.7725,-1.45653912982393
235,275,307,10.78,-1.92961666568994
235,275,307,10.7875,3.11156720938321
235,275,307,10.795,2.32862837871604
235,275,307,10.8025,0.978488879253281
235,275,307,10.81,0.250713174236049
235,275,307,10.8175,-0.392788393463674
235,275,307,10.825,-1.34376185622727
235,275,307,10.8325,-2.28543240206014
235,275,307,10.84,3.02981400314644
235,275,307,10.8475,2.10456400151402
235,275,307,10.855,1.31133854172801
235,275,307,10.8625,0.172262533123731
235,275,307,10.87,-0.5140889419911
235,275,307,10.8775,-1.87949585354419
235,275,307,10.885,-2.90225330273271
235,275,307,10.8925,2.28403777680066
235,275,307,10.9,1.39980615115799
235,275,307,10.9075,0.460926764169554
235,275,307,10.915,-0.592781181155239
235,275,307,10.9225,-1.1832081771465
235,275,307,10.93,-2.28226159659148
235,275,307,10.9375,-3.01151232052367
235,275,307,10.945,1.46760903290806
235,275,307,10.9525,0.855478809586169
235,275,307,10.96,-0.191239683229074
235,275,307,10.9675,-1.21689427925127
235,275,307,10.975,3.04802081251431
235,275,307,10.9825,-1.78482390847341
235,275,307,10.99,-1.977652347872
235,275,307,10.9975,-2.82204616098013
235,275,307,11.005,3.12662297176891
235,275,307,11.0125,2.3489182683314
235,275,307,11.02,1.68184522441826
235,275,307,11.0275,0.321018723785207
235,275,307,11.035,-0.757669347405021
235,275,307,11.0425,-1.6001639527871
235,275,307,11.05,-2.77947700325732
235,275,307,11.0575,2.36598076412417
235,275,307,11.065,1.64151706768222
235,275,307,11.0725,0.638613872389115
235,275,307,11.08,-0.659007342740068
235,275,307,11.0875,-1.65570832761975
235,275,307,11.095,-2.65460987552536
235,275,307,11.1025,2.82417461431556
235,275,307,11.11,1.6558119622577
235,275,307,11.1175,0.781235797312599
235,275,307,11.125,-0.226876393096668
235,275,307,11.1325,-1.17540190737005
235,275,307,11.14,-2.22338612605326
235,275,307,11.1475,3.13130087407133
235,275,307,11.155,2.01824038496226
235,275,307,11.1625,1.25280438974211
235,275,307,11.17,0.209260283620132
235,275,307,11.1775,-0.721147414055383
235,275,307,11.185,-1.65122790480366
235,275,307,11.1925,-2.94053700047905
235,275,307,11.2,2.46848473688633
235,275,307,11.2075,1.45081598007381
235,275,307,11.215,0.278759857270876
235,275,307,11.2225,-0.43154702393958
235,275,307,11.23,-1.94584108326486
235,275,307,11.2375,-2.74678943420217
235,275,307,11.245,2.8848207973018
235,275,307,11.2525,0.15828474037188
235,275,307,11.26,-2.28191513839793
235,275,307,11.2675,3.02329847099305
235,275,307,11.275,2.06958526724115
235,275,307,11.2825,0.620657463910988
235,275,307,11.29,-0.0631305087683984
235,275,307,11.2975,-1.63447099049408
235,275,307,11.305,-2.3368293283367
235,275,307,11.3125,3.05829687384271
235,275,307,11.32,1.94828649972853
235,275,307,11.3275,1.03461042519444
235,275,307,11.335,-0.0243651616659865
235,275,307,11.3425,-0.744860036733334
235,275,307,11.35,-2.00245261935749
235,275,307,11.3575,-3.09788326161523
235,275,307,11.365,2.17025544160391
235,275,307,11.3725,1.48892488486915
235,275,307,11.38,0.526690656725213
235,275,307,11.3875,-0.130654031718318
235,275,307,11.395,-1.02439481539936
235,275,307,11.4025,-2.04960807403349
235,275,307,11.41,-2.98703646177232
235,275,307,11.4175,2.42912739743114
235,275,307,11.425,1.23884812470264
235,275,307,11.4325,0.312602983911326
235,275,307,11.44,-0.601483256586058
235,275,307,11.4475,-1.50039726306583
235,275,307,11.455,-2.84752126354711
235,275,307,11.4625,2.39527983138724
235,275,307,11.47,1.72515277294959
235,275,307,11.4775,0.448882913953269
235,275,307,11.485,0.73355839938487
235,275,307,11.4925,-0.973819688873658
235,275,307,11.5,0.341575418186087
235,275,307,11.5075,-1.84115240088369
235,275,307,11.515,-2.56933204606444
235,275,307,11.5225,2.67514185794827
235,275,307,11.53,1.83384811185226
235,275,307,11.5375,0.949491827033246
235,275,307,11.545,-0.0629618793669438
235,275,307,11.5525,-1.14311574667681
235,275,307,11.56,-2.34400784476171
235,275,307,11.5675,-2.9953577327089
235,275,307,11.575,2.32930616786341
235,275,307,11.5825,1.22140872263291
235,275,307,11.59,-0.0184714525900524
235,275,307,11.5975,-0.672172764776837
235,275,307,11.605,-1.67186134385044
235,275,307,11.6125,-2.22460505003043
235,275,307,11.62,2.77450572013475
235,275,307,11.6275,2.0454642286891
235,275,307,11.635,1.32547578671199
235,275,307,11.6425,0.291162202266992
235,275,307,11.65,-0.82635709503707
235,275,307,11.6575,-1.81394731013965
235,275,307,11.665,-2.73812396877027
235,275,307,11.6725,2.42160536811827
235,275,307,11.68,1.28344231110474
235,275,307,11.6875,0.143460794421778
235,275,307,11.695,-0.775158674042169
235,275,307,11.7025,-1.96773812002604
235,275,307,11.71,-2.61581085150136
235,275,307,11.7175,3.06054486774597
235,275,307,11.725,2.16719126714661
235,275,307,11.7325,0.749012789443034
235,275,307,11.74,1.53494345027789
235,275,307,11.7475,1.9982921697083
235,275,307,11.755,0.577703184198339
235,275,307,11.7625,-0.256442085972132
235,275,307,11.77,-1.26874876743908
235,275,307,11.7775,-2.25909059872766
235,275,307,11.785,2.85308098944063
235,275,307,11.7925,1.77586607957421
235,275,307,11.8,0.591768079295526
235,275,307,11.8075,-0.483411539794802
235,275,307,11.815,-1.30093042848326
235,275,307,11.8225,-2.19817731922168
235,275,307,11.83,2.88999080268847
235,275,307,11.8375,1.76328755682895
235,275,307,11.845,1.05651549200007
235,275,307,11.8525,-0.233027564339745
235,275,307,11.86,-0.992413517944426
235,275,307,11.8675,-2.0279276120578
235,275,307,11.875,-2.90657900431842
235,275,307,11.8825,2.65838425378782
235,275,307,11.89,1.1784352917049
235,275,307,11.8975,0.443916679172009
235,275,307,11.905,-0.860237113966239
235,275,307,11.9125,-1.48982305096047
235,275,307,11.92,-2.47285632273083
235,275,307,11.9275,-3.10213596800824
235,275,307,11.935,1.72219540655119
235,275,307,11.9425,0.692687468404993
235,275,307,11.95,-0.388629289534022
235,275,307,11.9575,-1.56075227343165
235,275,307,11.965,-2.22835487866143
235,275,307,11.9725,2.678174904123
235,275,307,11.98,-2.69141552864482
235,275,307,11.9875,1.74239432312548
235,275,307,11.995,-1.364465469038
235,275,307,12.0025,-2.77529802317563
235,275,307,12.01,3.02326668511249
235,275,307,12.0175,1.32138114354377
235,275,307,12.025,-0.180980708221562
235,275,307,12.0325,-1.73337988795789
235,275,307,12.04,-2.77679419564065
235,275,307,12.0475,2.604108737517
235,275,307,12.055,1.35291469660565
235,275,307,12.0625,0.342345902253476
235,275,307,12.07,-0.713699285508033
235,275,307,12.0775,-1.47247305406709
235,275,307,12.085,-2.38852555163013
235,275,307,12.0925,2.7499440608069
235,275,307,12.1,1.80590535110275
235,275,307,12.1075,0.968193336470659
235,275,307,12.115,-0.157227131888845
235,275,307,12.1225,-1.09612886476072
235,275,307,12.13,-1.99693019820171
235,275,307,12.1375,3.06406931524159
235,275,307,12.145,2.39553617721686
235,275,307,12.1525,1.2666233875439
235,275,307,12.16,0.194260684423051
235,275,307,12.1675,-0.389519101946871
235,275,307,12.175,-1.71693286924688
235,275,307,12.1825,-2.73561330073118
235,275,307,12.19,2.65880591993959
235,275,307,12.1975,2.01703405690525
235,275,307,12.205,0.446173800631609
235,275,307,12.2125,0.408111736681808
235,275,307,12.22,-1.14738976873353
235,275,307,12.2275,-0.88085543231842
235,275,307,12.235,-2.08946634523687
235,275,307,12.2425,-2.83379450510337
235,275,307,12.25,2.83792103857051
235,275,307,12.2575,2.36023348578461
235,275,307,12.265,0.931858983310772
235,275,307,12.2725,0.203000229731364
235,275,307,12.28,-1.31471886962145
235,275,307,12.2875,-1.59080905855808
235,275,307,12.295,3.13403306892928
235,275,307,12.3025,-3.10672382267473
235,275,307,12.31,1.69860117537668
235,275,307,12.3175,0.735368243251509
235,275,307,12.325,-0.196145335163507
235,275,307,12.3325,-1.14711287116568
235,275,307,12.34,-1.96175687216939
235,275,307,12.3475,3.08072413332481
235,275,307,12.355,2.13221505123305
235,275,307,12.3625,1.18455826072913
235,275,307,12.37,0.260526311835931
235,275,307,12.3775,-0.989016893305325
235,275,307,12.385,-1.90199437237726
235,275,307,12.3925,-2.82031409646399
235,275,307,12.4,2.75673972547433
235,275,307,12.4075,1.87216397115147
235,275,307,12.415,0.591367249052012
235,275,307,12.4225,-0.25964329495929
235,275,307,12.43,-0.28338113394946
235,275,307,12.4375,-1.68391905755114
235,275,307,12.445,-2.79188053098073
235,275,307,12.4525,2.57953328352308
235,275,307,12.46,2.11475986176189
235,275,307,12.4675,1.00816614207815
235,275,307,12.475,-0.163442754368487
235,275,307,12.4825,-1.67981377713969
235,275,307,12.49,-2.54508242494711
235,275,307,12.4975,-2.35262176146135
235,275,307,12.505,-1.97750531529255
235,275,307,12.5125,-2.86353296752419
235,275,307,12.52,2.44305989355028
235,275,307,12.5275,1.12956068524897
235,275,307,12.535,0.159106540187732
235,275,307,12.5425,-0.689653982331859
235,275,307,12.55,-1.7045520209081
235,275,307,12.5575,-2.8575181118847
235,275,307,12.565,2.60035044607989
235,275,307,12.5725,1.39129003271012
235,275,307,12.58,0.612559059191915
235,275,307,12.5875,-0.856663838249724
235,275,307,12.595,-1.83996649718122
235,275,307,12.6025,-2.51925439571134
235,275,307,12.61,2.69327843350246
235,275,307,12.6175,1.48439140116064
235,275,307,12.625,0.892626420353973
235,275,307,12.6325,-0.24506210277757
235,275,307,12.64,-1.51784599717662
235,275,307,12.6475,-2.15625248480787
235,275,307,12.655,2.73848233927226
235,275,307,12.6625,2.07917547618135
235,275,307,12.67,1.40732195837813
235,275,307,12.6775,0.49689953359963
235,275,307,12.685,-0.755161166739169
235,275,307,12.6925,-2.15233591380283
235,275,307,12.7,-2.86726072720157
235,275,307,12.7075,1.55803267373464
235,275,307,12.715,1.16711393964621
235,275,307,12.7225,0.35439774496509
235,275,307,12.73,-0.615798473239928
235,275,307,12.7375,-2.11542688810765
235,275,307,12.745,2.50986866380518
235,275,307,12.7525,0.622661828204254
235,275,307,12.76,-0.968210514157255
235,275,307,12.7675,-1.53038485591717
235,275,307,12.775,-3.02224599716638
235,275,307,12.7825,2.09859838852829
235,275,307,12.79,0.841259830395589
235,275,307,12.7975,-0.198647987098634
235,275,307,12.805,-1.18370252537713
235,275,307,12.8125,-2.50371481419079
235,275,307,12.82,2.84665569136491
235,275,307,12.8275,1.90645825614668
235,275,307,12.835,1.1030482755518
235,275,307,12.8425,-0.18057511150617
235,275,307,12.85,-0.916590150822853
235,275,307,12.8575,-1.82086338783033
235,275,307,12.865,-2.98652940611831
235,275,307,12.8725,2.46422325186757
235,275,307,12.88,1.59591980814797
235,275,307,12.8875,0.563645231377486
235,275,307,12.895,-0.407926467927694
235,275,307,12.9025,-0.889560367941628
235,275,307,12.91,-2.53956799359373
235,275,307,12.9175,2.95481090258415
235,275,307,12.925,2.24711681645989
235,275,307,12.9325,1.11720720510664
235,275,307,12.94,-0.597919024494585
235,275,307,12.9475,-1.4733054246538
235,275,307,12.955,-2.10343430509232
235,275,307,12.9625,-2.90167666466601
235,275,307,12.97,2.10980353537357
235,275,307,12.9775,0.482457304285758
235,275,307,12.985,-0.613824783265447
235,275,307,12.9925,-1.4539278680798
235,275,307,13,2.81827435122557
235,275,307,13.0075,1.97065865283068
235,275,307,13.015,-1.34064664045216
235,275,307,13.0225,-1.25654244288029
235,275,307,13.03,-3.0021621585271
235,275,307,13.0375,1.81174289807572
235,275,307,13.045,1.61247976962113
235,275,307,13.0525,0.252063272583602
235,275,307,13.06,-0.774838526908591
235,275,307,13.0675,-1.69787053264814
235,275,307,13.075,-2.4484914395395
235,275,307,13.0825,2.64942141559359
235,275,307,13.09,2.3145286283454
235,275,307,13.0975,0.887924554244004
235,275,307,13.105,-0.124852733847991
235,275,307,13.1125,-1.64412154916549
235,275,307,13.12,-2.32418156554361
235,275,307,13.1275,-3.10503660558997
235,275,307,13.135,2.16899903523877
235,275,307,13.1425,1.77605403782756
235,275,307,13.15,-0.0120266425669412
235,275,307,13.1575,-0.644757292518995
235,275,307,13.165,-1.28437198887058
235,275,307,13.1725,-2.72752232612111
235,275,307,13.18,-3.04893330722838
235,275,307,13.1875,1.51110236915489
235,275,307,13.195,0.973521051369816
235,275,307,13.2025,-0.279786072632607
235,275,307,13.21,-1.64412417883608
235,275,307,13.2175,-2.34506891549575
235,275,307,13.225,2.56600907528982
235,275,307,13.2325,3.07513293617495
235,275,307,13.24,-1.28324105279837
235,275,307,13.2475,1.87513065445128
235,275,307,13.255,1.28167602616277
235,275,307,13.2625,0.626356180152793
235,275,307,13.27,-0.0675044154086873
235,275,307,13.2775,-1.30567749607153
235,275,307,13.285,-2.25640773909814
235,275,307,13.2925,2.79743579736636
235,275,307,13.3,2.02810514212419
235,275,307,13.3075,0.757383541674929
235,275,307,13.315,-0.109227246923778
235,275,307,13.3225,-1.32008265936157
235,275,307,13.33,-2.37074406509946
235,275,307,13.3375,2.97252860904244
235,275,307,13.345,2.07256235825848
235,275,307,13.3525,1.32328981401592
235,275,307,13.36,-0.076341444488525
235,275,307,13.3675,-0.768916912223082
235,275,307,13.375,-1.93584521319149
235,275,307,13.3825,-2.66381125721127
235,275,307,13.39,2.56070451822053
235,275,307,13.3975,0.996701322287588
235,275,307,13.405,0.798587822618709
235,275,307,13.4125,-0.782290008030188
235,275,307,13.42,-1.28694695247307
235,275,307,13.4275,-2.0781690992695
235,275,307,13.435,-2.95497518342808
235,275,307,13.4425,2.03216946436389
235,275,307,13.45,0.761806609813128
235,275,307,13.4575,0.527854076840423
235,275,307,13.465,-2.10045274905438
235,275,307,13.4725,-1.02611289586903
235,275,307,13.48,0.346589515331451
235,275,307,13.4875,-1.56305232306026
235,275,307,13.495,-1.11415917343017
235,275,307,13.5025,2.2653597372003
235,275,307,13.51,1.65788206050356
235,275,307,13.5175,1.61368758888863
235,275,307,13.525,0.0652972616106369
235,275,307,13.5325,-0.974189490659712
235,275,307,13.54,-1.61345407301207
235,275,307,13.5475,-2.82052757873616
235,275,307,13.555,2.48915629527393
235,275,307,13.5625,1.26834987589155
235,275,307,13.57,0.256228006919862
235,275,307,13.5775,-0.574903772001116
235,275,307,13.585,-1.76704637651147
235,275,307,13.5925,-2.23919906408941
235,275,307,13.6,3.06030853726355
235,275,307,13.6075,2.14739433771681
235,275,307,13.615,1.43118550740465
235,275,307,13.6225,0.0454686257135658
235,275,307,13.63,-0.733046536613276
235,275,307,13.6375,-1.78847202583323
235,275,307,13.645,-2.82886111683782
235,275,307,13.6525,2.71207083113557
235,275,307,13.66,1.97767847272563
235,275,307,13.6675,1.19839148531319
235,275,307,13.675,-0.251181956466824
235,275,307,13.6825,-0.494429320631742
235,275,307,13.69,-2.10062766956349
235,275,307,13.6975,-2.73367992479315
235,275,307,13.705,2.09273702416849
235,275,307,13.7125,1.6222305115161
235,275,307,13.72,0.316553955592618
235,275,307,13.7275,-0.317990233416736
235,275,307,13.735,-0.732365320444665
235,275,307,13.7425,-2.18570602492681
235,275,307,13.75,-1.32040654206484
235,275,307,13.7575,3.0534083510924
235,275,307,13.765,2.51504787871485
235,275,307,13.7725,1.4467651091139
235,275,307,13.78,0.65231833672018
235,275,307,13.7875,-0.320294688956518
235,275,307,13.795,-0.890159715216053
235,275,307,13.8025,-1.31332937229653
235,275,307,13.81,-2.82257086284617
235,275,307,13.8175,2.46820656065393
235,275,307,13.825,1.18731700311196
235,275,307,13.8325,0.154172863205736
235,275,307,13.84,-0.775624364585445
235,275,307,13.8475,-1.6670472809163
235,275,307,13.855,-2.68346935483086
235,275,307,13.8625,2.46784108687871
235,275,307,13.87,1.73396049762093
235,275,307,13.8775,0.461311071205499
235,275,307,13.885,-0.0385399610976192
235,275,307,13.8925,-1.19293590322187
235,275,307,13.9,-1.87854019356418
235,275,307,13.9075,-3.1009912849444
235,275,307,13.915,2.18944824510437
235,275,307,13.9225,1.22861761278144
235,275,307,13.93,0.416141171889763
235,275,307,13.9375,-0.0787514099025078
235,275,307,13.945,-0.86306164063625
235,275,307,13.9525,-2.44692198407828
235,275,307,13.96,2.32478592276732
235,275,307,13.9675,2.22120305790633
235,275,307,13.975,0.197237470819476
235,275,307,13.9825,2.12296632490816
235,275,307,13.99,0.546869647771439
235,275,307,13.9975,0.128130956973609
235,275,307,14.005,-1.29831282873516
235,275,307,14.0125,-2.03048206626183
235,275,307,14.02,3.11783745457528
235,275,307,14.0275,2.76623523062051
235,275,307,14.035,1.02897439378427
235,275,307,14.0425,0.253565783909166
235,275,307,14.05,-0.921510426182383
235,275,307,14.0575,-1.87972897398238
235,275,307,14.065,-2.61341813009491
235,275,307,14.0725,2.4275484074061
235,275,307,14.08,1.74991878553945
235,275,307,14.0875,0.700841807528025
235,275,307,14.095,-0.477407116418998
235,275,307,14.1025,-1.56305033162831
235,275,307,14.11,-2.80188668546365
235,275,307,14.1175,2.66271627933676
235,275,307,14.125,1.57322344671825
235,275,307,14.1325,0.508285779342414
235,275,307,14.14,-0.398217809403072
235,275,307,14.1475,-1.88251490121497
235,275,307,14.155,-2.22694500215649
235,275,307,14.1625,-2.63075049906789
235,275,307,14.17,2.51934100643654
235,275,307,14.1775,2.43828561067202
235,275,307,14.185,0.420932774484843
235,275,307,14.1925,0.0980268899977825
235,275,307,14.2,-0.850256895359889
235,275,307,14.2075,-1.70575047035454
235,275,307,14.215,-2.50686573121977
235,275,307,14.2225,2.18595693572347
235,275,307,14.23,0.76916880818875
235,275,307,14.2375,0.397724100851443
235,275,307,14.245,-0.738088865801446
235,275,307,14.2525,0.133135986208066
235,275,307,14.26,0.331993647238011
235,275,307,14.2675,-1.26684926350487
235,275,307,14.275,-2.65483366109086
235,275,307,14.2825,2.38458594686221
235,275,307,14.29,1.87727726339364
235,275,307,14.2975,0.426784691758182
235,275,307,14.305,-0.314204920342736
235,275,307,14.3125,-1.58431971559772
235,275,307,14.32,-2.29335194198751
235,275,307,14.3275,-3.08377851564979
235,275,307,14.335,2.22059699344934
235,275,307,14.3425,1.37372481081294
235,275,307,14.35,-0.0997605785297014
235,275,307,14.3575,-1.35103694272017
235,275,307,14.365,-2.02449444300629
235,275,307,14.3725,3.03516036300633
235,275,307,14.38,2.13822791820409
235,275,307,14.3875,1.64410890159927
235,275,307,14.395,0.58154917749075
235,275,307,14.4025,-0.79960209315531
235,275,307,14.41,-1.57123495114712
235,275,307,14.4175,-2.490361052156
235,275,307,14.425,-3.08910565851348
235,275,307,14.4325,2.11889057247211
235,275,307,14.44,0.618286215771566
235,275,307,14.4475,0.648326512292511
235,275,307,14.455,-0.892915861909082
235,275,307,14.4625,-1.8129694473996
235,275,307,14.47,-3.12274074386558
235,275,307,14.4775,-2.35987245737939
235,275,307,14.485,2.1126368674709
235,275,307,14.4925,1.29011800764958
235,275,307,14.5,-1.03868647247686
235,275,307,14.5075,0.438131335714024
235,275,307,14.515,3.10358669665623
235,275,307,14.5225,1.42888131778
235,275,307,14.53,-1.84888038573114
235,275,307,14.5375,-3.08166349613784
235,275,307,14.545,1.27765506555629
235,275,307,14.5525,1.16628860744745
235,275,307,14.56,0.152964528422817
235,275,307,14.5675,-0.757457959064704
235,275,307,14.575,-1.93685542680455
235,275,307,14.5825,-2.60912071222881
235,275,307,14.59,1.87296663604928
235,275,307,14.5975,1.7269228370381
235,275,307,14.605,0.491644665816644
235,275,307,14.6125,-0.572650434434936
235,275,307,14.62,-1.08038757674688
235,275,307,14.6275,-2.20188221645907
235,275,307,14.635,3.00182657065441
235,275,307,14.6425,2.00308092175278
235,275,307,14.65,1.10161732858597
235,275,307,14.6575,-0.301835251427777
235,275,307,14.665,-0.630631589630403
235,275,307,14.6725,-2.02463795074588
235,275,307,14.68,-3.02420709150092
235,275,307,14.6875,2.85464344156864
235,275,307,14.695,1.69863476033466
235,275,307,14.7025,0.535592403247239
235,275,307,14.71,-0.973529975341205
235,275,307,14.7175,-0.612015301401327
235,275,307,14.725,1.43505442298145
235,275,307,14.7325,-1.28021891270309
235,275,307,14.74,-2.11433297436651
235,275,307,14.7475,2.80452268741797
235,275,307,14.755,1.00677021144139
235,275,307,14.7625,1.42791691149717
235,275,307,14.77,1.38868213699417
235,275,307,14.7775,-0.0253937477032983
235,275,307,14.785,-1.09925581451103
235,275,307,14.7925,-2.98598623088318
235,275,307,14.8,2.56583311875216
235,275,307,14.8075,1.45559081022693
235,275,307,14.815,0.479394208030408
235,275,307,14.8225,-0.641259717539052
235,275,307,14.83,-1.34320861722284
235,275,307,14.8375,-2.5570374128165
235,275,307,14.845,3.04409311900066
235,275,307,14.8525,2.16674077977666
235,275,307,14.86,1.31027624828137
235,275,307,14.8675,0.0239138783781886
235,275,307,14.875,-1.3735522708473
235,275,307,14.8825,-1.72342071378297
235,275,307,14.89,-2.98637442068974
235,275,307,14.8975,2.86615128251046
235,275,307,14.905,0.885066837671942
235,275,307,14.9125,0.259070260237794
235,275,307,14.92,-0.472957151341726
235,275,307,14.9275,-1.4974009465169
235,275,307,14.935,-2.70046128159491
235,275,307,14.9425,3.01634993329053
235,275,307,14.95,0.942790287687539
235,275,307,14.9575,1.51496972433507
235,275,307,14.965,0.67719431218996
235,275,307,14.9725,3.13196969737025
235,275,307,14.98,-1.331175706123
235,275,307,14.9875,-0.68130477551297
235,275,307,14.995,-0.216943534195054
235,275,307,15.0025,-2.67361451095051
235,275,307,15.01,1.88836298225596
235,275,307,15.0175,0.432159972446818
235,275,307,15.025,0.497559249258759
235,275,307,15.0325,-0.0781902601693363
235,275,307,15.04,-1.23437201020368
235,275,307,15.0475,-1.80455068482201
235,275,307,15.055,-2.82193345035811
235,275,307,15.0625,2.61598647500524
235,275,307,15.07,1.53751250965822
235,275,307,15.0775,-0.00370509482067364
235,275,307,15.085,-0.451444554865097
235,275,307,15.0925,-1.89959065471034
235,275,307,15.1,-2.52096298306895
235,275,307,15.1075,2.52369835122696
235,275,307,15.115,1.55389362244351
235,275,307,15.1225,0.762515263237755
235,275,307,15.13,-0.823214708618887
235,275,307,15.1375,-1.04801280006227
235,275,307,15.145,-2.27768392127228
235,275,307,15.1525,3.05697435038172
235,275,307,15.16,1.4578564123274
235,275,307,15.1675,1.13039889059385
235,275,307,15.175,0.976679805355093
235,275,307,15.1825,-0.948866424760867
235,275,307,15.19,2.92707077647795
235,275,307,15.1975,-1.1493639889406
235,275,307,15.205,-1.63039824090087
235,275,307,15.2125,-3.09059106162176
235,275,307,15.22,-2.22651416856797
235,275,307,15.2275,1.21599016554101
235,275,307,15.235,0.948275365757561
235,275,307,15.2425,0.587228699063373
235,275,307,15.25,-1.86527287303398
235,275,307,15.2575,-2.41488177275821
235,275,307,15.265,2.8911704700299
235,275,307,15.2725,1.57771235451593
235,275,307,15.28,1.65596447863254
235,275,307,15.2875,0.367421161777518
235,275,307,15.295,-1.86717305780213
235,275,307,15.3025,-1.62129906985259
235,275,307,15.31,-2.53330660462059
235,275,307,15.3175,2.4517495085799
235,275,307,15.325,1.73279920006886
235,275,307,15.3325,0.770726426733546
235,275,307,15.34,0.413272339941513
235,275,307,15.3475,-1.01253744306887
235,275,307,15.355,-1.93332135784805
235,275,307,15.3625,-2.84672619976447
235,275,307,15.37,1.85728765286068
235,275,307,15.3775,0.820814672293358
235,275,307,15.385,0.899523211779652
235,275,307,15.3925,-1.94589747153751
235,275,307,15.4,-1.68406241401261
235,275,307,15.4075,-2.42767933815721
235,275,307,15.415,2.99227817117756
235,275,307,15.4225,-2.23293485921897
235,275,307,15.43,3.04705489747993
235,275,307,15.4375,1.80100120607051
235,275,307,15.445,1.89276743591757
235,275,307,15.4525,-1.38588653009826
235,275,307,15.46,-3.04319515732086
235,275,307,15.4675,2.41646236569104
235,275,307,15.475,1.52710386339164
235,275,307,15.4825,1.42678373472436
235,275,307,15.49,0.369782885227218
235,275,307,15.4975,0.968212329545858
235,275,307,15.505,-1.01174136772111
235,275,307,15.5125,2.87625013663309
235,275,307,15.52,-1.82716193868559
235,275,307,15.5275,2.41778939232205
235,275,307,15.535,2.22407337949542
235,275,307,15.5425,0.788547019775383
235,275,307,15.55,0.0937199080466994
235,275,307,15.5575,-1.04681916661493
235,275,307,15.565,-2.27758930320879
235,275,307,15.5725,2.93722835949672
235,275,307,15.58,2.02144839355789
235,275,307,15.5875,1.05861830961312
235,275,307,15.595,0.400487885294498
235,275,307,15.6025,-0.759290409803997
235,275,307,15.61,-1.68630956523713
235,275,307,15.6175,-1.87584203836349
235,275,307,15.625,3.06764316020656
235,275,307,15.6325,1.34360812800061
235,275,307,15.64,-0.151229215373034
235,275,307,15.6475,-1.30506936767564
235,275,307,15.655,-2.03282576087471
235,275,307,15.6625,-2.26007162655657
235,275,307,15.67,-2.70374122960684
235,275,307,15.6775,-0.408837836894452
235,275,307,15.685,2.75779640817667
235,275,307,15.6925,2.15543448763868
235,275,307,15.7,0.112846834620369
235,275,307,15.7075,-0.910083107019826
235,275,307,15.715,-1.09955317227803
235,275,307,15.7225,-2.65921615248409
235,275,307,15.73,2.49385155263414
235,275,307,15.7375,-0.334672546456634
235,275,307,15.745,0.155591191556362
235,275,307,15.7525,0.181616399850572
235,275,307,15.76,3.05146645624686
235,275,307,15.7675,0.169702272466419
235,275,307,15.775,-0.829166404096971
235,275,307,15.7825,-0.979092449813927
235,275,307,15.79,-2.83938545033611
235,275,307,15.7975,2.2893917105784
235,275,307,15.805,1.38762687522787
235,275,307,15.8125,-0.384103221668701
235,275,307,15.82,-0.687394825436479
235,275,307,15.8275,-1.85757044410635
235,275,307,15.835,-2.62188131661327
235,275,307,15.8425,1.52500151248637
235,275,307,15.85,0.855336464510238
235,275,307,15.8575,0.112925200630933
235,275,307,15.865,-1.72955016549289
235,275,307,15.8725,-1.84020910365092
235,275,307,15.88,-1.22260979590667
235,275,307,15.8875,2.29773606400168
235,275,307,15.895,0.946507131115304
235,275,307,15.9025,0.631610954028961
235,275,307,15.91,-0.451360502660559
235,275,307,15.9175,-0.561552957181359
235,275,307,15.925,-1.64691740142992
235,275,307,15.9325,-2.65421131403063
235,275,307,15.94,-2.93376523240451
235,275,307,15.9475,1.26997963224219
235,275,307,15.955,0.720894425843571
235,275,307,15.9625,0.379077045083629
235,275,307,15.97,-1.21237252189631
235,275,307,15.9775,-2.1836066481785
235,275,307,15.985,-3.11954328883527
235,275,307,15.9925,0.761429092323739
235,275,307,16,0.852049383843463
235,275,306,4,-1.84913736548337
235,275,306,4.0075,-2.53820732770936
235,275,306,4.015,2.67244737786083
235,275,306,4.0225,1.8597619291782
235,275,306,4.03,1.58208665014143
235,275,306,4.0375,0.450559258349913
235,275,306,4.045,0.300397819956708
235,275,306,4.0525,-0.699408417407941
235,275,306,4.06,-1.51875886150265
235,275,306,4.0675,-2.34421438077013
235,275,306,4.075,2.87165548736865
235,275,306,4.0825,1.88507852785177
235,275,306,4.09,0.987810064655643
235,275,306,4.0975,-0.0563875585583621
235,275,306,4.105,-1.05669756447907
235,275,306,4.1125,-2.03286351731291
235,275,306,4.12,-3.01059795098289
235,275,306,4.1275,2.40555874716438
235,275,306,4.135,1.48832851467028
235,275,306,4.1425,0.359866700231386
235,275,306,4.15,-0.584006605024318
235,275,306,4.1575,-1.57616225552998
235,275,306,4.165,-2.63008776471491
235,275,306,4.1725,2.84239228250936
235,275,306,4.18,1.76950003272879
235,275,306,4.1875,0.896311360818398
235,275,306,4.195,-0.0707110017142367
235,275,306,4.2025,-1.05446658773295
235,275,306,4.21,-2.00534226795097
235,275,306,4.2175,-2.82618124581688
235,275,306,4.225,2.59690625061183
235,275,306,4.2325,1.74557060211278
235,275,306,4.24,1.0070960555506
235,275,306,4.2475,0.162478015934822
235,275,306,4.255,-0.828483267996211
235,275,306,4.2625,-1.68627387790553
235,275,306,4.27,-2.49056157535834
235,275,306,4.2775,3.04065458139725
235,275,306,4.285,2.20321662305935
235,275,306,4.2925,1.35428151766856
235,275,306,4.3,0.462536562283132
235,275,306,4.3075,-0.455223572794925
235,275,306,4.315,-1.42488126758046
235,275,306,4.3225,-2.42212909846881
235,275,306,4.33,2.93760347347157
235,275,306,4.3375,1.88349800400325
235,275,306,4.345,0.865413573040913
235,275,306,4.3525,0.046712725694889
235,275,306,4.36,-1.03163688735677
235,275,306,4.3675,-2.01206888115907
235,275,306,4.375,-3.04811045572262
235,275,306,4.3825,2.1551229994568
235,275,306,4.39,1.32471835576895
235,275,306,4.3975,0.40455386294316
235,275,306,4.405,-0.777964766763929
235,275,306,4.4125,-1.85537665578101
235,275,306,4.42,-3.03187718410966
235,275,306,4.4275,2.23054917561679
235,275,306,4.435,1.9898286473119
235,275,306,4.4425,0.347870669566569
235,275,306,4.45,0.0108023081872319
235,275,306,4.4575,0.923795122903692
235,275,306,4.465,-0.681286551308386
235,275,306,4.4725,-0.500230300891409
235,275,306,4.48,-1.88696162007806
235,275,306,4.4875,-2.60266332561284
235,275,306,4.495,2.68376139508499
235,275,306,4.5025,1.61999645246871
235,275,306,4.51,0.773266094320394
235,275,306,4.5175,-0.258599418954983
235,275,306,4.525,-1.51975275596691
235,275,306,4.5325,-2.3620372859219
235,275,306,4.54,-3.10159028627217
235,275,306,4.5475,2.12908693688978
235,275,306,4.555,1.3253408588987
235,275,306,4.5625,0.273620757776649
235,275,306,4.57,-0.820678393226474
235,275,306,4.5775,-1.62357264948657
235,275,306,4.585,-2.62385529707891
235,275,306,4.5925,2.73478923420274
235,275,306,4.6,1.72302700997622
235,275,306,4.6075,0.802169162809107
235,275,306,4.615,-0.184265866567649
235,275,306,4.6225,-1.11617630450749
235,275,306,4.63,-2.03362703367694
235,275,306,4.6375,-3.12320834966479
235,275,306,4.645,2.15840501530345
235,275,306,4.6525,1.22177221498806
235,275,306,4.66,0.41671069160448
235,275,306,4.6675,-0.749555503730772
235,275,306,4.675,-1.61746795002127
235,275,306,4.6825,-2.49177259923336
235,275,306,4.69,2.73993442686582
235,275,306,4.6975,1.50565693487798
235,275,306,4.705,0.626610236993386
235,275,306,4.7125,-0.21963763088286
235,275,306,4.72,-1.27766278796192
235,275,306,4.7275,-2.51477001170274
235,275,306,4.735,2.70140696610898
235,275,306,4.7425,0.917911299027819
235,275,306,4.75,-0.034504670973932
235,275,306,4.7575,-2.40823143775219
235,275,306,4.765,-2.94139088072899
235,275,306,4.7725,2.45100759694513
235,275,306,4.78,1.03892440990503
235,275,306,4.7875,-0.67529028712435
235,275,306,4.795,-1.31648873517859
235,275,306,4.8025,-2.51658039937493
235,275,306,4.81,2.47313355809597
235,275,306,4.8175,1.61080122667497
235,275,306,4.825,0.513621099159707
235,275,306,4.8325,-0.459702077570805
235,275,306,4.84,-1.61690691322396
235,275,306,4.8475,-2.64425031058381
235,275,306,4.855,2.48320555632411
235,275,306,4.8625,1.45577608167664
235,275,306,4.87,0.442464178676328
235,275,306,4.8775,-0.58327268871507
235,275,306,4.885,-1.67662660655079
235,275,306,4.8925,-2.6428974213167
235,275,306,4.9,2.66654794747291
235,275,306,4.9075,1.69309374942413
235,275,306,4.915,0.462456893903031
235,275,306,4.9225,-0.328708056967341
235,275,306,4.93,-1.59164158608117
235,275,306,4.9375,-1.97382725545489
235,275,306,4.945,-2.99959887516705
235,275,306,4.9525,3.12142800263544
235,275,306,4.96,1.57716309278007
235,275,306,4.9675,1.13651200399557
235,275,306,4.975,-0.39420461253221
235,275,306,4.9825,-0.632503559611819
235,275,306,4.99,0.367552301582505
235,275,306,4.9975,-1.18216796522978
235,275,306,5.005,-1.51728395490983
235,275,306,5.0125,-2.54315173385296
235,275,306,5.02,2.87242680923788
235,275,306,5.0275,1.39951340520177
235,275,306,5.035,0.571404919502892
235,275,306,5.0425,-0.819884710534756
235,275,306,5.05,-2.0821386424447
235,275,306,5.0575,-2.98993171579784
235,275,306,5.065,2.30826788279878
235,275,306,5.0725,1.25590521674469
235,275,306,5.08,0.442484549201636
235,275,306,5.0875,-0.458995314967701
235,275,306,5.095,-1.5486319865373
235,275,306,5.1025,-2.68062626686853
235,275,306,5.11,2.52477548467276
235,275,306,5.1175,1.72487083254772
235,275,306,5.125,0.661511907917239
235,275,306,5.1325,-0.315069488249716
235,275,306,5.14,-1.6826064505545
235,275,306,5.1475,-2.57302354647187
235,275,306,5.155,2.95733369128646
235,275,306,5.1625,1.61953848449161
235,275,306,5.17,1.17069038373641
235,275,306,5.1775,0.782339660987031
235,275,306,5.185,-0.166769668669238
235,275,306,5.1925,-1.37178159709925
235,275,306,5.2,1.4567892649837
235,275,306,5.2075,0.947002883874781
235,275,306,5.215,-0.619943914949355
235,275,306,5.2225,-1.54031755173959
235,275,306,5.23,-2.81576969007422
235,275,306,5.2375,2.58174953516517
235,275,306,5.245,1.25648641173329
235,275,306,5.2525,0.168694012557856
235,275,306,5.26,-0.993612580419882
235,275,306,5.2675,-1.88124751301524
235,275,306,5.275,-2.98413783995332
235,275,306,5.2825,2.21627584162452
235,275,306,5.29,1.11505362784243
235,275,306,5.2975,0.119353372399022
235,275,306,5.305,-1.09072557371989
235,275,306,5.3125,-2.10808710586315
235,275,306,5.32,3.0834899588396
235,275,306,5.3275,2.19730979039961
235,275,306,5.335,1.1350820953738
235,275,306,5.3425,0.16744537331093
235,275,306,5.35,-0.384601755468941
235,275,306,5.3575,-1.28184245164136
235,275,306,5.365,-2.58142966940482
235,275,306,5.3725,2.69645223932664
235,275,306,5.38,1.44452179297098
235,275,306,5.3875,0.594140296297603
235,275,306,5.395,-0.100337836611343
235,275,306,5.4025,-1.19813613524079
235,275,306,5.41,-2.45779466232296
235,275,306,5.4175,2.95538341351711
235,275,306,5.425,1.66388896373834
235,275,306,5.4325,0.345469025125993
235,275,306,5.44,-0.685299567076052
235,275,306,5.4475,-2.28123733116815
235,275,306,5.455,-3.10841775615766
235,275,306,5.4625,1.92570657747301
235,275,306,5.47,0.391936791764335
235,275,306,5.4775,-0.732510346442543
235,275,306,5.485,-1.96989874256726
235,275,306,5.4925,3.07385623483477
235,275,306,5.5,1.90920088896325
235,275,306,5.5075,1.01660306186162
235,275,306,5.515,-0.22858755096985
235,275,306,5.5225,-1.29972141863716
235,275,306,5.53,-2.36470421428835
235,275,306,5.5375,2.86704771954463
235,275,306,5.545,2.00778183836545
235,275,306,5.5525,1.22080844162509
235,275,306,5.56,0.0111858744418558
235,275,306,5.5675,-0.950777172421822
235,275,306,5.575,-2.03349335759379
235,275,306,5.5825,-3.09526326038598
235,275,306,5.59,2.3985364747876
235,275,306,5.5975,1.40540984003974
235,275,306,5.605,0.319372174902712
235,275,306,5.6125,-0.323570901473386
235,275,306,5.62,-1.38990357941221
235,275,306,5.6275,-2.44511357479956
235,275,306,5.635,2.85226564721992
235,275,306,5.6425,1.70439567932897
235,275,306,5.65,0.640850587941431
235,275,306,5.6575,-0.446451558171364
235,275,306,5.665,-1.76725677870825
235,275,306,5.6725,-2.60602759478332
235,275,306,5.68,2.90114750070315
235,275,306,5.6875,1.21818800281171
235,275,306,5.695,1.41225609744133
235,275,306,5.7025,-2.22797509206181
235,275,306,5.71,2.34556148453517
235,275,306,5.7175,0.790352449806199
235,275,306,5.725,0.239006099404488
235,275,306,5.7325,-0.854435924398676
235,275,306,5.74,-2.17135909983195
235,275,306,5.7475,2.87650584368929
235,275,306,5.755,2.03284797416575
235,275,306,5.7625,0.980887586371047
235,275,306,5.77,-0.233244458326965
235,275,306,5.7775,-0.985158767815054
235,275,306,5.785,-2.24881950802249
235,275,306,5.7925,3.04545202058128
235,275,306,5.8,1.7845584689648
235,275,306,5.8075,1.19764567977178
235,275,306,5.815,0.196204064593772
235,275,306,5.8225,-0.246729611658881
235,275,306,5.83,-1.45579730947951
235,275,306,5.8375,-1.99518109840492
235,275,306,5.845,3.14099624270661
235,275,306,5.8525,2.06159039211259
235,275,306,5.86,0.804239206855036
235,275,306,5.8675,-0.00155334914572163
235,275,306,5.875,-0.999263873951104
235,275,306,5.8825,-1.8982781558219
235,275,306,5.89,2.97438666570945
235,275,306,5.8975,2.19543588809674
235,275,306,5.905,1.133022795603
235,275,306,5.9125,-0.478297377504952
235,275,306,5.92,-2.17791938570337
235,275,306,5.9275,2.68050221035466
235,275,306,5.935,1.36474771610994
235,275,306,5.9425,-0.180709740898918
235,275,306,5.95,-1.72358928337011
235,275,306,5.9575,-2.20417904920411
235,275,306,5.965,2.58608791877088
235,275,306,5.9725,1.53158358204801
235,275,306,5.98,0.353266033757629
235,275,306,5.9875,-0.55755108288032
235,275,306,5.995,-1.94172653203162
235,275,306,6.0025,-2.85482812762654
235,275,306,6.01,2.44111724706449
235,275,306,6.0175,1.37826402216419
235,275,306,6.025,0.281802302483712
235,275,306,6.0325,-0.762191468572031
235,275,306,6.04,-1.76563051876711
235,275,306,6.0475,-2.60637117193353
235,275,306,6.055,2.79508401869526
235,275,306,6.0625,1.74401803852119
235,275,306,6.07,0.819917001479785
235,275,306,6.0775,-0.166999918523223
235,275,306,6.085,-1.02338836873662
235,275,306,6.0925,-1.76183923023836
235,275,306,6.1,-2.97837878090444
235,275,306,6.1075,2.57240317987782
235,275,306,6.115,1.27619009721151
235,275,306,6.1225,0.340201054595604
235,275,306,6.13,-1.00128849156137
235,275,306,6.1375,-2.43128052803395
235,275,306,6.145,-3.02136615283182
235,275,306,6.1525,2.18614123554083
235,275,306,6.16,0.962091446496124
235,275,306,6.1675,0.779190165919758
235,275,306,6.175,-2.60965502918447
235,275,306,6.1825,2.58104565111909
235,275,306,6.19,0.9177162008381
235,275,306,6.1975,-0.417071262874044
235,275,306,6.205,-1.28061324149839
235,275,306,6.2125,-2.20791909882704
235,275,306,6.22,3.00140280549244
235,275,306,6.2275,1.98272925380878
235,275,306,6.235,1.17422664471095
235,275,306,6.2425,0.150930636847584
235,275,306,6.25,-1.08923727275285
235,275,306,6.2575,-2.05030939766023
235,275,306,6.265,-2.89336256090123
235,275,306,6.2725,2.7069686543007
235,275,306,6.28,1.72161489046546
235,275,306,6.2875,0.539644090431956
235,275,306,6.295,-0.496065262554235
235,275,306,6.3025,-1.65993720577169
235,275,306,6.31,-2.30081908994697
235,275,306,6.3175,-3.14141184347823
235,275,306,6.325,1.98789395024529
235,275,306,6.3325,1.17644702163143
235,275,306,6.34,0.121941259886447
235,275,306,6.3475,-0.933143464096645
235,275,306,6.355,-2.01488542725904
235,275,306,6.3625,-2.71528105484028
235,275,306,6.37,2.39892948330422
235,275,306,6.3775,1.65497194730275
235,275,306,6.385,0.596496572084514
235,275,306,6.3925,-0.104527175703214
235,275,306,6.4,-1.57020038224011
235,275,306,6.4075,-2.02593866484238
235,275,306,6.415,-2.92157484438525
235,275,306,6.4225,2.4016072581884
235,275,306,6.43,1.67739970776944
235,275,306,6.4375,0.802752668571801
235,275,306,6.445,-0.423186650799346
235,275,306,6.4525,0.404984561665258
235,275,306,6.46,-0.613964626480777
235,275,306,6.4675,-1.83394064646582
235,275,306,6.475,-2.65600060488732
235,275,306,6.4825,2.78326484173472
235,275,306,6.49,1.45673755450364
235,275,306,6.4975,0.674504563805556
235,275,306,6.505,-0.464967260995873
235,275,306,6.5125,-1.03813490367207
235,275,306,6.52,-2.08821421478118
235,275,306,6.5275,-2.9268755755581
235,275,306,6.535,2.35839072133748
235,275,306,6.5425,1.32182812740638
235,275,306,6.55,0.389989217855843
235,275,306,6.5575,-0.798867582694321
235,275,306,6.565,-1.77908543617558
235,275,306,6.5725,-2.83094922073732
235,275,306,6.58,2.91753719610025
235,275,306,6.5875,1.81490569284379
235,275,306,6.595,0.750093106896864
235,275,306,6.6025,-0.198138142649868
235,275,306,6.61,-1.48676084005607
235,275,306,6.6175,-2.21733601960753
235,275,306,6.625,-3.10243147294297
235,275,306,6.6325,2.36497153058678
235,275,306,6.64,1.53034321944072
235,275,306,6.6475,0.669703836769137
235,275,306,6.655,0.157741172151191
235,275,306,6.6625,-0.806170330050062
235,275,306,6.67,-1.9659397415431
235,275,306,6.6775,-2.07302261910776
235,275,306,6.685,-2.89125574279837
235,275,306,6.6925,2.40775011691292
235,275,306,6.7,1.45078344055453
235,275,306,6.7075,0.580782016683291
235,275,306,6.715,-0.27074429770204
235,275,306,6.7225,-0.965459889214892
235,275,306,6.73,-2.41900236684818
235,275,306,6.7375,3.07704541791128
235,275,306,6.745,2.06823859721383
235,275,306,6.7525,1.11264386554906
235,275,306,6.76,0.0166166789686716
235,275,306,6.7675,-0.872988485870694
235,275,306,6.775,-1.91794724680695
235,275,306,6.7825,-2.55581207938829
235,275,306,6.79,2.49899182533149
235,275,306,6.7975,1.65336725214119
235,275,306,6.805,0.612074493094112
235,275,306,6.8125,0.0413754521391645
235,275,306,6.82,-1.16205560692011
235,275,306,6.8275,-2.2700866293786
235,275,306,6.835,-2.80848214434153
235,275,306,6.8425,2.38443979301025
235,275,306,6.85,1.49495069973539
235,275,306,6.8575,0.472756769444909
235,275,306,6.865,-0.477380640234919
235,275,306,6.8725,-1.63611927782511
235,275,306,6.88,-2.37153464039282
235,275,306,6.8875,-3.11928329017276
235,275,306,6.895,1.99356955182629
235,275,306,6.9025,1.47643996655392
235,275,306,6.91,0.493103938150166
235,275,306,6.9175,-0.667318842256718
235,275,306,6.925,-1.43886836790328
235,275,306,6.9325,-2.27450207071934
235,275,306,6.94,-2.68483356489516
235,275,306,6.9475,2.60545154817913
235,275,306,6.955,1.7731400238285
235,275,306,6.9625,0.883177059361544
235,275,306,6.97,-0.0437014649448448
235,275,306,6.9775,-0.720959416045294
235,275,306,6.985,-1.70518294444974
235,275,306,6.9925,-2.57485581363563
235,275,306,7,3.07608876335787
235,275,306,7.0075,1.88305972449301
235,275,306,7.015,0.89147326421196
235,275,306,7.0225,0.162597339987355
235,275,306,7.03,-1.02150016227855
235,275,306,7.0375,-2.0628432243715
235,275,306,7.045,-2.96203848282154
235,275,306,7.0525,2.31737977238818
235,275,306,7.06,1.49575740896511
235,275,306,7.0675,0.427915132337883
235,275,306,7.075,-0.49834883541658
235,275,306,7.0825,-1.42609073186767
235,275,306,7.09,-2.56365447918454
235,275,306,7.0975,2.88497857322841
235,275,306,7.105,1.86264819488501
235,275,306,7.1125,1.17934921288329
235,275,306,7.12,0.131190576886652
235,275,306,7.1275,-0.723337194209988
235,275,306,7.135,-1.65108296710268
235,275,306,7.1425,-2.65227782654522
235,275,306,7.15,2.91763776722782
235,275,306,7.1575,1.83056080431429
235,275,306,7.165,0.74607178169898
235,275,306,7.1725,-0.0733036210654509
235,275,306,7.18,-1.10837715955957
235,275,306,7.1875,-1.18280103899209
235,275,306,7.195,-2.20136364632027
235,275,306,7.2025,3.11222585999024
235,275,306,7.21,2.45324734997803
235,275,306,7.2175,1.32384792444034
235,275,306,7.225,0.445580203449752
235,275,306,7.2325,-0.328320279419887
235,275,306,7.24,-1.2333947890362
235,275,306,7.2475,-2.31701797439788
235,275,306,7.255,2.99907582959452
235,275,306,7.2625,2.053726319715
235,275,306,7.27,1.08917344057813
235,275,306,7.2775,0.0151258384162909
235,275,306,7.285,-0.894756459063479
235,275,306,7.2925,-1.79896632777678
235,275,306,7.3,-2.8134746789812
235,275,306,7.3075,2.61406568743116
235,275,306,7.315,1.53437695756926
235,275,306,7.3225,0.750936043395683
235,275,306,7.33,0.0424811146400701
235,275,306,7.3375,-1.04387357411963
235,275,306,7.345,-1.76092779467826
235,275,306,7.3525,-2.63496002228213
235,275,306,7.36,2.86603500761088
235,275,306,7.3675,1.9105181463044
235,275,306,7.375,0.931748438224943
235,275,306,7.3825,0.145713752357406
235,275,306,7.39,-0.819992183309727
235,275,306,7.3975,-1.88169508124778
235,275,306,7.405,-2.73995286530543
235,275,306,7.4125,2.53553970023274
235,275,306,7.42,1.53233191893605
235,275,306,7.4275,0.518086557264306
235,275,306,7.435,-0.161952084258558
235,275,306,7.4425,-1.04448370783388
235,275,306,7.45,-1.92873673259434
235,275,306,7.4575,-2.86750295875169
235,275,306,7.465,2.75367355078236
235,275,306,7.4725,1.93262609579483
235,275,306,7.48,0.684753307062764
235,275,306,7.4875,-0.0439449774099163
235,275,306,7.495,-0.86841924115616
235,275,306,7.5025,-1.71216693162588
235,275,306,7.51,-2.69680991732924
235,275,306,7.5175,2.6439623124562
235,275,306,7.525,1.61375515490188
235,275,306,7.5325,0.857621211024609
235,275,306,7.54,-0.289801700207403
235,275,306,7.5475,-1.1537774116567
235,275,306,7.555,-2.07253890241617
235,275,306,7.5625,-2.97975646402824
235,275,306,7.57,2.33517065371707
235,275,306,7.5775,1.31992215452638
235,275,306,7.585,0.643556420111001
235,275,306,7.5925,-0.359607858500813
235,275,306,7.6,-1.08162343916489
235,275,306,7.6075,-1.93377060542085
235,275,306,7.615,-3.08869860036552
235,275,306,7.6225,2.35348913282714
235,275,306,7.63,1.38206845355578
235,275,306,7.6375,0.445823145262096
235,275,306,7.645,-0.631996671725284
235,275,306,7.6525,-1.74954165124717
235,275,306,7.66,-2.67541548958194
235,275,306,7.6675,2.62030727599536
235,275,306,7.675,1.62373799417906
235,275,306,7.6825,0.461891311001495
235,275,306,7.69,-0.0613042780520715
235,275,306,7.6975,-0.389394686001544
235,275,306,7.705,-1.14819741013401
235,275,306,7.7125,-2.25429768575056
235,275,306,7.72,-2.9345233591991
235,275,306,7.7275,2.65930780904166
235,275,306,7.735,1.93316847861032
235,275,306,7.7425,0.86406511045362
235,275,306,7.75,0.0525387973975871
235,275,306,7.7575,-1.04726064654934
235,275,306,7.765,-1.85448432461312
235,275,306,7.7725,-2.77926544546896
235,275,306,7.78,2.66137426564767
235,275,306,7.7875,1.68515983818444
235,275,306,7.795,0.497592781357421
235,275,306,7.8025,-0.340517681643196
235,275,306,7.81,-1.32004374078096
235,275,306,7.8175,-2.25721260257409
235,275,306,7.825,3.11810438055102
235,275,306,7.8325,2.1099383305103
235,275,306,7.84,1.10053890166037
235,275,306,7.8475,0.245351030084313
235,275,306,7.855,-0.680687540549345
235,275,306,7.8625,-1.58829781227961
235,275,306,7.87,-2.53647952434118
235,275,306,7.8775,2.8833092607383
235,275,306,7.885,1.89078847560758
235,275,306,7.8925,0.807658045680538
235,275,306,7.9,-0.00324955029319649
235,275,306,7.9075,-1.02566238258092
235,275,306,7.915,-1.86058002475268
235,275,306,7.9225,-3.13496636423484
235,275,306,7.93,2.5830699211766
235,275,306,7.9375,1.48460936894574
235,275,306,7.945,1.17629335980584
235,275,306,7.9525,0.436494411771647
235,275,306,7.96,-0.420903368681486
235,275,306,7.9675,-1.33600030848411
235,275,306,7.975,-2.28917374526056
235,275,306,7.9825,3.08432931997652
235,275,306,7.99,1.95472220568756
235,275,306,7.9975,1.22928850493321
235,275,306,8.005,0.107049901482487
235,275,306,8.0125,-0.841327277434925
235,275,306,8.02,-1.6594989316902
235,275,306,8.0275,-2.68480044164885
235,275,306,8.035,2.73735184051964
235,275,306,8.0425,1.95666060155074
235,275,306,8.05,0.773134021130847
235,275,306,8.0575,-0.225113704134867
235,275,306,8.065,-1.06307275343508
235,275,306,8.0725,-1.88191550319793
235,275,306,8.08,-2.84340291113332
235,275,306,8.0875,2.5628625622508
235,275,306,8.095,1.69442048099514
235,275,306,8.1025,0.770930627535346
235,275,306,8.11,-0.230519528035839
235,275,306,8.1175,-0.559121853603929
235,275,306,8.125,-1.68579517041742
235,275,306,8.1325,-2.43763049995731
235,275,306,8.14,2.82720215359933
235,275,306,8.1475,1.80939636695673
235,275,306,8.155,0.93580249564849
235,275,306,8.1625,0.0220133696846286
235,275,306,8.17,-1.03858486907235
235,275,306,8.1775,-1.95093504875396
235,275,306,8.185,-2.79764356256868
235,275,306,8.1925,2.49426528313556
235,275,306,8.2,1.46958567981681
235,275,306,8.2075,0.841362748971041
235,275,306,8.215,-0.178858158167113
235,275,306,8.2225,-1.07988041095661
235,275,306,8.23,-1.91503388594108
235,275,306,8.2375,-2.93636737395037
235,275,306,8.245,2.63255425892833
235,275,306,8.2525,1.66187601172876
235,275,306,8.26,0.812546507939069
235,275,306,8.2675,-0.107834151719094
235,275,306,8.275,-1.26703064968308
235,275,306,8.2825,-1.94793006044913
235,275,306,8.29,-2.92905868471838
235,275,306,8.2975,2.54430802362498
235,275,306,8.305,1.57400790847008
235,275,306,8.3125,0.691928869793282
235,275,306,8.32,-0.294158740898495
235,275,306,8.3275,-1.39642662483201
235,275,306,8.335,-2.15310377704035
235,275,306,8.3425,-3.00354797450351
235,275,306,8.35,2.45432375750297
235,275,306,8.3575,1.404379944746
235,275,306,8.365,0.531960182066923
235,275,306,8.3725,-0.615546577441047
235,275,306,8.38,-1.35750924494021
235,275,306,8.3875,-2.46401906568439
235,275,306,8.395,2.73634391291696
235,275,306,8.4025,1.84275846718946
235,275,306,8.41,0.867558464199089
235,275,306,8.4175,-0.178690273364018
235,275,306,8.425,-0.881448314112852
235,275,306,8.4325,-2.18303561177499
235,275,306,8.44,3.12304544337639
235,275,306,8.4475,2.46845494801368
235,275,306,8.455,1.67458451636285
235,275,306,8.4625,1.6234539024413
235,275,306,8.47,1.03758565948198
235,275,306,8.4775,0.138863555922067
235,275,306,8.485,-0.968668746776397
235,275,306,8.4925,-1.76531834959997
235,275,306,8.5,-2.52244558499421
235,275,306,8.5075,2.78147330601
235,275,306,8.515,1.64729758014466
235,275,306,8.5225,0.670955726776804
235,275,306,8.53,-0.254267405227388
235,275,306,8.5375,-1.40053550155754
235,275,306,8.545,-2.32466033371575
235,275,306,8.5525,2.97647133544198
235,275,306,8.56,1.89246220589573
235,275,306,8.5675,1.00193192588766
235,275,306,8.575,-0.0239670821274887
235,275,306,8.5825,-0.817617769404903
235,275,306,8.59,-1.72715547975751
235,275,306,8.5975,-2.61439918289664
235,275,306,8.605,2.86196615605995
235,275,306,8.6125,1.946613157813
235,275,306,8.62,1.26515408736121
235,275,306,8.6275,0.0418155331456319
235,275,306,8.635,-0.885792067627002
235,275,306,8.6425,-1.85513984901305
235,275,306,8.65,-3.07615759567304
235,275,306,8.6575,2.4429832253564
235,275,306,8.665,1.45036194049212
235,275,306,8.6725,0.55895832019667
235,275,306,8.68,-0.0212268651782554
235,275,306,8.6875,-0.981961351322261
235,275,306,8.695,-1.45934264022491
235,275,306,8.7025,-2.43009891644929
235,275,306,8.71,3.03662894810988
235,275,306,8.7175,1.79257988733301
235,275,306,8.725,1.05398383784299
235,275,306,8.7325,0.0800220984325752
235,275,306,8.74,-0.848217391504214
235,275,306,8.7475,-1.70959745351211
235,275,306,8.755,-2.41762166377236
235,275,306,8.7625,2.96197740076405
235,275,306,8.77,1.86055293349681
235,275,306,8.7775,0.86771622695717
235,275,306,8.785,-0.0488566724933943
235,275,306,8.7925,-1.07310323553867
235,275,306,8.8,-1.66043547451313
235,275,306,8.8075,-2.88583406137232
235,275,306,8.815,2.29080803283872
235,275,306,8.8225,1.29726411446406
235,275,306,8.83,0.630562222841119
235,275,306,8.8375,-0.257379033101666
235,275,306,8.845,-0.639451403043595
235,275,306,8.8525,-1.59158394461622
235,275,306,8.86,-2.47761829157017
235,275,306,8.8675,2.93682922820581
235,275,306,8.875,1.93696643552365
235,275,306,8.8825,1.02709583764676
235,275,306,8.89,-0.0713302038276325
235,275,306,8.8975,-0.969967939924856
235,275,306,8.905,-1.98254602058084
235,275,306,8.9125,-2.92937702021772
235,275,306,8.92,2.42083259188084
235,275,306,8.9275,1.61352090318039
235,275,306,8.935,0.466780698695397
235,275,306,8.9425,-0.469126531030575
235,275,306,8.95,-1.12916768400958
235,275,306,8.9575,-1.81417853635578
235,275,306,8.965,-2.60393458407119
235,275,306,8.9725,2.69960208031215
235,275,306,8.98,1.7885347261455
235,275,306,8.9875,0.891287529245195
235,275,306,8.995,-0.0455887308999273
235,275,306,9.0025,-0.759687109704752
235,275,306,9.01,-1.72559187408808
235,275,306,9.0175,-2.80387346620879
235,275,306,9.025,2.53994328875356
235,275,306,9.0325,1.51331976018367
235,275,306,9.04,0.422935106913038
235,275,306,9.0475,-0.35590471640423
235,275,306,9.055,-1.26176713184226
235,275,306,9.0625,-2.27209127926125
235,275,306,9.07,2.90742766101258
235,275,306,9.0775,1.95429827993653
235,275,306,9.085,0.911853848694499
235,275,306,9.0925,0.0650249973101074
235,275,306,9.1,-0.630142992548742
235,275,306,9.1075,-1.40698943806634
235,275,306,9.115,-2.23760017128832
235,275,306,9.1225,3.06591237910105
235,275,306,9.13,2.08698432405367
235,275,306,9.1375,1.43467580920816
235,275,306,9.145,0.288913187515236
235,275,306,9.1525,-0.392896117437046
235,275,306,9.16,-1.65630301767349
235,275,306,9.1675,-2.47122081903763
235,275,306,9.175,2.62738914550072
235,275,306,9.1825,1.23169570046281
235,275,306,9.19,0.431348466649286
235,275,306,9.1975,-0.380876112386802
235,275,306,9.205,-0.506123771219086
235,275,306,9.2125,-0.753956867602358
235,275,306,9.22,-1.76313791419976
235,275,306,9.2275,-2.68697599372809
235,275,306,9.235,2.82855292307032
235,275,306,9.2425,1.8274627591233
235,275,306,9.25,0.839176530560734
235,275,306,9.2575,-0.0680158049194508
235,275,306,9.265,-1.13791717093101
235,275,306,9.2725,-1.9147771382838
235,275,306,9.28,-3.06036335847218
235,275,306,9.2875,2.19166680426477
235,275,306,9.295,1.23453627889793
235,275,306,9.3025,0.274748306241467
235,275,306,9.31,-0.55149944482666
235,275,306,9.3175,-1.80266449232753
235,275,306,9.325,-2.71715884911018
235,275,306,9.3325,2.66843611108963
235,275,306,9.34,1.64383987154571
235,275,306,9.3475,0.972239461653796
235,275,306,9.355,-0.037492288526019
235,275,306,9.3625,-1.00215932637236
235,275,306,9.37,-1.93170673172351
235,275,306,9.3775,-2.75220841648661
235,275,306,9.385,2.58562250675818
235,275,306,9.3925,1.66964753204132
235,275,306,9.4,0.82490428651623
235,275,306,9.4075,0.117694778264587
235,275,306,9.415,-0.87194774809213
235,275,306,9.4225,-2.03765667315158
235,275,306,9.43,-2.3980826434763
235,275,306,9.4375,2.45378682915489
235,275,306,9.445,1.52038073478905
235,275,306,9.4525,0.568389918978322
235,275,306,9.46,-0.236542596809918
235,275,306,9.4675,-0.909814065583442
235,275,306,9.475,-1.80674266309062
235,275,306,9.4825,-2.47314040447841
235,275,306,9.49,2.70370237892614
235,275,306,9.4975,1.98995786564976
235,275,306,9.505,1.03002141645867
235,275,306,9.5125,0.351559752595316
235,275,306,9.52,-0.915929812478143
235,275,306,9.5275,-1.88209360375465
235,275,306,9.535,-2.63294907498057
235,275,306,9.5425,2.61132762496121
235,275,306,9.55,1.73867553091023
235,275,306,9.5575,0.702687393358299
235,275,306,9.565,-0.246995770390219
235,275,306,9.5725,-1.19610460034346
235,275,306,9.58,-1.88480239308558
235,275,306,9.5875,-2.82143730823919
235,275,306,9.595,2.84255787796636
235,275,306,9.6025,1.82828397303561
235,275,306,9.61,1.29651988940031
235,275,306,9.6175,0.0800129355191743
235,275,306,9.625,-0.876021224454211
235,275,306,9.6325,-1.87379482839742
235,275,306,9.64,-2.90634654843283
235,275,306,9.6475,2.25808985604769
235,275,306,9.655,1.57039184274851
235,275,306,9.6625,0.512078340569791
235,275,306,9.67,-0.440954930214325
235,275,306,9.6775,-1.20509422659644
235,275,306,9.685,-2.24505836022652
235,275,306,9.6925,3.03162276978149
235,275,306,9.7,2.05325940634255
235,275,306,9.7075,1.23067397978287
235,275,306,9.715,0.781762221562976
235,275,306,9.7225,-0.284305048773484
235,275,306,9.73,-1.01753847093734
235,275,306,9.7375,-1.59611199985579
235,275,306,9.745,-2.5690218953538
235,275,306,9.7525,2.88019067654823
235,275,306,9.76,2.0285562489684
235,275,306,9.7675,0.910084838695349
235,275,306,9.775,-0.1071812813215
235,275,306,9.7825,-1.04510543589144
235,275,306,9.79,-2.03226724839107
235,275,306,9.7975,-3.01008374862805
235,275,306,9.805,2.15372592959371
235,275,306,9.8125,1.28580179597619
235,275,306,9.82,0.532321392903571
235,275,306,9.8275,-0.652822451296985
235,275,306,9.835,-1.37159185877874
235,275,306,9.8425,-2.35758061412232
235,275,306,9.85,2.68755182682443
235,275,306,9.8575,1.99826399412383
235,275,306,9.865,0.999672984166185
235,275,306,9.8725,0.000292229204045843
235,275,306,9.88,-0.956155635885828
235,275,306,9.8875,-1.77356939574665
235,275,306,9.895,-2.75912957539031
235,275,306,9.9025,2.42692218666852
235,275,306,9.91,1.66215380834208
235,275,306,9.9175,0.819442005129904
235,275,306,9.925,-0.243830762027202
235,275,306,9.9325,-1.29911306940775
235,275,306,9.94,-1.85840753303495
235,275,306,9.9475,-2.58809455854874
235,275,306,9.955,-2.72430235974377
235,275,306,9.9625,2.81740023914855
235,275,306,9.97,1.63151442365855
235,275,306,9.9775,0.864282404058347
235,275,306,9.985,-0.0900746988014401
235,275,306,9.9925,-0.77676133052109
235,275,306,10,-1.94705821581248
235,275,306,10.0075,-3.03939627388701
235,275,306,10.015,2.48743830548664
235,275,306,10.0225,1.33602896166834
235,275,306,10.03,0.206324267219076
235,275,306,10.0375,-0.520833602977586
235,275,306,10.045,-1.77005561284767
235,275,306,10.0525,-2.58810909463913
235,275,306,10.06,2.62942262172935
235,275,306,10.0675,1.72116232394917
235,275,306,10.075,0.764478992197555
235,275,306,10.0825,-0.2640172920956
235,275,306,10.09,-1.20694454660665
235,275,306,10.0975,-2.0763814253376
235,275,306,10.105,-2.85193674401575
235,275,306,10.1125,2.5383896429551
235,275,306,10.12,1.6572380232747
235,275,306,10.1275,0.646565759598783
235,275,306,10.135,-0.0347338738782032
235,275,306,10.1425,-0.970998135760735
235,275,306,10.15,-2.01061810204718
235,275,306,10.1575,-3.08492556797993
235,275,306,10.165,2.35319620286314
235,275,306,10.1725,1.2538296000884
235,275,306,10.18,0.363853756024161
235,275,306,10.1875,-0.985438221138048
235,275,306,10.195,-1.78479975571089
235,275,306,10.2025,-2.5770044116092
235,275,306,10.21,-2.97019135130388
235,275,306,10.2175,2.34871522113353
235,275,306,10.225,1.74079784524671
235,275,306,10.2325,1.34747980243527
235,275,306,10.24,0.49197499956303
235,275,306,10.2475,-0.619699605109422
235,275,306,10.255,-1.53277962300817
235,275,306,10.2625,-2.43219213960848
235,275,306,10.27,2.84182577436906
235,275,306,10.2775,1.94007355452854
235,275,306,10.285,1.05750185241729
235,275,306,10.2925,-0.0601337714203637
235,275,306,10.3,-0.931722407897295
235,275,306,10.3075,-1.72822045941198
235,275,306,10.315,-2.9911121360901
235,275,306,10.3225,2.551168857922
235,275,306,10.33,1.56367574045716
235,275,306,10.3375,0.624246676887819
235,275,306,10.345,0.0297090110242626
235,275,306,10.3525,-1.15721509747867
235,275,306,10.36,-1.89580793021824
235,275,306,10.3675,-3.0534252338576
235,275,306,10.375,2.13964661502941
235,275,306,10.3825,1.35216660896473
235,275,306,10.39,0.290214186823694
235,275,306,10.3975,-0.701316782585354
235,275,306,10.405,-1.60044559688247
235,275,306,10.4125,-2.567595494934
235,275,306,10.42,2.76171414274234
235,275,306,10.4275,2.17698024868406
235,275,306,10.435,0.979728602620937
235,275,306,10.4425,0.251943677319064
235,275,306,10.45,0.533960806865437
235,275,306,10.4575,-1.23897782068906
235,275,306,10.465,-1.25830199234092
235,275,306,10.4725,-2.71359294614567
235,275,306,10.48,-3.12388388024298
235,275,306,10.4875,1.98422940995839
235,275,306,10.495,1.52795197906068
235,275,306,10.5025,0.321096784877375
235,275,306,10.51,-0.686546022444759
235,275,306,10.5175,-1.76808328626277
235,275,306,10.525,-2.83570120430769
235,275,306,10.5325,2.47789021057142
235,275,306,10.54,1.6384998609818
235,275,306,10.5475,0.754506505579017
235,275,306,10.555,-0.318433632637156
235,275,306,10.5625,-1.63364288491886
235,275,306,10.57,-2.44401539142978
235,275,306,10.5775,2.85976073080821
235,275,306,10.585,2.17534635244809
235,275,306,10.5925,1.1045722316045
235,275,306,10.6,0.0367512870614697
235,275,306,10.6075,-0.933018523957118
235,275,306,10.615,-2.04121989167767
235,275,306,10.6225,-2.98585219103034
235,275,306,10.63,2.08933018962602
235,275,306,10.6375,1.13191977947197
235,275,306,10.645,0.152829447003883
235,275,306,10.6525,-1.34451823765234
235,275,306,10.66,-2.59487056492654
235,275,306,10.6675,2.74619294038797
235,275,306,10.675,0.837516838419275
235,275,306,10.6825,0.908842347865585
235,275,306,10.69,-2.99151652641372
235,275,306,10.6975,2.60258464810073
235,275,306,10.705,1.21186612696202
235,275,306,10.7125,0.586349807445915
235,275,306,10.72,-0.145699784232896
235,275,306,10.7275,-1.41802540536488
235,275,306,10.735,-2.37584181138974
235,275,306,10.7425,3.05429883397524
235,275,306,10.75,1.63941689505277
235,275,306,10.7575,0.996800270380764
235,275,306,10.765,-0.0665562015378564
235,275,306,10.7725,-1.13439511992582
235,275,306,10.78,-2.07995767668054
235,275,306,10.7875,-2.71703794470991
235,275,306,10.795,2.47481334369643
235,275,306,10.8025,1.63555177030988
235,275,306,10.81,0.487543541907058
235,275,306,10.8175,-0.755469593104038
235,275,306,10.825,-1.68564365077474
235,275,306,10.8325,-2.64006946958184
235,275,306,10.84,2.82651517920332
235,275,306,10.8475,1.9381334382961
235,275,306,10.855,0.651766958376222
235,275,306,10.8625,-0.129192108102381
235,275,306,10.87,-1.11096869003165
235,275,306,10.8775,-2.02058641099102
235,275,306,10.885,3.03592585421903
235,275,306,10.8925,1.96653405700055
235,275,306,10.9,1.26504096875477
235,275,306,10.9075,0.343926909579115
235,275,306,10.915,-0.406421050443932
235,275,306,10.9225,-1.87429891467403
235,275,306,10.93,-1.95085110496053
235,275,306,10.9375,2.48528377498895
235,275,306,10.945,1.67368243002386
235,275,306,10.9525,0.854178017660498
235,275,306,10.96,0.836096365176294
235,275,306,10.9675,0.779418674203557
235,275,306,10.975,1.16629731901419
235,275,306,10.9825,-1.08126151165997
235,275,306,10.99,-1.39300917509968
235,275,306,10.9975,-2.36527303444628
235,275,306,11.005,2.40090894956752
235,275,306,11.0125,1.68162219447786
235,275,306,11.02,0.921825625819328
235,275,306,11.0275,-0.248698406470658
235,275,306,11.035,-1.06072851792384
235,275,306,11.0425,-2.20842244989286
235,275,306,11.05,-2.99829338922839
235,275,306,11.0575,2.2087885058274
235,275,306,11.065,0.984061659624465
235,275,306,11.0725,0.0429442986275054
235,275,306,11.08,-0.769568624088458
235,275,306,11.0875,-1.93483015915201
235,275,306,11.095,-2.80130561449661
235,275,306,11.1025,2.35091357698557
235,275,306,11.11,1.36096370608461
235,275,306,11.1175,0.431453152681591
235,275,306,11.125,-0.191050599855975
235,275,306,11.1325,-1.42131740198321
235,275,306,11.14,-2.05945789284243
235,275,306,11.1475,3.01879436817481
235,275,306,11.155,2.46041766895227
235,275,306,11.1625,1.30542671194532
235,275,306,11.17,0.742210496859499
235,275,306,11.1775,-0.985885987761582
235,275,306,11.185,-1.74660359178495
235,275,306,11.1925,-1.66330453834832
235,275,306,11.2,2.86473734437016
235,275,306,11.2075,2.1750218663245
235,275,306,11.215,2.14514821436022
235,275,306,11.2225,1.34679053813524
235,275,306,11.23,0.865084822047665
235,275,306,11.2375,-0.197957317631993
235,275,306,11.245,-0.948287746948777
235,275,306,11.2525,-1.99817831737138
235,275,306,11.26,-3.04816623926777
235,275,306,11.2675,2.25954481932721
235,275,306,11.275,1.42901992115136
235,275,306,11.2825,0.148370822339838
235,275,306,11.29,-0.794512198703114
235,275,306,11.2975,-1.96655500586367
235,275,306,11.305,-3.0491291685944
235,275,306,11.3125,2.43213965717538
235,275,306,11.32,1.25179870067132
235,275,306,11.3275,0.462541065174116
235,275,306,11.335,-0.796164370203781
235,275,306,11.3425,-1.78678482660881
235,275,306,11.35,-2.83777997935552
235,275,306,11.3575,2.45746958832325
235,275,306,11.365,1.31822200503996
235,275,306,11.3725,0.52325622974105
235,275,306,11.38,-0.182096648735937
235,275,306,11.3875,0.970419203339171
235,275,306,11.395,-1.94738122506722
235,275,306,11.4025,-2.40027786115061
235,275,306,11.41,-2.91276020938472
235,275,306,11.4175,3.06580344017084
235,275,306,11.425,2.03997703606234
235,275,306,11.4325,0.926595617881046
235,275,306,11.44,0.195168580923834
235,275,306,11.4475,-0.234762128191004
235,275,306,11.455,-0.726764211123991
235,275,306,11.4625,-1.31093472391462
235,275,306,11.47,-2.59043601016449
235,275,306,11.4775,2.29472693691419
235,275,306,11.485,1.47075418070134
235,275,306,11.4925,0.645836196859338
235,275,306,11.5,-0.580493351198106
235,275,306,11.5075,-1.46152368432671
235,275,306,11.515,-2.45888099281753
235,275,306,11.5225,2.74836549564505
235,275,306,11.53,1.73420221184456
235,275,306,11.5375,0.557024806869578
235,275,306,11.545,-0.522492795294314
235,275,306,11.5525,-1.49640038349592
235,275,306,11.56,-2.54841252672953
235,275,306,11.5675,3.08415101904198
235,275,306,11.575,2.18697080805737
235,275,306,11.5825,1.11464876107321
235,275,306,11.59,0.411015094239821
235,275,306,11.5975,-0.857289838078729
235,275,306,11.605,-1.46650568377599
235,275,306,11.6125,-2.5870142317412
235,275,306,11.62,2.75302594949772
235,275,306,11.6275,1.58195684586396
235,275,306,11.635,0.963969165366081
235,275,306,11.6425,-0.00632317410619304
235,275,306,11.65,-1.31366556563889
235,275,306,11.6575,-1.69211253879009
235,275,306,11.665,-2.65471455099434
235,275,306,11.6725,2.53647014470868
235,275,306,11.68,1.08118276086624
235,275,306,11.6875,0.792285169124032
235,275,306,11.695,-0.524562598007162
235,275,306,11.7025,-1.7400442157205
235,275,306,11.71,1.66986256942387
235,275,306,11.7175,-1.34576265358482
235,275,306,11.725,-2.26867897059085
235,275,306,11.7325,-3.04977740482394
235,275,306,11.74,2.16520200865891
235,275,306,11.7475,0.892496194122785
235,275,306,11.755,0.247319358150779
235,275,306,11.7625,-1.05076500884931
235,275,306,11.77,-1.52523800670838
235,275,306,11.7775,-2.67431848443554
235,275,306,11.785,2.69113583357121
235,275,306,11.7925,1.39626614915839
235,275,306,11.8,0.564602922383016
235,275,306,11.8075,-0.622199335317046
235,275,306,11.815,-1.52571539671059
235,275,306,11.8225,-2.63065481648712
235,275,306,11.83,2.78658832259177
235,275,306,11.8375,1.51350016253705
235,275,306,11.845,0.735995053927166
235,275,306,11.8525,-0.232632242363711
235,275,306,11.86,-1.3723369446736
235,275,306,11.8675,-2.20062647123363
235,275,306,11.875,-3.04785507329947
235,275,306,11.8825,2.19154242892626
235,275,306,11.89,1.28730030866081
235,275,306,11.8975,0.648827788803088
235,275,306,11.905,-0.860254327767593
235,275,306,11.9125,-2.05102333840394
235,275,306,11.92,-1.88078607221412
235,275,306,11.9275,-2.29794192335992
235,275,306,11.935,2.90024370067865
235,275,306,11.9425,1.84675247289552
235,275,306,11.95,0.989506459339276
235,275,306,11.9575,0.545680246539268
235,275,306,11.965,-0.413369051190268
235,275,306,11.9725,-0.792082665693248
235,275,306,11.98,-2.16866869713186
235,275,306,11.9875,2.92608496149938
235,275,306,11.995,2.36960734714496
235,275,306,12.0025,1.47126887557211
235,275,306,12.01,-0.169990044830516
235,275,306,12.0175,-0.740874658746153
235,275,306,12.025,-1.70713001643417
235,275,306,12.0325,-2.88358128104741
235,275,306,12.04,2.89438914208377
235,275,306,12.0475,1.99305254349977
235,275,306,12.055,1.01096485239392
235,275,306,12.0625,0.0457180713156786
235,275,306,12.07,-0.796440198383439
235,275,306,12.0775,-2.04846787135502
235,275,306,12.085,3.09282260880677
235,275,306,12.0925,2.20845916387579
235,275,306,12.1,0.84841455877542
235,275,306,12.1075,-0.0950761018075674
235,275,306,12.115,-1.04784519181676
235,275,306,12.1225,-2.0295041869814
235,275,306,12.13,-2.72546402162601
235,275,306,12.1375,2.83664544277994
235,275,306,12.145,-0.246532946682218
235,275,306,12.1525,2.66839587339452
235,275,306,12.16,0.594088850610383
235,275,306,12.1675,2.79672870975532
235,275,306,12.175,-0.39133808608686
235,275,306,12.1825,-1.0132732131909
235,275,306,12.19,-1.89523860527566
235,275,306,12.1975,-2.30708994251902
235,275,306,12.205,2.80098725047512
235,275,306,12.2125,1.17425765654525
235,275,306,12.22,0.507680939208439
235,275,306,12.2275,-0.278873156097226
235,275,306,12.235,-1.33492091766517
235,275,306,12.2425,-2.44020849936925
235,275,306,12.25,2.9361956803364
235,275,306,12.2575,1.93311279492131
235,275,306,12.265,0.926507565180814
235,275,306,12.2725,-0.119141426323063
235,275,306,12.28,-1.05415463703177
235,275,306,12.2875,-1.80625634816282
235,275,306,12.295,-3.13445148763686
235,275,306,12.3025,2.50428377559836
235,275,306,12.31,1.67748579049454
235,275,306,12.3175,0.538411575672489
235,275,306,12.325,-0.476685049853518
235,275,306,12.3325,-1.57190140191186
235,275,306,12.34,-2.69517390992501
235,275,306,12.3475,2.68175971320512
235,275,306,12.355,1.34658896950639
235,275,306,12.3625,0.375036470210919
235,275,306,12.37,-0.575423436454107
235,275,306,12.3775,-1.5996338687335
235,275,306,12.385,-2.9421891846788
235,275,306,12.3925,2.29701288332995
235,275,306,12.4,2.7216559192022
235,275,306,12.4075,-0.508243955215114
235,275,306,12.415,-2.37866411345998
235,275,306,12.4225,1.52677828676555
235,275,306,12.43,0.326339763172145
235,275,306,12.4375,-0.825787904201526
235,275,306,12.445,-1.71592440196199
235,275,306,12.4525,-2.3522531337475
235,275,306,12.46,2.26330167429762
235,275,306,12.4675,2.14822809676222
235,275,306,12.475,0.819662649128844
235,275,306,12.4825,-0.0867325814101823
235,275,306,12.49,-0.982322214225134
235,275,306,12.4975,-1.9554456017116
235,275,306,12.505,-2.69415049786753
235,275,306,12.5125,2.91397465823007
235,275,306,12.52,1.68501691751957
235,275,306,12.5275,1.2340419616991
235,275,306,12.535,-0.373113564772742
235,275,306,12.5425,-1.23559285505653
235,275,306,12.55,-2.13958619253852
235,275,306,12.5575,-2.97029687247615
235,275,306,12.565,2.21406035035122
235,275,306,12.5725,1.29268364355933
235,275,306,12.58,0.154294867477182
235,275,306,12.5875,-0.581262131666748
235,275,306,12.595,-1.99482010131314
235,275,306,12.6025,-2.96714134360286
235,275,306,12.61,2.23033462090028
235,275,306,12.6175,1.49047560940956
235,275,306,12.625,0.427028447724319
235,275,306,12.6325,-0.0227669221059967
235,275,306,12.64,-1.01968138687761
235,275,306,12.6475,-1.72103752352559
235,275,306,12.655,-2.69986401334372
235,275,306,12.6625,2.27732011971966
235,275,306,12.67,0.932314571454526
235,275,306,12.6775,0.728837785735549
235,275,306,12.685,-2.32023806938517
235,275,306,12.6925,-1.4937494839942
235,275,306,12.7,-2.62128045544874
235,275,306,12.7075,-2.69738215681267
235,275,306,12.715,-3.06300102380777
235,275,306,12.7225,2.47481683850085
235,275,306,12.73,1.93835502435368
235,275,306,12.7375,1.14948747699708
235,275,306,12.745,-0.00213711217618342
235,275,306,12.7525,-1.0809314714647
235,275,306,12.76,-2.20798250642374
235,275,306,12.7675,3.14050343091646
235,275,306,12.775,2.37222061502529
235,275,306,12.7825,1.02784640322488
235,275,306,12.79,-0.153600882642693
235,275,306,12.7975,-0.855159074736509
235,275,306,12.805,-1.89645223708995
235,275,306,12.8125,-2.84122940458252
235,275,306,12.82,2.49922442719565
235,275,306,12.8275,0.96180658438714
235,275,306,12.835,-0.150174355312767
235,275,306,12.8425,-0.659741560109558
235,275,306,12.85,-1.80083722585608
235,275,306,12.8575,-2.58942374328477
235,275,306,12.865,2.2345764988562
235,275,306,12.8725,1.17118791396395
235,275,306,12.88,-0.201731133017028
235,275,306,12.8875,-1.94808339728254
235,275,306,12.895,1.93123305982323
235,275,306,12.9025,-1.17545060274937
235,275,306,12.91,-2.20210355041347
235,275,306,12.9175,-0.652114189121542
235,275,306,12.925,2.94463715658378
235,275,306,12.9325,2.93274542074146
235,275,306,12.94,2.78963728464066
235,275,306,12.9475,0.650714141132688
235,275,306,12.955,-0.671189481889614
235,275,306,12.9625,-1.21248331449886
235,275,306,12.97,-2.04329319899062
235,275,306,12.9775,-2.89628278334244
235,275,306,12.985,1.79868471473589
235,275,306,12.9925,1.33159457426552
235,275,306,13,-0.037961101414999
235,275,306,13.0075,-1.49692278540772
235,275,306,13.015,-1.99550508483862
235,275,306,13.0225,-2.31252097840187
235,275,306,13.03,2.63241921598438
235,275,306,13.0375,1.94908496324055
235,275,306,13.045,0.831877309080606
235,275,306,13.0525,-0.14895613023781
235,275,306,13.06,-1.44036372944716
235,275,306,13.0675,-2.58376747261241
235,275,306,13.075,2.88755308129265
235,275,306,13.0825,1.7377060719125
235,275,306,13.09,0.85442724671498
235,275,306,13.0975,-0.381233445464536
235,275,306,13.105,-1.43165310013047
235,275,306,13.1125,-2.58428849268015
235,275,306,13.12,2.84903552112007
235,275,306,13.1275,2.14864274220101
235,275,306,13.135,1.3147296496787
235,275,306,13.1425,-0.89949498863426
235,275,306,13.15,1.72766198634782
235,275,306,13.1575,1.49186248973471
235,275,306,13.165,-0.261925767630055
235,275,306,13.1725,-1.2343591756528
235,275,306,13.18,-1.92082445758794
235,275,306,13.1875,-2.30416444578639
235,275,306,13.195,2.99582192627583
235,275,306,13.2025,1.52281834051814
235,275,306,13.21,0.982500151875051
235,275,306,13.2175,-0.336802586323498
235,275,306,13.225,-1.37686358367193
235,275,306,13.2325,-2.87554687227672
235,275,306,13.24,2.69925829826902
235,275,306,13.2475,1.93891551882847
235,275,306,13.255,1.39506247441572
235,275,306,13.2625,-0.238211060692583
235,275,306,13.27,-0.817207303337923
235,275,306,13.2775,-1.60343165250514
235,275,306,13.285,-2.96601706701245
235,275,306,13.2925,2.78492770211788
235,275,306,13.3,1.61017593785885
235,275,306,13.3075,0.360768976629624
235,275,306,13.315,-0.318114864316306
235,275,306,13.3225,-1.13598126750261
235,275,306,13.33,-2.69351206906639
235,275,306,13.3375,2.59430585485411
235,275,306,13.345,1.59262911832172
235,275,306,13.3525,0.852357940463086
235,275,306,13.36,-0.288655075104326
235,275,306,13.3675,-1.53138448029168
235,275,306,13.375,-1.5726127706168
235,275,306,13.3825,-2.44193504506779
235,275,306,13.39,-2.77686859586103
235,275,306,13.3975,1.97973986680131
235,275,306,13.405,1.44199603092302
235,275,306,13.4125,1.77350966975821
235,275,306,13.42,0.0369542752720677
235,275,306,13.4275,-0.892652542500721
235,275,306,13.435,-1.80255209972095
235,275,306,13.4425,3.11580173518484
235,275,306,13.45,2.64323039182223
235,275,306,13.4575,1.38062027511367
235,275,306,13.465,0.583638286620204
235,275,306,13.4725,0.00673298305644592
235,275,306,13.48,-0.764867100256436
235,275,306,13.4875,-2.26789061492886
235,275,306,13.495,2.9750266954529
235,275,306,13.5025,2.09734436034867
235,275,306,13.51,1.35894563974739
235,275,306,13.5175,0.427214502844514
235,275,306,13.525,-0.285761894609797
235,275,306,13.5325,-1.24062106797437
235,275,306,13.54,-2.43099707074272
235,275,306,13.5475,2.8892384779837
235,275,306,13.555,1.94804323817126
235,275,306,13.5625,0.906694145444349
235,275,306,13.57,0.178358017048989
235,275,306,13.5775,-1.14816459530162
235,275,306,13.585,-2.1840596234644
235,275,306,13.5925,3.13213445208707
235,275,306,13.6,2.27218330294748
235,275,306,13.6075,1.34047878193838
235,275,306,13.615,0.175013081474047
235,275,306,13.6225,-0.546738398741175
235,275,306,13.63,0.511340508140387
235,275,306,13.6375,-0.831130549500277
235,275,306,13.645,-1.51700363457249
235,275,306,13.6525,-2.66118247416581
235,275,306,13.66,3.12073024409438
235,275,306,13.6675,1.76928342721814
235,275,306,13.675,1.01380533932356
235,275,306,13.6825,0.194855364393658
235,275,306,13.69,-0.815118106324945
235,275,306,13.6975,-2.2980993270046
235,275,306,13.705,2.98114911246694
235,275,306,13.7125,2.58246944320874
235,275,306,13.72,1.62579647589386
235,275,306,13.7275,0.34573524542008
235,275,306,13.735,-0.639358497024505
235,275,306,13.7425,-1.51479097336084
235,275,306,13.75,-2.98128501999193
235,275,306,13.7575,2.90170478909237
235,275,306,13.765,1.99057687561534
235,275,306,13.7725,1.06977630162258
235,275,306,13.78,0.629050190460269
235,275,306,13.7875,-0.637573264808993
235,275,306,13.795,-1.64367522382037
235,275,306,13.8025,-2.80239384339976
235,275,306,13.81,2.71092820735837
235,275,306,13.8175,2.18716836759988
235,275,306,13.825,0.724346980368044
235,275,306,13.8325,0.000649514905866194
235,275,306,13.84,-1.50504900153543
235,275,306,13.8475,-2.43468280061989
235,275,306,13.855,2.42813744049273
235,275,306,13.8625,1.87099849941493
235,275,306,13.87,1.08286952597785
235,275,306,13.8775,0.15882246778203
235,275,306,13.885,-0.987185373365024
235,275,306,13.8925,-0.513853085096698
235,275,306,13.9,-0.366586143831456
235,275,306,13.9075,-2.03360296309905
235,275,306,13.915,-2.19237329654372
235,275,306,13.9225,2.75498072773297
235,275,306,13.93,1.19887170635219
235,275,306,13.9375,0.820293242186096
235,275,306,13.945,-0.294406019410475
235,275,306,13.9525,-2.43130796348617
235,275,306,13.96,-2.06175134521885
235,275,306,13.9675,3.05581236647763
235,275,306,13.975,2.57796563659258
235,275,306,13.9825,1.4220853545551
235,275,306,13.99,0.601397684265431
235,275,306,13.9975,-0.367275473748891
235,275,306,14.005,-1.53431185318774
235,275,306,14.0125,-2.21036782861744
235,275,306,14.02,2.74976454277966
235,275,306,14.0275,1.81335785251938
235,275,306,14.035,0.961947241065847
235,275,306,14.0425,-0.241169972427773
235,275,306,14.05,-0.990838249121978
235,275,306,14.0575,-2.05524957703785
235,275,306,14.065,2.99009414709716
235,275,306,14.0725,2.02819805162106
235,275,306,14.08,1.11719700549294
235,275,306,14.0875,-0.148640271936347
235,275,306,14.095,-0.949153631309923
235,275,306,14.1025,-2.26054609997792
235,275,306,14.11,-2.6315067416442
235,275,306,14.1175,1.2420787736733
235,275,306,14.125,1.87341430159731
235,275,306,14.1325,0.561585098817424
235,275,306,14.14,1.31378508062007
235,275,306,14.1475,0.482513244966417
235,275,306,14.155,-0.025494556747753
235,275,306,14.1625,-2.90297911652089
235,275,306,14.17,-3.09735664055212
235,275,306,14.1775,2.46359611351393
235,275,306,14.185,2.08704315363336
235,275,306,14.1925,0.663967561673566
235,275,306,14.2,-0.302843491071753
235,275,306,14.2075,-0.806536091601785
235,275,306,14.215,-1.83827313752951
235,275,306,14.2225,-2.74986088903509
235,275,306,14.23,2.38300077231904
235,275,306,14.2375,1.27106691116179
235,275,306,14.245,1.12027739641868
235,275,306,14.2525,-0.170096452536374
235,275,306,14.26,-1.20590107149726
235,275,306,14.2675,-2.49798214804699
235,275,306,14.275,2.65041389999012
235,275,306,14.2825,1.87600518963395
235,275,306,14.29,0.283698709252076
235,275,306,14.2975,0.0214110792526449
235,275,306,14.305,-1.24432429103529
235,275,306,14.3125,-1.93614558468494
235,275,306,14.32,-2.46935700812776
235,275,306,14.3275,2.09058437503315
235,275,306,14.335,0.969232433117522
235,275,306,14.3425,-0.249277942029868
235,275,306,14.35,-1.39270861154265
235,275,306,14.3575,-2.30737846166914
235,275,306,14.365,-2.49104939637306
235,275,306,14.3725,-2.89698714302011
235,275,306,14.38,0.970742626317544
235,275,306,14.3875,-2.23814819747127
235,275,306,14.395,-2.10837001475789
235,275,306,14.4025,1.82254366691125
235,275,306,14.41,-0.576275783526563
235,275,306,14.4175,-1.72474817087468
235,275,306,14.425,-2.54052783676451
235,275,306,14.4325,3.06268709002293
235,275,306,14.44,2.63854052134226
235,275,306,14.4475,0.973466570989812
235,275,306,14.455,0.200800368369189
235,275,306,14.4625,-0.375774302939729
235,275,306,14.47,-1.47937804052627
235,275,306,14.4775,-2.90705629098869
235,275,306,14.485,2.80183307539305
235,275,306,14.4925,1.74397675709929
235,275,306,14.5,1.02715877994627
235,275,306,14.5075,-0.0656505483506929
235,275,306,14.515,-1.10608645795942
235,275,306,14.5225,-2.05061495350789
235,275,306,14.53,-3.04303764192282
235,275,306,14.5375,2.18800347477834
235,275,306,14.545,1.10623497156706
235,275,306,14.5525,-0.204022881641454
235,275,306,14.56,-0.379801220430886
235,275,306,14.5675,-1.59669927414488
235,275,306,14.575,-2.25866248181311
235,275,306,14.5825,2.87744824595963
235,275,306,14.59,1.6229116194856
235,275,306,14.5975,1.02342803629673
235,275,306,14.605,-0.288769673682212
235,275,306,14.6125,-1.11073106625106
235,275,306,14.62,-2.66267374730744
235,275,306,14.6275,2.95386634645012
235,275,306,14.635,2.85927265954551
235,275,306,14.6425,3.12679225838076
235,275,306,14.65,0.56888634253454
235,275,306,14.6575,-0.339385256422738
235,275,306,14.665,-0.11827799638316
235,275,306,14.6725,1.11390828865196
235,275,306,14.68,-1.13484224910352
235,275,306,14.6875,-1.22960784590752
235,275,306,14.695,-2.26790185462984
235,275,306,14.7025,2.60317540511337
235,275,306,14.71,1.62788042831594
235,275,306,14.7175,0.58541240370629
235,275,306,14.725,-1.10476164636658
235,275,306,14.7325,-1.47233961331557
235,275,306,14.74,-2.49834199658374
235,275,306,14.7475,3.00812620597815
235,275,306,14.755,2.05698804234416
235,275,306,14.7625,0.659678161654862
235,275,306,14.77,-0.451239364736149
235,275,306,14.7775,-1.41726992372138
235,275,306,14.785,-2.44385250523464
235,275,306,14.7925,2.82556463750659
235,275,306,14.8,2.08636366121741
235,275,306,14.8075,0.971988727493111
235,275,306,14.815,0.19592941028782
235,275,306,14.8225,-0.983388449449903
235,275,306,14.83,-1.52754404042306
235,275,306,14.8375,-3.07626650576523
235,275,306,14.845,1.84099723483612
235,275,306,14.8525,0.99632006613127
235,275,306,14.86,0.334743294555372
235,275,306,14.8675,-1.63872420599814
235,275,306,14.875,3.08183947536861
235,275,306,14.8825,-2.29900790072169
235,275,306,14.89,1.09277234143477
235,275,306,14.8975,3.06789379291348
235,275,306,14.905,-1.43863129425236
235,275,306,14.9125,-3.06981585647208
235,275,306,14.92,1.42801083642266
235,275,306,14.9275,-0.744407565247526
235,275,306,14.935,-0.216934980394614
235,275,306,14.9425,-1.66429022176122
235,275,306,14.95,-2.65013043950063
235,275,306,14.9575,3.09005125907441
235,275,306,14.965,1.60218443935412
235,275,306,14.9725,0.50000682105513
235,275,306,14.98,-0.248904771785582
235,275,306,14.9875,-1.09466248130205
235,275,306,14.995,-2.21711584367742
235,275,306,15.0025,-3.13768141771687
235,275,306,15.01,1.24356130906494
235,275,306,15.0175,1.16815742937312
235,275,306,15.025,0.0924333754897761
235,275,306,15.0325,-0.852806642935064
235,275,306,15.04,-1.63265524225788
235,275,306,15.0475,-2.51268736180265
235,275,306,15.055,-2.2791228623997
235,275,306,15.0625,1.17544374946136
235,275,306,15.07,-0.144005870067565
235,275,306,15.0775,-0.335330281455844
235,275,306,15.085,-1.94014368317382
235,275,306,15.0925,-2.66707459460798
235,275,306,15.1,2.88520109130475
235,275,306,15.1075,1.72601505357936
235,275,306,15.115,1.83567268639307
235,275,306,15.1225,-0.429542268645809
235,275,306,15.13,-1.10871547890452
235,275,306,15.1375,1.20618703009099
235,275,306,15.145,1.99297108873752
235,275,306,15.1525,-0.398789700082608
235,275,306,15.16,-1.54172534547837
235,275,306,15.1675,-2.96246465807085
235,275,306,15.175,2.04616604837641
235,275,306,15.1825,1.52428223412882
235,275,306,15.19,0.260906187668466
235,275,306,15.1975,-0.665891242388039
235,275,306,15.205,-2.21029366271123
235,275,306,15.2125,-2.67933270857071
235,275,306,15.22,2.35977084884733
235,275,306,15.2275,1.48348243118022
235,275,306,15.235,0.58867282125298
235,275,306,15.2425,-0.660236650457505
235,275,306,15.25,-1.86808046837106
235,275,306,15.2575,-2.64158213248614
235,275,306,15.265,2.9900038084735
235,275,306,15.2725,1.28646519206729
235,275,306,15.28,1.19193747734971
235,275,306,15.2875,-0.402986108797284
235,275,306,15.295,-1.39351502398764
235,275,306,15.3025,-1.55109679495946
235,275,306,15.31,-2.47216385279231
235,275,306,15.3175,-2.9990655386556
235,275,306,15.325,1.98422625338232
235,275,306,15.3325,1.27098501779904
235,275,306,15.34,-0.131948022555099
235,275,306,15.3475,-2.47051365649706
235,275,306,15.355,-2.5161656070981
235,275,306,15.3625,2.58068223009275
235,275,306,15.37,-2.51556269847274
235,275,306,15.3775,0.0924925869370376
235,275,306,15.385,-0.159856810941599
235,275,306,15.3925,-0.221255671028591
235,275,306,15.4,-0.757691211800617
235,275,306,15.4075,2.83109873892329
235,275,306,15.415,-1.93199100443714
235,275,306,15.4225,2.65685690760287
235,275,306,15.43,2.8396884212481
235,275,306,15.4375,2.64497953238333
235,275,306,15.445,2.68945472466806
235,275,306,15.4525,0.19412550084731
235,275,306,15.46,-2.05039484632977
235,275,306,15.4675,-1.8353126601319
235,275,306,15.475,-3.13779182395506
235,275,306,15.4825,1.84504528545173
235,275,306,15.49,0.642678650472886
235,275,306,15.4975,-0.30250588922973
235,275,306,15.505,-0.722634900817838
235,275,306,15.5125,-1.54500353632833
235,275,306,15.52,-3.07515637979616
235,275,306,15.5275,2.16089666132302
235,275,306,15.535,1.57887946396867
235,275,306,15.5425,0.677087179846402
235,275,306,15.55,-1.28085056827229
235,275,306,15.5575,-0.33239544139016
235,275,306,15.565,-1.94360091744788
235,275,306,15.5725,2.78114727380942
235,275,306,15.58,-3.12344404321317
235,275,306,15.5875,2.12774323275221
235,275,306,15.595,0.709202160693784
235,275,306,15.6025,-0.86181647127093
235,275,306,15.61,-1.64427693483457
235,275,306,15.6175,1.51059701084372
235,275,306,15.625,2.11116993278156
235,275,306,15.6325,0.263334927801533
235,275,306,15.64,2.85468381499024
235,275,306,15.6475,1.57955498901033
235,275,306,15.655,1.69915032964269
235,275,306,15.6625,-1.13109903196209
235,275,306,15.67,-2.16358674124576
235,275,306,15.6775,-3.00978616303681
235,275,306,15.685,-1.99165711648349
235,275,306,15.6925,3.07112139705034
235,275,306,15.7,1.07770401350883
235,275,306,15.7075,0.275413393984491
235,275,306,15.715,-0.576809913832885
235,275,306,15.7225,-2.08825327079633
235,275,306,15.73,2.69472567814187
235,275,306,15.7375,2.33521019001958
235,275,306,15.745,0.438358907435678
235,275,306,15.7525,0.490836989138483
235,275,306,15.76,-1.70882075889601
235,275,306,15.7675,-1.08281302447988
235,275,306,15.775,-1.84696770448739
235,275,306,15.7825,-2.27533564728341
235,275,306,15.79,-2.54745193086433
235,275,306,15.7975,1.42351885077523
235,275,306,15.805,1.41570932409942
235,275,306,15.8125,-0.219709929776848
235,275,306,15.82,-1.64795883766226
235,275,306,15.8275,2.55203526975689
235,275,306,15.835,0.801426634089542
235,275,306,15.8425,-0.130913947953385
235,275,306,15.85,1.14558219762464
235,275,306,15.8575,-3.01797968024494
235,275,306,15.865,0.221953693902412
235,275,306,15.8725,-2.67393382465082
235,275,306,15.88,1.49573081391406
235,275,306,15.8875,1.83122904868353
235,275,306,15.895,-0.114159060876568
235,275,306,15.9025,-0.92859473538186
235,275,306,15.91,1.74176498912315
235,275,306,15.9175,0.894339057611271
235,275,306,15.925,1.06313240410048
235,275,306,15.9325,-0.848903919590571
235,275,306,15.94,-2.5396379360527
235,275,306,15.9475,2.5922776415354
235,275,306,15.955,1.84924904036441
235,275,306,15.9625,0.512768333791496
235,275,306,15.97,-0.783930172864739
235,275,306,15.9775,-0.820080966203627
235,275,306,15.985,-2.41487773077012
235,275,306,15.9925,-2.79690128262057
235,275,306,16,3.09125992478529
235,275,305,4,-1.47333383118693
235,275,305,4.0075,-2.4023098956605
235,275,305,4.015,2.93138032562663
235,275,305,4.0225,1.96006589324929
235,275,305,4.03,1.34892792548165
235,275,305,4.0375,0.334578835627813
235,275,305,4.045,-0.221091288540765
235,275,305,4.0525,-0.907387859238048
235,275,305,4.06,-1.71761616490726
235,275,305,4.0675,-2.53469534366261
235,275,305,4.075,2.74724330334502
235,275,305,4.0825,1.68827747338907
235,275,305,4.09,0.884780125916856
235,275,305,4.0975,-0.290379172784589
235,275,305,4.105,-1.14217610362316
235,275,305,4.1125,-2.13042700796777
235,275,305,4.12,3.04099357150617
235,275,305,4.1275,2.19309764902716
235,275,305,4.135,1.36743001825128
235,275,305,4.1425,0.25473448810345
235,275,305,4.15,-0.550593126280467
235,275,305,4.1575,-1.53178162748316
235,275,305,4.165,-2.59789008365582
235,275,305,4.1725,2.78521616390621
235,275,305,4.18,1.79545811597591
235,275,305,4.1875,0.760459158321845
235,275,305,4.195,0.0715022026229042
235,275,305,4.2025,-0.620391985897806
235,275,305,4.21,-1.78917111274109
235,275,305,4.2175,-2.59974393590358
235,275,305,4.225,-3.12188013516292
235,275,305,4.2325,2.38026646280285
235,275,305,4.24,1.51093385166987
235,275,305,4.2475,0.543868617587711
235,275,305,4.255,-0.386619588773858
235,275,305,4.2625,-1.21876029115194
235,275,305,4.27,-2.16066386614555
235,275,305,4.2775,3.13061475059649
235,275,305,4.285,2.19139196336326
235,275,305,4.2925,1.27976390790491
235,275,305,4.3,0.422305095069254
235,275,305,4.3075,-0.434585370542626
235,275,305,4.315,-1.42594950259454
235,275,305,4.3225,-2.37068758837915
235,275,305,4.33,2.9421487737839
235,275,305,4.3375,1.87101729848404
235,275,305,4.345,0.84810173041617
235,275,305,4.3525,-0.261241317000095
235,275,305,4.36,-1.17786993446969
235,275,305,4.3675,-2.26266272890698
235,275,305,4.375,3.00872078791056
235,275,305,4.3825,1.93261639477431
235,275,305,4.39,0.819313273739355
235,275,305,4.3975,-0.0620197462414097
235,275,305,4.405,-1.15276643960593
235,275,305,4.4125,-2.05105953764563
235,275,305,4.42,3.05184865777692
235,275,305,4.4275,1.76376304353447
235,275,305,4.435,0.700019627653831
235,275,305,4.4425,-0.991329943697384
235,275,305,4.45,-2.1505354033211
235,275,305,4.4575,1.97679693233426
235,275,305,4.465,0.224553297432771
235,275,305,4.4725,-0.666586828051802
235,275,305,4.48,-1.6068220900036
235,275,305,4.4875,-2.77101378023641
235,275,305,4.495,2.7341586119327
235,275,305,4.5025,1.59595540373614
235,275,305,4.51,0.746558441776545
235,275,305,4.5175,-0.270518635033204
235,275,305,4.525,-1.38819393241093
235,275,305,4.5325,-2.38260914340727
235,275,305,4.54,3.1112165400392
235,275,305,4.5475,2.22079952576762
235,275,305,4.555,1.21150041961969
235,275,305,4.5625,0.335134157999295
235,275,305,4.57,-0.637931731414198
235,275,305,4.5775,-1.61493742170637
235,275,305,4.585,-2.61375388682009
235,275,305,4.5925,2.67262913564238
235,275,305,4.6,1.66637396770085
235,275,305,4.6075,0.66629278657375
235,275,305,4.615,-0.315602265010857
235,275,305,4.6225,-1.38645872959639
235,275,305,4.63,-2.15891003734567
235,275,305,4.6375,-2.94745944566843
235,275,305,4.645,1.9812406665419
235,275,305,4.6525,1.24037329775706
235,275,305,4.66,0.363414768006358
235,275,305,4.6675,-0.559403999005423
235,275,305,4.675,-1.57274203095801
235,275,305,4.6825,-2.53746717813621
235,275,305,4.69,2.81694847525306
235,275,305,4.6975,1.81828982884027
235,275,305,4.705,0.938719016524761
235,275,305,4.7125,-0.0904916590426114
235,275,305,4.72,-1.10519608306198
235,275,305,4.7275,-2.09580232276717
235,275,305,4.735,2.47488822750127
235,275,305,4.7425,1.80342519274161
235,275,305,4.75,-0.965774011653957
235,275,305,4.7575,-2.73503815120262
235,275,305,4.765,2.54119093344437
235,275,305,4.7725,1.4224165890255
235,275,305,4.78,0.10665749707055
235,275,305,4.7875,-0.750016779534235
235,275,305,4.795,-1.54660323112893
235,275,305,4.8025,-2.89232364544747
235,275,305,4.81,2.36063873625035
235,275,305,4.8175,1.50765859304578
235,275,305,4.825,0.337964039706223
235,275,305,4.8325,-0.706513777663286
235,275,305,4.84,-1.80923190425014
235,275,305,4.8475,-2.91234895850112
235,275,305,4.855,2.2929723817983
235,275,305,4.8625,1.16296267158779
235,275,305,4.87,0.055264435317091
235,275,305,4.8775,-0.905106702566926
235,275,305,4.885,-1.91177277581063
235,275,305,4.8925,-2.57354595028295
235,275,305,4.9,2.32671179589897
235,275,305,4.9075,1.43185133611424
235,275,305,4.915,0.0318488486217415
235,275,305,4.9225,-0.260160084292963
235,275,305,4.93,-1.00833645716974
235,275,305,4.9375,-2.44487186996147
235,275,305,4.945,-1.06497437764259
235,275,305,4.9525,-2.16065122365171
235,275,305,4.96,2.04012763218632
235,275,305,4.9675,1.05832255067389
235,275,305,4.975,2.18700958836471
235,275,305,4.9825,0.714473633234492
235,275,305,4.99,0.228703572828887
235,275,305,4.9975,-1.00371346836786
235,275,305,5.005,-2.30803423847965
235,275,305,5.0125,-2.88613985036997
235,275,305,5.02,2.36066839383621
235,275,305,5.0275,1.14901318358528
235,275,305,5.035,0.233779704585041
235,275,305,5.0425,-0.761937899992901
235,275,305,5.05,-2.00700889443332
235,275,305,5.0575,-2.97145361366947
235,275,305,5.065,2.08754718507246
235,275,305,5.0725,1.16609602224035
235,275,305,5.08,0.118075805244142
235,275,305,5.0875,-1.05825937586886
235,275,305,5.095,-1.99569377641208
235,275,305,5.1025,-3.0230549056023
235,275,305,5.11,2.20670758635783
235,275,305,5.1175,0.892627364047125
235,275,305,5.125,-0.0134963968358958
235,275,305,5.1325,-1.37893670998527
235,275,305,5.14,-2.40508847889768
235,275,305,5.1475,-2.90906970333242
235,275,305,5.155,1.96893411474775
235,275,305,5.1625,1.1218553961043
235,275,305,5.17,-0.449948360429336
235,275,305,5.1775,0.194714023843529
235,275,305,5.185,-1.93852663453159
235,275,305,5.1925,2.61023326186727
235,275,305,5.2,1.27397670451345
235,275,305,5.2075,0.306967757431392
235,275,305,5.215,-0.726988353591475
235,275,305,5.2225,-1.77825301495286
235,275,305,5.23,-2.89384704570293
235,275,305,5.2375,2.42285982899555
235,275,305,5.245,1.0980212409106
235,275,305,5.2525,0.0105969847516592
235,275,305,5.26,-1.15482174819829
235,275,305,5.2675,-2.14307787720557
235,275,305,5.275,-3.05635784685524
235,275,305,5.2825,2.13089211800831
235,275,305,5.29,0.863352863975496
235,275,305,5.2975,-0.206200090048962
235,275,305,5.305,-1.31832667960292
235,275,305,5.3125,-2.29663402444595
235,275,305,5.32,2.90829476142698
235,275,305,5.3275,2.00968507197434
235,275,305,5.335,1.06289048026138
235,275,305,5.3425,-0.0740378931927274
235,275,305,5.35,-0.71545138560459
235,275,305,5.3575,-1.65431751796796
235,275,305,5.365,-2.51587208902422
235,275,305,5.3725,2.53343699816102
235,275,305,5.38,1.46902788235005
235,275,305,5.3875,1.17203619709969
235,275,305,5.395,0.0467956408894023
235,275,305,5.4025,-1.11416520810958
235,275,305,5.41,-1.9317768576209
235,275,305,5.4175,-2.95124647449007
235,275,305,5.425,2.08630621615785
235,275,305,5.4325,0.389721026311992
235,275,305,5.44,-1.05015644845636
235,275,305,5.4475,-2.99385120612471
235,275,305,5.455,2.44106945287412
235,275,305,5.4625,1.01720400453248
235,275,305,5.47,0.212031389018391
235,275,305,5.4775,-1.31778170442784
235,275,305,5.485,-2.33325399533192
235,275,305,5.4925,2.79658370601765
235,275,305,5.5,1.78226206330926
235,275,305,5.5075,0.514420734858383
235,275,305,5.515,-0.493916786643244
235,275,305,5.5225,-1.49148103706783
235,275,305,5.53,-2.74692329332889
235,275,305,5.5375,2.51395152023536
235,275,305,5.545,1.55906261319973
235,275,305,5.5525,0.931956624460553
235,275,305,5.56,-0.250481790149477
235,275,305,5.5675,-1.28065864802344
235,275,305,5.575,-2.17765031561832
235,275,305,5.5825,3.08417128691239
235,275,305,5.59,2.4401782838494
235,275,305,5.5975,1.29120777130471
235,275,305,5.605,0.160836815884513
235,275,305,5.6125,-0.530059838282942
235,275,305,5.62,-1.62650771669345
235,275,305,5.6275,-2.05764625513813
235,275,305,5.635,2.94837413058467
235,275,305,5.6425,1.93100125646775
235,275,305,5.65,1.27352419478422
235,275,305,5.6575,-0.0797991721631109
235,275,305,5.665,-1.06433375892467
235,275,305,5.6725,-0.851260853198926
235,275,305,5.68,2.55383029829385
235,275,305,5.6875,-1.49368577995141
235,275,305,5.695,-2.21284737344177
235,275,305,5.7025,2.7581784140191
235,275,305,5.71,1.85237138276809
235,275,305,5.7175,0.527169365972834
235,275,305,5.725,-0.402668962815728
235,275,305,5.7325,-1.28877816909706
235,275,305,5.74,-2.41091836400742
235,275,305,5.7475,2.74147722730649
235,275,305,5.755,1.62801073725074
235,275,305,5.7625,0.759107208984139
235,275,305,5.77,-0.51292191886931
235,275,305,5.7775,-1.38398023249258
235,275,305,5.785,-2.45065970973511
235,275,305,5.7925,2.6639582214602
235,275,305,5.8,1.6402575767453
235,275,305,5.8075,0.542695407496262
235,275,305,5.815,-0.269185771817247
235,275,305,5.8225,-1.22832472615035
235,275,305,5.83,-2.34521838520902
235,275,305,5.8375,3.11251959815557
235,275,305,5.845,2.22531620089991
235,275,305,5.8525,1.36776234018525
235,275,305,5.86,0.391951387759089
235,275,305,5.8675,-0.697671658167447
235,275,305,5.875,-2.45465386368955
235,275,305,5.8825,2.64302802739247
235,275,305,5.89,1.44497102887197
235,275,305,5.8975,-0.00350530142920282
235,275,305,5.905,-1.96294278523181
235,275,305,5.9125,-1.99096874429004
235,275,305,5.92,3.05448535243217
235,275,305,5.9275,1.5663885433012
235,275,305,5.935,0.695854251260146
235,275,305,5.9425,-0.71070944276474
235,275,305,5.95,-1.58973077404857
235,275,305,5.9575,-2.81273920330639
235,275,305,5.965,2.46890704861765
235,275,305,5.9725,1.35735861679368
235,275,305,5.98,0.284599995786196
235,275,305,5.9875,-0.937418126520155
235,275,305,5.995,-1.88815205174423
235,275,305,6.0025,-2.98656054929995
235,275,305,6.01,2.25523694925966
235,275,305,6.0175,1.33695411737736
235,275,305,6.025,0.313150310815468
235,275,305,6.0325,-0.857265497924686
235,275,305,6.04,-1.8254262959909
235,275,305,6.0475,-2.89065192923753
235,275,305,6.055,2.58230079886451
235,275,305,6.0625,1.41887425731588
235,275,305,6.07,0.437380552643123
235,275,305,6.0775,-0.423485432158501
235,275,305,6.085,-1.53782881836374
235,275,305,6.0925,-2.00057993361738
235,275,305,6.1,-2.72935319284379
235,275,305,6.1075,2.60200152228823
235,275,305,6.115,1.54317039227625
235,275,305,6.1225,0.097673600957276
235,275,305,6.13,-0.731408693923709
235,275,305,6.1375,-2.45586813728686
235,275,305,6.145,1.76123674396913
235,275,305,6.1525,-0.64201392777446
235,275,305,6.16,-2.35096325233257
235,275,305,6.1675,2.41407120580135
235,275,305,6.175,2.65088632173297
235,275,305,6.1825,1.42287674723385
235,275,305,6.19,1.59502549729863
235,275,305,6.1975,-0.0638308456723766
235,275,305,6.205,-1.23407908735246
235,275,305,6.2125,-2.0815678059417
235,275,305,6.22,3.08063586719028
235,275,305,6.2275,1.6819969621452
235,275,305,6.235,0.875875640397114
235,275,305,6.2425,0.164996457611466
235,275,305,6.25,-0.980374292366875
235,275,305,6.2575,-2.02461245955737
235,275,305,6.265,3.01391452490292
235,275,305,6.2725,2.35095872028186
235,275,305,6.28,1.24163016953327
235,275,305,6.2875,0.388070243316213
235,275,305,6.295,-0.686221189539974
235,275,305,6.3025,-1.57073394064966
235,275,305,6.31,-2.3453908718779
235,275,305,6.3175,2.67152631809291
235,275,305,6.325,1.90981800457963
235,275,305,6.3325,1.28411427638668
235,275,305,6.34,0.307011628173156
235,275,305,6.3475,-0.670328016067938
235,275,305,6.355,-1.46455178545091
235,275,305,6.3625,-2.4900135895936
235,275,305,6.37,2.66267565062087
235,275,305,6.3775,2.00178128711425
235,275,305,6.385,1.0188134712742
235,275,305,6.3925,0.23928504890187
235,275,305,6.4,-0.553702512457126
235,275,305,6.4075,-1.56564029411448
235,275,305,6.415,-2.51128525287938
235,275,305,6.4225,3.05481977413131
235,275,305,6.43,1.98682845438765
235,275,305,6.4375,0.870014190363219
235,275,305,6.445,0.0575256556034193
235,275,305,6.4525,-0.598133202305508
235,275,305,6.46,-1.34516554372535
235,275,305,6.4675,-1.555259322642
235,275,305,6.475,-2.80965208871547
235,275,305,6.4825,2.56480802240503
235,275,305,6.49,1.66688778940513
235,275,305,6.4975,0.624887921754829
235,275,305,6.505,-0.558764692623724
235,275,305,6.5125,-1.58825221743096
235,275,305,6.52,-2.45016987875035
235,275,305,6.5275,2.91961573555751
235,275,305,6.535,1.97259884362004
235,275,305,6.5425,1.11041101384623
235,275,305,6.55,0.200291694162039
235,275,305,6.5575,-0.818130811739793
235,275,305,6.565,-1.85496006777729
235,275,305,6.5725,-2.77401571054914
235,275,305,6.58,2.64188896702426
235,275,305,6.5875,1.56741435119796
235,275,305,6.595,0.587141474636448
235,275,305,6.6025,-0.420242221076937
235,275,305,6.61,-0.348743172908674
235,275,305,6.6175,-1.47336426484456
235,275,305,6.625,-2.59637356494785
235,275,305,6.6325,2.94115419396397
235,275,305,6.64,2.12846827722023
235,275,305,6.6475,0.843182633245308
235,275,305,6.655,0.368456959740168
235,275,305,6.6625,-0.183757885474894
235,275,305,6.67,-1.13977495391566
235,275,305,6.6775,-1.71735437679307
235,275,305,6.685,-3.09048496453117
235,275,305,6.6925,2.31675946271324
235,275,305,6.7,1.77492460035025
235,275,305,6.7075,0.8627775907395
235,275,305,6.715,-0.169230170415413
235,275,305,6.7225,-1.24688091296779
235,275,305,6.73,-2.32679438223898
235,275,305,6.7375,3.13124112742483
235,275,305,6.745,1.96566321289032
235,275,305,6.7525,0.977716391699032
235,275,305,6.76,-0.0601285853345996
235,275,305,6.7675,-0.99161637274367
235,275,305,6.775,-1.97052391989827
235,275,305,6.7825,-2.93282148826477
235,275,305,6.79,2.28248720772212
235,275,305,6.7975,1.50309988070377
235,275,305,6.805,0.348956853672094
235,275,305,6.8125,-0.146834932193664
235,275,305,6.82,-1.17733195491484
235,275,305,6.8275,-1.96780994141235
235,275,305,6.835,-2.97091236271151
235,275,305,6.8425,2.26418740160812
235,275,305,6.85,1.51663939714358
235,275,305,6.8575,0.936896538754799
235,275,305,6.865,-0.111041029195977
235,275,305,6.8725,-1.07145701633697
235,275,305,6.88,-1.90683186456723
235,275,305,6.8875,-2.86598091321504
235,275,305,6.895,2.48559565337703
235,275,305,6.9025,1.77830205221925
235,275,305,6.91,0.630279066555073
235,275,305,6.9175,-0.287884183524096
235,275,305,6.925,-1.38254942245966
235,275,305,6.9325,-2.37528769681351
235,275,305,6.94,-2.79311387774989
235,275,305,6.9475,2.81255371541456
235,275,305,6.955,1.98295695939065
235,275,305,6.9625,0.812569935543942
235,275,305,6.97,-0.411350575551632
235,275,305,6.9775,-0.827291706210949
235,275,305,6.985,-1.81902034716293
235,275,305,6.9925,-3.02144340296155
235,275,305,7,2.5320132537845
235,275,305,7.0075,1.70149180809459
235,275,305,7.015,0.725149980345706
235,275,305,7.0225,-0.126331908212748
235,275,305,7.03,-1.14070334462698
235,275,305,7.0375,-2.25125891573825
235,275,305,7.045,3.10664179033851
235,275,305,7.0525,2.2868828387452
235,275,305,7.06,1.41602347590167
235,275,305,7.0675,0.512393861054068
235,275,305,7.075,-0.44971027904085
235,275,305,7.0825,-1.4461517776119
235,275,305,7.09,-2.37708746436403
235,275,305,7.0975,2.89680666107799
235,275,305,7.105,2.14744839471063
235,275,305,7.1125,1.39173102190172
235,275,305,7.12,0.484385540462494
235,275,305,7.1275,-0.272091173876766
235,275,305,7.135,-1.25089996277595
235,275,305,7.1425,-2.38617516301702
235,275,305,7.15,-2.96844349592777
235,275,305,7.1575,2.14415030234664
235,275,305,7.165,1.15418628073946
235,275,305,7.1725,0.32699561163859
235,275,305,7.18,-0.596849275730074
235,275,305,7.1875,-1.43778663714057
235,275,305,7.195,-2.4002302508504
235,275,305,7.2025,-2.98803087511871
235,275,305,7.21,2.48199673627952
235,275,305,7.2175,1.38627805592907
235,275,305,7.225,0.627424285566709
235,275,305,7.2325,-0.213920520006694
235,275,305,7.24,-1.47101955160079
235,275,305,7.2475,-2.49138946730155
235,275,305,7.255,2.78433351465092
235,275,305,7.2625,1.92044567368868
235,275,305,7.27,0.841354117526487
235,275,305,7.2775,-0.0873716646001713
235,275,305,7.285,-0.924963405055185
235,275,305,7.2925,-1.846747523949
235,275,305,7.3,-2.71397663958545
235,275,305,7.3075,2.66728420190121
235,275,305,7.315,1.78472408687534
235,275,305,7.3225,0.816527940256109
235,275,305,7.33,0.0426884786511936
235,275,305,7.3375,-0.980515960166582
235,275,305,7.345,-1.81991724387696
235,275,305,7.3525,-2.6513977214206
235,275,305,7.36,2.89543937454169
235,275,305,7.3675,2.08841501271511
235,275,305,7.375,0.808500468909229
235,275,305,7.3825,0.113510857810946
235,275,305,7.39,-0.887931487673622
235,275,305,7.3975,-1.62553474622375
235,275,305,7.405,-2.76209381451678
235,275,305,7.4125,2.56238876453652
235,275,305,7.42,1.82954723737455
235,275,305,7.4275,0.769175991966164
235,275,305,7.435,-0.271493281477562
235,275,305,7.4425,-1.12640170752884
235,275,305,7.45,-1.40369556335693
235,275,305,7.4575,-2.92486420754572
235,275,305,7.465,2.92237033361621
235,275,305,7.4725,1.86428311473116
235,275,305,7.48,0.982453255183792
235,275,305,7.4875,0.368837918115723
235,275,305,7.495,-0.956777331148591
235,275,305,7.5025,-1.60215329484761
235,275,305,7.51,-2.64075979066811
235,275,305,7.5175,2.43144042077708
235,275,305,7.525,1.74222826197737
235,275,305,7.5325,0.655453266011129
235,275,305,7.54,-0.294183513647346
235,275,305,7.5475,-1.04836594995182
235,275,305,7.555,-2.06707560605322
235,275,305,7.5625,-2.94710563740085
235,275,305,7.57,2.3663147335668
235,275,305,7.5775,1.47399086498138
235,275,305,7.585,0.761264930523213
235,275,305,7.5925,-0.181917165190674
235,275,305,7.6,-1.16879296649904
235,275,305,7.6075,-1.87450279684329
235,275,305,7.615,-2.97648458320634
235,275,305,7.6225,2.30492297933685
235,275,305,7.63,1.4272351750206
235,275,305,7.6375,0.483592297466204
235,275,305,7.645,-0.721456666555462
235,275,305,7.6525,-1.71545241801719
235,275,305,7.66,-2.58753283099026
235,275,305,7.6675,2.72970820189295
235,275,305,7.675,1.8800569912236
235,275,305,7.6825,0.893830960920046
235,275,305,7.69,0.322988057470967
235,275,305,7.6975,-0.511240669484998
235,275,305,7.705,-1.03977408002938
235,275,305,7.7125,-2.09841210990867
235,275,305,7.72,-2.84815878629723
235,275,305,7.7275,2.83819043258153
235,275,305,7.735,1.76181840051074
235,275,305,7.7425,0.799225986700467
235,275,305,7.75,-0.16750799695957
235,275,305,7.7575,-1.32714151855685
235,275,305,7.765,-1.85951666302005
235,275,305,7.7725,-3.10980974292216
235,275,305,7.78,2.35036541937812
235,275,305,7.7875,1.62810256525457
235,275,305,7.795,0.449366269233004
235,275,305,7.8025,-0.455706199012734
235,275,305,7.81,-1.46074994063693
235,275,305,7.8175,-2.67783209392727
235,275,305,7.825,2.82409282451977
235,275,305,7.8325,1.98920175347108
235,275,305,7.84,1.35510496793391
235,275,305,7.8475,0.549729891342294
235,275,305,7.855,-0.656977518195163
235,275,305,7.8625,-1.33000277376752
235,275,305,7.87,-2.38707800249314
235,275,305,7.8775,3.04868956724735
235,275,305,7.885,2.00965192087016
235,275,305,7.8925,1.13209067166136
235,275,305,7.9,0.142399321387135
235,275,305,7.9075,-0.744449093693772
235,275,305,7.915,-1.48986065086257
235,275,305,7.9225,-2.27702530306972
235,275,305,7.93,2.96380855492294
235,275,305,7.9375,2.2724037833554
235,275,305,7.945,1.36607300629034
235,275,305,7.9525,0.547174479807455
235,275,305,7.96,-0.431202839600992
235,275,305,7.9675,-1.25629629445764
235,275,305,7.975,-2.04869254541655
235,275,305,7.9825,-3.13531471873973
235,275,305,7.99,2.18891827748576
235,275,305,7.9975,1.23997610785532
235,275,305,8.005,0.209789040836637
235,275,305,8.0125,-0.780025067423295
235,275,305,8.02,-1.69066898705899
235,275,305,8.0275,-2.74464358638117
235,275,305,8.035,2.73231718082812
235,275,305,8.0425,1.77149943231102
235,275,305,8.05,0.751963306148993
235,275,305,8.0575,-0.298948587155934
235,275,305,8.065,-1.06275366234613
235,275,305,8.0725,-2.13850829126296
235,275,305,8.08,-2.9385206458159
235,275,305,8.0875,2.33586388758609
235,275,305,8.095,1.37356340848129
235,275,305,8.1025,0.818711687447098
235,275,305,8.11,-0.32239554278349
235,275,305,8.1175,-0.722693263337536
235,275,305,8.125,-1.59115473011696
235,275,305,8.1325,-2.37245572720511
235,275,305,8.14,3.13778832577195
235,275,305,8.1475,1.95942545201136
235,275,305,8.155,1.11285048728586
235,275,305,8.1625,0.2074351837521
235,275,305,8.17,-0.632057876532623
235,275,305,8.1775,-1.69653546929579
235,275,305,8.185,-2.650871822121
235,275,305,8.1925,2.7490256167592
235,275,305,8.2,1.65936968867591
235,275,305,8.2075,0.875516225875793
235,275,305,8.215,0.134169152303363
235,275,305,8.2225,-0.787502028898395
235,275,305,8.23,-1.43117373274097
235,275,305,8.2375,-2.5318721095462
235,275,305,8.245,2.68398899223381
235,275,305,8.2525,1.73562589537654
235,275,305,8.26,0.874723138928919
235,275,305,8.2675,-0.112611010450382
235,275,305,8.275,-1.11898169802444
235,275,305,8.2825,-1.91462305692086
235,275,305,8.29,-2.8375896472869
235,275,305,8.2975,2.34792794520682
235,275,305,8.305,1.58126185013447
235,275,305,8.3125,0.561362718860561
235,275,305,8.32,-0.256979330127032
235,275,305,8.3275,-1.24114547850966
235,275,305,8.335,-2.16829014124047
235,275,305,8.3425,3.1110782059811
235,275,305,8.35,2.21322258963677
235,275,305,8.3575,1.5060689390689
235,275,305,8.365,0.406648441845926
235,275,305,8.3725,-0.346266233358035
235,275,305,8.38,-1.38802457801319
235,275,305,8.3875,-2.22841065158073
235,275,305,8.395,2.94129641667984
235,275,305,8.4025,1.95085794914478
235,275,305,8.41,1.11270633044828
235,275,305,8.4175,0.306252081943821
235,275,305,8.425,-0.935885796301483
235,275,305,8.4325,-1.94327014560456
235,275,305,8.44,-2.73175460547481
235,275,305,8.4475,2.8130256902521
235,275,305,8.455,2.27026514242564
235,275,305,8.4625,1.28501947997958
235,275,305,8.47,0.597847885275576
235,275,305,8.4775,0.047824294701103
235,275,305,8.485,-0.873678193682878
235,275,305,8.4925,-1.7865017917218
235,275,305,8.5,-2.72213885474161
235,275,305,8.5075,2.43824841141373
235,275,305,8.515,1.64056931291466
235,275,305,8.5225,0.686948656008861
235,275,305,8.53,-0.505653230435272
235,275,305,8.5375,-1.43499810686034
235,275,305,8.545,-2.39333272064327
235,275,305,8.5525,2.74470651132976
235,275,305,8.56,1.91608898461157
235,275,305,8.5675,0.747069319337444
235,275,305,8.575,-0.104073875263707
235,275,305,8.5825,-0.983693667511978
235,275,305,8.59,-1.96617081634847
235,275,305,8.5975,-2.55057353402035
235,275,305,8.605,2.94062759289909
235,275,305,8.6125,2.04931325753261
235,275,305,8.62,1.03533007461294
235,275,305,8.6275,0.320640682980642
235,275,305,8.635,-0.459325522984182
235,275,305,8.6425,-1.48693799265403
235,275,305,8.65,-2.51634343042449
235,275,305,8.6575,-3.12893252257668
235,275,305,8.665,1.9904571314443
235,275,305,8.6725,1.13751997964872
235,275,305,8.68,0.262468905061454
235,275,305,8.6875,-0.455950713947433
235,275,305,8.695,-1.29404734125577
235,275,305,8.7025,-2.12292678854164
235,275,305,8.71,3.1170331169541
235,275,305,8.7175,2.14287562414822
235,275,305,8.725,1.22748379136104
235,275,305,8.7325,0.31623419246255
235,275,305,8.74,-0.755751576836857
235,275,305,8.7475,-1.72291372922286
235,275,305,8.755,-2.59108396745054
235,275,305,8.7625,2.72902238107451
235,275,305,8.77,1.80598106320413
235,275,305,8.7775,0.807601043502866
235,275,305,8.785,-0.168998369761407
235,275,305,8.7925,-1.2809390926781
235,275,305,8.8,-2.24648610850927
235,275,305,8.8075,3.11028700962936
235,275,305,8.815,2.14367145298932
235,275,305,8.8225,1.483094514919
235,275,305,8.83,0.203823427516501
235,275,305,8.8375,-0.575088455247915
235,275,305,8.845,-1.66526587292793
235,275,305,8.8525,-2.27699722736722
235,275,305,8.86,-2.27225170439881
235,275,305,8.8675,3.06446019490436
235,275,305,8.875,1.96316958515925
235,275,305,8.8825,1.1054128438591
235,275,305,8.89,0.338752084658849
235,275,305,8.8975,-0.654066814729293
235,275,305,8.905,-1.62483701434645
235,275,305,8.9125,-2.60499491897167
235,275,305,8.92,2.68465132757617
235,275,305,8.9275,1.84761397108542
235,275,305,8.935,0.985062069059879
235,275,305,8.9425,0.327399226506178
235,275,305,8.95,-0.725117706174745
235,275,305,8.9575,-1.39686622994746
235,275,305,8.965,-2.11101342055848
235,275,305,8.9725,-3.03495326069463
235,275,305,8.98,1.9782473981047
235,275,305,8.9875,1.08466562922003
235,275,305,8.995,0.133051123508044
235,275,305,9.0025,-0.778528961799569
235,275,305,9.01,-1.81283396122677
235,275,305,9.0175,-2.78744662066978
235,275,305,9.025,2.4305369956008
235,275,305,9.0325,1.5578118100319
235,275,305,9.04,0.601990413114945
235,275,305,9.0475,-0.302842071475734
235,275,305,9.055,-1.38556704196923
235,275,305,9.0625,-2.31918440388946
235,275,305,9.07,-3.1225609588879
235,275,305,9.0775,1.94348167209794
235,275,305,9.085,1.11591739876753
235,275,305,9.0925,0.0864866081982878
235,275,305,9.1,-0.804646081695701
235,275,305,9.1075,-1.35239786884736
235,275,305,9.115,-2.08798887949128
235,275,305,9.1225,-2.98551928913932
235,275,305,9.13,2.26985182329725
235,275,305,9.1375,1.30024652769312
235,275,305,9.145,0.425447310187293
235,275,305,9.1525,-0.50796664683925
235,275,305,9.16,-1.43732143513714
235,275,305,9.1675,-2.30954860128698
235,275,305,9.175,2.77020248270679
235,275,305,9.1825,1.77630017202907
235,275,305,9.19,0.796941380135997
235,275,305,9.1975,-0.181706055846214
235,275,305,9.205,0.497200268754928
235,275,305,9.2125,-1.43555221999381
235,275,305,9.22,-1.73800819327398
235,275,305,9.2275,-2.47334360392284
235,275,305,9.235,2.71935341856621
235,275,305,9.2425,1.79015696275217
235,275,305,9.25,0.776581342369937
235,275,305,9.2575,-0.514769037184478
235,275,305,9.265,-1.18460559641753
235,275,305,9.2725,-2.20837812850443
235,275,305,9.28,3.04777150939061
235,275,305,9.2875,2.01596202970196
235,275,305,9.295,1.03543564047933
235,275,305,9.3025,0.226147615282797
235,275,305,9.31,-0.796516459695141
235,275,305,9.3175,-1.80709808790846
235,275,305,9.325,-2.76559176482076
235,275,305,9.3325,2.41355564229358
235,275,305,9.34,1.61357246169499
235,275,305,9.3475,0.301026190193994
235,275,305,9.355,-0.339045469215958
235,275,305,9.3625,-0.839319868873683
235,275,305,9.37,-1.66734329893023
235,275,305,9.3775,-2.22409188515515
235,275,305,9.385,2.96904418507274
235,275,305,9.3925,2.4789883269007
235,275,305,9.4,1.40478717384262
235,275,305,9.4075,0.370124343197758
235,275,305,9.415,-0.411986831020144
235,275,305,9.4225,-1.40175775650273
235,275,305,9.43,-2.37672664838649
235,275,305,9.4375,2.71499713498636
235,275,305,9.445,1.98698567010158
235,275,305,9.4525,0.894006751455137
235,275,305,9.46,0.128990200461273
235,275,305,9.4675,-0.724342369496298
235,275,305,9.475,-1.72478809755332
235,275,305,9.4825,-2.48303158594713
235,275,305,9.49,3.01227568562503
235,275,305,9.4975,1.87928650717261
235,275,305,9.505,1.06987117392504
235,275,305,9.5125,-0.0239127375381671
235,275,305,9.52,-1.00464122871782
235,275,305,9.5275,-1.9728621136092
235,275,305,9.535,-2.81038899935396
235,275,305,9.5425,2.36303931429204
235,275,305,9.55,1.34249107889629
235,275,305,9.5575,0.534373331705548
235,275,305,9.565,-0.494150532085665
235,275,305,9.5725,-1.52180790449433
235,275,305,9.58,-2.40292403841938
235,275,305,9.5875,-3.0015723843065
235,275,305,9.595,2.68774663125218
235,275,305,9.6025,1.53438713487445
235,275,305,9.61,0.822055192587252
235,275,305,9.6175,0.0494545852437752
235,275,305,9.625,-0.710261972849182
235,275,305,9.6325,-1.58941301598534
235,275,305,9.64,-2.8527564975999
235,275,305,9.6475,2.7630078622829
235,275,305,9.655,1.79056292365172
235,275,305,9.6625,0.981757181414719
235,275,305,9.67,-0.0654039043153496
235,275,305,9.6775,-0.663123192919721
235,275,305,9.685,-2.03048180987285
235,275,305,9.6925,-2.78924859966684
235,275,305,9.7,2.58399311257141
235,275,305,9.7075,1.59430158868435
235,275,305,9.715,1.05554993726157
235,275,305,9.7225,0.019671002260967
235,275,305,9.73,-0.447955623644286
235,275,305,9.7375,-1.46437388112261
235,275,305,9.745,-2.43793142395009
235,275,305,9.7525,3.00430449257047
235,275,305,9.76,1.98999186731049
235,275,305,9.7675,0.914822395100352
235,275,305,9.775,-0.0650472871227079
235,275,305,9.7825,-1.07381529440946
235,275,305,9.79,-2.15745027617723
235,275,305,9.7975,3.09978493207167
235,275,305,9.805,2.1734530946843
235,275,305,9.8125,1.075724359323
235,275,305,9.82,0.227344579199575
235,275,305,9.8275,-0.79955957524796
235,275,305,9.835,-1.86269988415305
235,275,305,9.8425,-2.93500324377237
235,275,305,9.85,2.55654276149513
235,275,305,9.8575,1.49336700972314
235,275,305,9.865,1.07046329912001
235,275,305,9.8725,0.278911424544668
235,275,305,9.88,-0.852633220085137
235,275,305,9.8875,-1.73537167346634
235,275,305,9.895,-2.86924149756409
235,275,305,9.9025,2.90536408692607
235,275,305,9.91,1.90402779228285
235,275,305,9.9175,1.15114629773704
235,275,305,9.925,0.0811553585348878
235,275,305,9.9325,-1.01752583442349
235,275,305,9.94,-1.27001305064886
235,275,305,9.9475,-1.51859469860036
235,275,305,9.955,-2.34499180001096
235,275,305,9.9625,2.94896348131384
235,275,305,9.97,1.86355326466663
235,275,305,9.9775,1.02731570350391
235,275,305,9.985,-0.0448874052334796
235,275,305,9.9925,-1.1000740294345
235,275,305,10,-1.91489562230652
235,275,305,10.0075,-2.92300410052208
235,275,305,10.015,2.52656411781119
235,275,305,10.0225,1.35081260959986
235,275,305,10.03,0.356138264510537
235,275,305,10.0375,-0.680316893755339
235,275,305,10.045,-1.74552010066147
235,275,305,10.0525,-2.61531544655486
235,275,305,10.06,2.47758007208894
235,275,305,10.0675,1.60852206439239
235,275,305,10.075,0.545601828692269
235,275,305,10.0825,-0.232513591253894
235,275,305,10.09,-1.56635838631853
235,275,305,10.0975,-2.03012031188631
235,275,305,10.105,-2.72197487329797
235,275,305,10.1125,2.86300300358324
235,275,305,10.12,1.87101981623066
235,275,305,10.1275,1.10830383038631
235,275,305,10.135,0.200718211475381
235,275,305,10.1425,-0.803310611448145
235,275,305,10.15,-1.69346539734511
235,275,305,10.1575,-2.55498469714169
235,275,305,10.165,2.48215106542786
235,275,305,10.1725,1.70650588188972
235,275,305,10.18,0.602210901174291
235,275,305,10.1875,-0.102614111022963
235,275,305,10.195,-0.840870232280698
235,275,305,10.2025,-1.37855238114626
235,275,305,10.21,-2.08050407009125
235,275,305,10.2175,-2.96535194529105
235,275,305,10.225,2.20215108994329
235,275,305,10.2325,1.25037754862656
235,275,305,10.24,0.534071880868353
235,275,305,10.2475,-0.743622706792264
235,275,305,10.255,-1.9006812957063
235,275,305,10.2625,-2.55256042903419
235,275,305,10.27,2.55003475188879
235,275,305,10.2775,1.61704662284521
235,275,305,10.285,0.454384671494849
235,275,305,10.2925,-0.436284089808426
235,275,305,10.3,-1.45971729040038
235,275,305,10.3075,-2.41980878343878
235,275,305,10.315,2.94532270339731
235,275,305,10.3225,1.95864511865441
235,275,305,10.33,1.12343838635943
235,275,305,10.3375,0.100670433560472
235,275,305,10.345,-0.968069664142305
235,275,305,10.3525,-1.15009989011823
235,275,305,10.36,-2.54405147649654
235,275,305,10.3675,2.96232289207799
235,275,305,10.375,2.01071211014964
235,275,305,10.3825,1.09809869448134
235,275,305,10.39,0.372521520229485
235,275,305,10.3975,0.69631487560441
235,275,305,10.405,-0.92079856091647
235,275,305,10.4125,-1.34609492754486
235,275,305,10.42,-2.22501498770206
235,275,305,10.4275,2.72134454235288
235,275,305,10.435,1.96247342748972
235,275,305,10.4425,2.45805957076106
235,275,305,10.45,0.508046934939679
235,275,305,10.4575,-0.0422118140675783
235,275,305,10.465,-1.14238078307514
235,275,305,10.4725,-1.81803792451639
235,275,305,10.48,-3.04839909668756
235,275,305,10.4875,2.13068421957853
235,275,305,10.495,1.10776166760158
235,275,305,10.5025,0.210144239849488
235,275,305,10.51,-0.833364090444234
235,275,305,10.5175,-1.86159458898174
235,275,305,10.525,-2.78910153495823
235,275,305,10.5325,2.39436807480431
235,275,305,10.54,1.5435540741568
235,275,305,10.5475,0.633176715577751
235,275,305,10.555,-0.409335275880635
235,275,305,10.5625,-1.74577482091105
235,275,305,10.57,-2.76893832005764
235,275,305,10.5775,2.66755151699944
235,275,305,10.585,1.49262741424627
235,275,305,10.5925,0.812003146804559
235,275,305,10.6,-0.576919047341359
235,275,305,10.6075,-1.36877965868214
235,275,305,10.615,-2.2944734393056
235,275,305,10.6225,-2.99412662002026
235,275,305,10.63,1.87189915627789
235,275,305,10.6375,1.13059734460477
235,275,305,10.645,-0.264794976065679
235,275,305,10.6525,2.27014727458618
235,275,305,10.66,1.72883407242287
235,275,305,10.6675,0.0783089484322498
235,275,305,10.675,-2.0268304477257
235,275,305,10.6825,-1.55660472715509
235,275,305,10.69,-2.98618297384442
235,275,305,10.6975,2.34563672339752
235,275,305,10.705,1.573820433411
235,275,305,10.7125,0.456419026040489
235,275,305,10.72,-0.126191394788251
235,275,305,10.7275,-1.54426275234147
235,275,305,10.735,-2.10328779452751
235,275,305,10.7425,2.49489228304614
235,275,305,10.75,1.85997700330156
235,275,305,10.7575,0.782953141920004
235,275,305,10.765,-0.354168464492549
235,275,305,10.7725,-1.16059078265719
235,275,305,10.78,-2.05222011696423
235,275,305,10.7875,3.07608607750277
235,275,305,10.795,2.18001850232666
235,275,305,10.8025,1.34763022633936
235,275,305,10.81,0.0582106449203627
235,275,305,10.8175,-0.69166339460266
235,275,305,10.825,-2.02489960240544
235,275,305,10.8325,3.01634657302406
235,275,305,10.84,2.123104476435
235,275,305,10.8475,1.46773986549635
235,275,305,10.855,0.454632004937103
235,275,305,10.8625,-0.718191556054532
235,275,305,10.87,-1.25604048448588
235,275,305,10.8775,-1.98336996826051
235,275,305,10.885,2.36874128008359
235,275,305,10.8925,2.9314701422379
235,275,305,10.9,1.93902590746043
235,275,305,10.9075,1.73477170456365
235,275,305,10.915,0.371196140785228
235,275,305,10.9225,-0.341195463889159
235,275,305,10.93,-0.889161339524079
235,275,305,10.9375,-2.04698787658202
235,275,305,10.945,-2.94007545233188
235,275,305,10.9525,2.41303430552874
235,275,305,10.96,1.21050430878304
235,275,305,10.9675,0.0792547009631564
235,275,305,10.975,-0.530163399465239
235,275,305,10.9825,-1.75470433498687
235,275,305,10.99,-2.37467232596166
235,275,305,10.9975,3.09749488056321
235,275,305,11.005,2.06374167324807
235,275,305,11.0125,1.22813647786778
235,275,305,11.02,0.387825033208397
235,275,305,11.0275,-0.831873716416895
235,275,305,11.035,-1.86960429054806
235,275,305,11.0425,-2.94930708135809
235,275,305,11.05,2.06813304876175
235,275,305,11.0575,1.26287248466381
235,275,305,11.065,-0.0701226030722439
235,275,305,11.0725,-0.734908663432333
235,275,305,11.08,-1.62210568534097
235,275,305,11.0875,-2.11621346800416
235,275,305,11.095,2.699703969068
235,275,305,11.1025,1.92397376551567
235,275,305,11.11,0.28257314290769
235,275,305,11.1175,0.00909826978691146
235,275,305,11.125,-1.57948738332111
235,275,305,11.1325,2.42158889764172
235,275,305,11.14,-1.45239056544209
235,275,305,11.1475,2.02018874194824
235,275,305,11.155,-2.20320706346902
235,275,305,11.1625,2.67726958308058
235,275,305,11.17,1.95666228931938
235,275,305,11.1775,1.1340747215235
235,275,305,11.185,0.0283001596110865
235,275,305,11.1925,-0.991918928922256
235,275,305,11.2,-2.19855604791293
235,275,305,11.2075,-2.6971135193416
235,275,305,11.215,2.39614094827617
235,275,305,11.2225,1.29456914189667
235,275,305,11.23,0.46036181385556
235,275,305,11.2375,-0.510265440827079
235,275,305,11.245,-1.49838947061732
235,275,305,11.2525,-2.34251233633678
235,275,305,11.26,2.92144847750845
235,275,305,11.2675,1.75507757291678
235,275,305,11.275,0.729072844345358
235,275,305,11.2825,-0.290894364819709
235,275,305,11.29,-1.05982432340706
235,275,305,11.2975,-2.39772205930071
235,275,305,11.305,2.86376179972032
235,275,305,11.3125,1.83359198678739
235,275,305,11.32,1.11134224886207
235,275,305,11.3275,-0.146612230784456
235,275,305,11.335,-1.26327433340967
235,275,305,11.3425,-2.11330396794476
235,275,305,11.35,-2.98319494868988
235,275,305,11.3575,1.91771429855535
235,275,305,11.365,1.45060342610578
235,275,305,11.3725,1.83281689630656
235,275,305,11.38,2.5798365992684
235,275,305,11.3875,1.82094416644376
235,275,305,11.395,-0.291564283113995
235,275,305,11.4025,-1.92923344848295
235,275,305,11.41,-2.91486408653044
235,275,305,11.4175,-2.2099559267745
235,275,305,11.425,1.98925207907961
235,275,305,11.4325,1.99006030741265
235,275,305,11.44,0.857209956279826
235,275,305,11.4475,-0.302624481134898
235,275,305,11.455,-1.13591439214263
235,275,305,11.4625,-2.24100237323025
235,275,305,11.47,-2.98902031364147
235,275,305,11.4775,2.14973749575041
235,275,305,11.485,1.18517770704473
235,275,305,11.4925,0.0370685839132366
235,275,305,11.5,-0.888479096704846
235,275,305,11.5075,-2.03984504686127
235,275,305,11.515,-2.8763602988496
235,275,305,11.5225,2.3049540663118
235,275,305,11.53,1.42978926137442
235,275,305,11.5375,0.456463533387499
235,275,305,11.545,-0.62848757035118
235,275,305,11.5525,-1.69969249346935
235,275,305,11.56,-2.36956706000264
235,275,305,11.5675,2.73890679097017
235,275,305,11.575,1.83396371216089
235,275,305,11.5825,0.857249151703352
235,275,305,11.59,0.722360654118813
235,275,305,11.5975,-0.0494997890972404
235,275,305,11.605,-1.17147762504537
235,275,305,11.6125,-2.56854847041681
235,275,305,11.62,-3.13534772224401
235,275,305,11.6275,2.52270942629416
235,275,305,11.635,1.03420294430666
235,275,305,11.6425,0.578392873379439
235,275,305,11.65,0.0472090614384287
235,275,305,11.6575,-0.980267527749501
235,275,305,11.665,-2.02604194976168
235,275,305,11.6725,-2.49541019832867
235,275,305,11.68,2.43930044235727
235,275,305,11.6875,1.32797507362713
235,275,305,11.695,0.902417555098457
235,275,305,11.7025,-0.300374564099425
235,275,305,11.71,-1.12812955675107
235,275,305,11.7175,-2.16314212067698
235,275,305,11.725,-2.98509011801356
235,275,305,11.7325,2.4919489553704
235,275,305,11.74,1.65372326752639
235,275,305,11.7475,0.446047229153065
235,275,305,11.755,-0.559014970576415
235,275,305,11.7625,-1.50778267279898
235,275,305,11.77,-2.38419657664235
235,275,305,11.7775,2.86414507484367
235,275,305,11.785,1.60415538683463
235,275,305,11.7925,0.881522419577389
235,275,305,11.8,0.0668867717568255
235,275,305,11.8075,-0.941264672645396
235,275,305,11.815,-1.92584684960124
235,275,305,11.8225,-2.9571499970466
235,275,305,11.83,2.58233897405602
235,275,305,11.8375,1.03791289735704
235,275,305,11.845,-0.092086121582115
235,275,305,11.8525,-0.96554886426634
235,275,305,11.86,-1.85489262392162
235,275,305,11.8675,-1.47380543628536
235,275,305,11.875,-1.45813554511803
235,275,305,11.8825,-2.89875532594358
235,275,305,11.89,-2.20049543891799
235,275,305,11.8975,2.60545108781752
235,275,305,11.905,1.15752369181551
235,275,305,11.9125,0.219746578570063
235,275,305,11.92,-0.693030079123701
235,275,305,11.9275,-1.97430075261009
235,275,305,11.935,-2.94557128374814
235,275,305,11.9425,2.26607380256416
235,275,305,11.95,1.40278377633922
235,275,305,11.9575,0.627000062199354
235,275,305,11.965,-0.640859040360024
235,275,305,11.9725,-1.61860965558369
235,275,305,11.98,-2.3458341117445
235,275,305,11.9875,3.0234532956885
235,275,305,11.995,1.71101941466622
235,275,305,12.0025,0.99997333816702
235,275,305,12.01,-0.206797384853414
235,275,305,12.0175,-0.731687213330518
235,275,305,12.025,-2.14969829507262
235,275,305,12.0325,2.89753247499483
235,275,305,12.04,2.11167615816895
235,275,305,12.0475,1.52645112890315
235,275,305,12.055,0.254832864299422
235,275,305,12.0625,-0.789427335283845
235,275,305,12.07,-1.63071964157347
235,275,305,12.0775,-2.36228240647384
235,275,305,12.085,2.8275871582433
235,275,305,12.0925,1.90038194916251
235,275,305,12.1,0.791991643832122
235,275,305,12.1075,-0.654353791318272
235,275,305,12.115,2.24315607027344
235,275,305,12.1225,-2.41723228521478
235,275,305,12.13,0.711257945851034
235,275,305,12.1375,-0.690870481725741
235,275,305,12.145,-2.62366287616048
235,275,305,12.1525,-3.10851636916671
235,275,305,12.16,1.65730552637019
235,275,305,12.1675,0.58827313370806
235,275,305,12.175,-0.307207020858898
235,275,305,12.1825,-1.2864598321801
235,275,305,12.19,-2.77558150196226
235,275,305,12.1975,-3.02394654941622
235,275,305,12.205,2.20661308554738
235,275,305,12.2125,1.12310262856697
235,275,305,12.22,0.175882333075028
235,275,305,12.2275,-0.824540940883676
235,275,305,12.235,-1.80545408868165
235,275,305,12.2425,-2.68008010344814
235,275,305,12.25,2.39799456812178
235,275,305,12.2575,1.5561651379512
235,275,305,12.265,0.736098625446554
235,275,305,12.2725,-0.449277830432515
235,275,305,12.28,-1.07589690184686
235,275,305,12.2875,-2.06463413319056
235,275,305,12.295,-2.87557816216475
235,275,305,12.3025,2.43157052747039
235,275,305,12.31,1.19388753403345
235,275,305,12.3175,0.602043107973536
235,275,305,12.325,-0.539147938007381
235,275,305,12.3325,-1.398512451325
235,275,305,12.34,-2.38488222728724
235,275,305,12.3475,2.60461558221576
235,275,305,12.355,2.05035837642332
235,275,305,12.3625,0.939404951149012
235,275,305,12.37,2.23962617799318
235,275,305,12.3775,2.36422670966839
235,275,305,12.385,-0.479988358020344
235,275,305,12.3925,-1.5595481003264
235,275,305,12.4,-1.90910864159174
235,275,305,12.4075,-2.9675737991304
235,275,305,12.415,1.77647060979404
235,275,305,12.4225,0.909638847176498
235,275,305,12.43,-0.231516096242105
235,275,305,12.4375,-1.11583363057336
235,275,305,12.445,-2.1279486319002
235,275,305,12.4525,-3.05626460283141
235,275,305,12.46,2.13318107074409
235,275,305,12.4675,1.464675386317
235,275,305,12.475,0.356609630789587
235,275,305,12.4825,-0.727924083731237
235,275,305,12.49,-1.94089874605468
235,275,305,12.4975,-2.63657389100144
235,275,305,12.505,2.91232929034022
235,275,305,12.5125,1.69752943826617
235,275,305,12.52,1.23140772639807
235,275,305,12.5275,-0.102637497756312
235,275,305,12.535,-1.31371404200745
235,275,305,12.5425,-1.82857327959323
235,275,305,12.55,-3.07897480594364
235,275,305,12.5575,2.1690140350303
235,275,305,12.565,1.76855805202022
235,275,305,12.5725,-0.2534081222234
235,275,305,12.58,0.166605457227715
235,275,305,12.5875,1.5851146825521
235,275,305,12.595,-1.91348235958013
235,275,305,12.6025,-1.71404607114765
235,275,305,12.61,-2.70087335180434
235,275,305,12.6175,-2.92785106794444
235,275,305,12.625,2.51757843701785
235,275,305,12.6325,1.26545035305793
235,275,305,12.64,0.584834492434301
235,275,305,12.6475,-0.561421058763825
235,275,305,12.655,-1.5580218476839
235,275,305,12.6625,-2.57571720351454
235,275,305,12.67,2.72652560046464
235,275,305,12.6775,1.38768451624006
235,275,305,12.685,0.525676874207747
235,275,305,12.6925,-0.37153435801996
235,275,305,12.7,-1.35878467277906
235,275,305,12.7075,-2.45597177494869
235,275,305,12.715,2.9794164281178
235,275,305,12.7225,2.05410480585693
235,275,305,12.73,1.18249665052338
235,275,305,12.7375,-0.0712492895727578
235,275,305,12.745,-0.811054601955606
235,275,305,12.7525,-2.24877674892445
235,275,305,12.76,-3.04383982301413
235,275,305,12.7675,2.2257044413898
235,275,305,12.775,1.11550522464417
235,275,305,12.7825,0.259451041567382
235,275,305,12.79,-0.786748332957048
235,275,305,12.7975,-1.60445517679539
235,275,305,12.805,-2.36810505444969
235,275,305,12.8125,2.60069649229564
235,275,305,12.82,1.53013052209254
235,275,305,12.8275,0.729197981196893
235,275,305,12.835,-0.303015432968487
235,275,305,12.8425,-1.52470120834163
235,275,305,12.85,-2.43332739986829
235,275,305,12.8575,2.21615287166007
235,275,305,12.865,-0.016159568182124
235,275,305,12.8725,-0.65225025938221
235,275,305,12.88,-2.12066964310738
235,275,305,12.8875,2.27661978069964
235,275,305,12.895,1.64252570964289
235,275,305,12.9025,0.637917786982788
235,275,305,12.91,0.0817532176393083
235,275,305,12.9175,-1.40695357695999
235,275,305,12.925,-2.53046875699258
235,275,305,12.9325,2.63488729880791
235,275,305,12.94,1.36648717720862
235,275,305,12.9475,0.473880316536746
235,275,305,12.955,-0.478510781683941
235,275,305,12.9625,-1.41289260099656
235,275,305,12.97,-2.55279584140491
235,275,305,12.9775,2.85886874227534
235,275,305,12.985,1.54083009220005
235,275,305,12.9925,0.497677024309307
235,275,305,13,-0.454842362618803
235,275,305,13.0075,-1.4757209304209
235,275,305,13.015,-2.21220024533214
235,275,305,13.0225,-2.73291850187682
235,275,305,13.03,1.7050806396604
235,275,305,13.0375,0.685717189744045
235,275,305,13.045,-0.3152894623233
235,275,305,13.0525,-0.705396149080996
235,275,305,13.06,-1.70687263270146
235,275,305,13.0675,-2.70712533478575
235,275,305,13.075,2.27012495006817
235,275,305,13.0825,2.82705853833108
235,275,305,13.09,1.67324092899218
235,275,305,13.0975,0.478852603659842
235,275,305,13.105,-0.0307782800560254
235,275,305,13.1125,1.88816508741228
235,275,305,13.12,0.540815570326207
235,275,305,13.1275,-1.33411678863484
235,275,305,13.135,-2.50682542875195
235,275,305,13.1425,2.68001830115709
235,275,305,13.15,1.35922176431337
235,275,305,13.1575,0.405400743028704
235,275,305,13.165,-0.261809631728899
235,275,305,13.1725,-1.25432241073196
235,275,305,13.18,-2.30005915891215
235,275,305,13.1875,2.80082527246666
235,275,305,13.195,1.65157863374389
235,275,305,13.2025,0.577688873841487
235,275,305,13.21,-0.237662275832057
235,275,305,13.2175,-1.40936186911085
235,275,305,13.225,-2.47525138911676
235,275,305,13.2325,2.73235767937351
235,275,305,13.24,1.63968537118683
235,275,305,13.2475,0.333710906422316
235,275,305,13.255,-0.754162703431555
235,275,305,13.2625,-1.21818983402437
235,275,305,13.27,-1.46780384136994
235,275,305,13.2775,-3.03929265696202
235,275,305,13.285,2.92135627511424
235,275,305,13.2925,2.13124216458261
235,275,305,13.3,1.49140339024276
235,275,305,13.3075,-1.12151670516697
235,275,305,13.315,-0.731592231340156
235,275,305,13.3225,-1.28428013833656
235,275,305,13.33,-2.08493814942453
235,275,305,13.3375,-2.89568107500452
235,275,305,13.345,-2.08046031203358
235,275,305,13.3525,1.70964799932551
235,275,305,13.36,2.26056372813569
235,275,305,13.3675,0.738365485015578
235,275,305,13.375,-0.372515265487499
235,275,305,13.3825,-1.04721516121899
235,275,305,13.39,-2.1777527113369
235,275,305,13.3975,2.99269161064038
235,275,305,13.405,1.79438743246018
235,275,305,13.4125,1.00686378761813
235,275,305,13.42,-0.13624256142294
235,275,305,13.4275,-0.909997028744982
235,275,305,13.435,-2.02152447100758
235,275,305,13.4425,-3.07702121995857
235,275,305,13.45,2.26749616228579
235,275,305,13.4575,1.52802518773035
235,275,305,13.465,0.275728181579667
235,275,305,13.4725,-0.780871733599377
235,275,305,13.48,-1.34283653456721
235,275,305,13.4875,-2.45684606525369
235,275,305,13.495,2.74938927650322
235,275,305,13.5025,1.39594564332824
235,275,305,13.51,0.785521636856245
235,275,305,13.5175,-0.738213817372662
235,275,305,13.525,-0.518034840674234
235,275,305,13.5325,-1.40149132932357
235,275,305,13.54,-2.24055932706979
235,275,305,13.5475,2.72913350543363
235,275,305,13.555,1.24108447774876
235,275,305,13.5625,0.781379102553835
235,275,305,13.57,-0.253229240206073
235,275,305,13.5775,-0.47438391347685
235,275,305,13.585,-2.03603926826539
235,275,305,13.5925,-2.66162079623659
235,275,305,13.6,2.21343854248244
235,275,305,13.6075,-1.78558411088837
235,275,305,13.615,2.90397000332033
235,275,305,13.6225,1.18720634641726
235,275,305,13.63,0.701152950881427
235,275,305,13.6375,-0.797268279509358
235,275,305,13.645,-0.804150730621295
235,275,305,13.6525,-2.22084576791306
235,275,305,13.66,2.82877034967133
235,275,305,13.6675,2.01810643035947
235,275,305,13.675,1.0108715529612
235,275,305,13.6825,-0.26134025678526
235,275,305,13.69,-1.22955363537836
235,275,305,13.6975,-2.23864952574114
235,275,305,13.705,-3.07659549417489
235,275,305,13.7125,1.92134706095585
235,275,305,13.72,1.00297762219325
235,275,305,13.7275,-0.0383438197691364
235,275,305,13.735,-0.814243314903905
235,275,305,13.7425,-1.80368037918691
235,275,305,13.75,-2.55719330422583
235,275,305,13.7575,2.18200241649736
235,275,305,13.765,1.65202720029766
235,275,305,13.7725,0.988324701799195
235,275,305,13.78,0.335312392451017
235,275,305,13.7875,-0.948688344148284
235,275,305,13.795,-0.62379854154377
235,275,305,13.8025,-2.33723599469528
235,275,305,13.81,2.6441899665679
235,275,305,13.8175,2.07573377693815
235,275,305,13.825,0.183954783808767
235,275,305,13.8325,-1.78813766125608
235,275,305,13.84,-0.0839898271933452
235,275,305,13.8475,-1.49888377389295
235,275,305,13.855,-1.60871696892435
235,275,305,13.8625,-2.90257059033342
235,275,305,13.87,2.65413432981426
235,275,305,13.8775,2.15506867107966
235,275,305,13.885,1.07605734348016
235,275,305,13.8925,0.146439222031984
235,275,305,13.9,-1.09103628374427
235,275,305,13.9075,-2.33745915959135
235,275,305,13.915,-2.94963691020987
235,275,305,13.9225,2.31440851325677
235,275,305,13.93,1.32187869608572
235,275,305,13.9375,0.232636196088362
235,275,305,13.945,-1.0246880660741
235,275,305,13.9525,-1.96509870766773
235,275,305,13.96,-2.99934174674485
235,275,305,13.9675,1.90158670141995
235,275,305,13.975,1.47406114088688
235,275,305,13.9825,0.663251364246055
235,275,305,13.99,-0.512288532066576
235,275,305,13.9975,-1.34560792089749
235,275,305,14.005,-2.50916272121303
235,275,305,14.0125,2.89392401825397
235,275,305,14.02,2.08622542171156
235,275,305,14.0275,1.38874396864166
235,275,305,14.035,0.186897574309727
235,275,305,14.0425,-0.165953032966711
235,275,305,14.05,-2.24961835286294
235,275,305,14.0575,-0.766076519683065
235,275,305,14.065,-1.86328764567587
235,275,305,14.0725,2.69263114594883
235,275,305,14.08,1.84928464029335
235,275,305,14.0875,0.377184984091818
235,275,305,14.095,-1.03103567503876
235,275,305,14.1025,-3.03614646645768
235,275,305,14.11,-0.202616007635324
235,275,305,14.1175,-1.25399762893632
235,275,305,14.125,-3.05167398303617
235,275,305,14.1325,2.41662711863613
235,275,305,14.14,1.16512283848213
235,275,305,14.1475,0.326178271941771
235,275,305,14.155,-0.437661111794354
235,275,305,14.1625,-1.41941817735497
235,275,305,14.17,-2.38155899463356
235,275,305,14.1775,2.55649977626024
235,275,305,14.185,1.39803671872914
235,275,305,14.1925,0.826829870220526
235,275,305,14.2,-0.100851468678846
235,275,305,14.2075,-1.26465697220441
235,275,305,14.215,-2.41543794943228
235,275,305,14.2225,3.05271392372687
235,275,305,14.23,1.90399035412532
235,275,305,14.2375,1.06480087972571
235,275,305,14.245,-0.519095156655581
235,275,305,14.2525,-0.894662777216254
235,275,305,14.26,-1.9548895655208
235,275,305,14.2675,-3.07946152875868
235,275,305,14.275,1.96249783878124
235,275,305,14.2825,1.10138605259455
235,275,305,14.29,0.473480351051632
235,275,305,14.2975,-0.512757942793131
235,275,305,14.305,-2.15943248221051
235,275,305,14.3125,-2.51511312744263
235,275,305,14.32,2.99243836159261
235,275,305,14.3275,2.32718362846217
235,275,305,14.335,0.554317839634725
235,275,305,14.3425,-0.0921328289269537
235,275,305,14.35,-1.68652130617819
235,275,305,14.3575,-0.0107411768958399
235,275,305,14.365,0.833460659060025
235,275,305,14.3725,-2.0263929904959
235,275,305,14.38,-2.54840490363043
235,275,305,14.3875,2.40986716225207
235,275,305,14.395,2.23357375267234
235,275,305,14.4025,0.821601840703523
235,275,305,14.41,0.155391912532289
235,275,305,14.4175,-0.821339450910419
235,275,305,14.425,-2.34515650859863
235,275,305,14.4325,3.12227014373703
235,275,305,14.44,2.09685036865758
235,275,305,14.4475,1.12513789505111
235,275,305,14.455,0.0469443964641745
235,275,305,14.4625,-0.796370370678066
235,275,305,14.47,-1.67364926545239
235,275,305,14.4775,-2.65987650367617
235,275,305,14.485,2.30930346457626
235,275,305,14.4925,1.14094601520868
235,275,305,14.5,0.447689081610261
235,275,305,14.5075,-0.697956187546834
235,275,305,14.515,-1.31997921862639
235,275,305,14.5225,-2.74279735709369
235,275,305,14.53,2.85500316371274
235,275,305,14.5375,1.70405760026722
235,275,305,14.545,0.128644785076244
235,275,305,14.5525,-0.784904415671893
235,275,305,14.56,-0.918266285254594
235,275,305,14.5675,-1.66872050560992
235,275,305,14.575,-1.115885466796
235,275,305,14.5825,-0.835729429963463
235,275,305,14.59,0.448476485495865
235,275,305,14.5975,2.72961158423724
235,275,305,14.605,2.29336872557846
235,275,305,14.6125,1.42170090852302
235,275,305,14.62,-1.68028999945863
235,275,305,14.6275,0.367602578995983
235,275,305,14.635,-2.11371653292647
235,275,305,14.6425,-2.60199989425071
235,275,305,14.65,2.01075196546514
235,275,305,14.6575,1.20631505251495
235,275,305,14.665,0.794638297215857
235,275,305,14.6725,-0.747908622602631
235,275,305,14.68,-1.19195149551714
235,275,305,14.6875,-2.66461473615987
235,275,305,14.695,2.22026048445347
235,275,305,14.7025,2.08432543710113
235,275,305,14.71,0.614716813975643
235,275,305,14.7175,-0.36556716705605
235,275,305,14.725,-1.51499741689355
235,275,305,14.7325,-2.41305411360646
235,275,305,14.74,2.51746792598571
235,275,305,14.7475,2.33379279501279
235,275,305,14.755,0.370099582875541
235,275,305,14.7625,-0.714254634232818
235,275,305,14.77,-1.61244020399547
235,275,305,14.7775,-2.31792845124852
235,275,305,14.785,-2.49268468072546
235,275,305,14.7925,-3.12495930983593
235,275,305,14.8,1.05878347562543
235,275,305,14.8075,0.594118954211737
235,275,305,14.815,-0.00546760898706728
235,275,305,14.8225,3.10746863463126
235,275,305,14.83,-0.0823296739818498
235,275,305,14.8375,2.59209107316914
235,275,305,14.845,2.6483122809396
235,275,305,14.8525,-2.76837052347393
235,275,305,14.86,2.49099868913818
235,275,305,14.8675,0.527722478689355
235,275,305,14.875,0.226939618466234
235,275,305,14.8825,-1.0154854158827
235,275,305,14.89,-0.669284255572309
235,275,305,14.8975,-1.96813230484938
235,275,305,14.905,-2.83122259785694
235,275,305,14.9125,2.18952156699836
235,275,305,14.92,1.37766897146679
235,275,305,14.9275,-0.255321237999577
235,275,305,14.935,-1.17089178552091
235,275,305,14.9425,-1.91587701395768
235,275,305,14.95,2.98419403853203
235,275,305,14.9575,2.09910590196584
235,275,305,14.965,1.1072855166453
235,275,305,14.9725,-0.336769663107632
235,275,305,14.98,-0.500012560691153
235,275,305,14.9875,-1.79613799211525
235,275,305,14.995,-2.41780431981962
235,275,305,15.0025,1.91588430596666
235,275,305,15.01,1.53579396666688
235,275,305,15.0175,0.0393879360066803
235,275,305,15.025,-0.383334926873953
235,275,305,15.0325,-2.04814621907052
235,275,305,15.04,-2.4404436703249
235,275,305,15.0475,-2.44618585241962
235,275,305,15.055,0.956529965314887
235,275,305,15.0625,1.73052775020052
235,275,305,15.07,-0.356880502377819
235,275,305,15.0775,0.841257293665281
235,275,305,15.085,0.572976050976032
235,275,305,15.0925,-0.395313013585532
235,275,305,15.1,-1.74647583053083
235,275,305,15.1075,-0.732926840798547
235,275,305,15.115,-1.81680484306845
235,275,305,15.1225,2.36332712456505
235,275,305,15.13,0.888330643862461
235,275,305,15.1375,0.676730098715722
235,275,305,15.145,-1.14298136548136
235,275,305,15.1525,-2.51356016107762
235,275,305,15.16,3.05575144160333
235,275,305,15.1675,2.94821771259691
235,275,305,15.175,1.3350093179692
235,275,305,15.1825,0.190671695686878
235,275,305,15.19,-0.639310897673109
235,275,305,15.1975,-0.624171124437394
235,275,305,15.205,-2.37590305485839
235,275,305,15.2125,2.92406850100083
235,275,305,15.22,1.90882219494482
235,275,305,15.2275,0.717661511278366
235,275,305,15.235,-0.405007778044655
235,275,305,15.2425,-1.01091638980992
235,275,305,15.25,-2.43977344369232
235,275,305,15.2575,2.67923652866943
235,275,305,15.265,1.03725767973359
235,275,305,15.2725,-0.166930745020282
235,275,305,15.28,0.103445083733019
235,275,305,15.2875,-1.34618572470155
235,275,305,15.295,2.40964402459644
235,275,305,15.3025,-1.11187704096414
235,275,305,15.31,2.48092619725774
235,275,305,15.3175,-2.26965492253708
235,275,305,15.325,-2.81147964568142
235,275,305,15.3325,2.15432320634644
235,275,305,15.34,0.412478016512659
235,275,305,15.3475,-0.0613545726233492
235,275,305,15.355,-0.711910872049308
235,275,305,15.3625,-2.50294993019719
235,275,305,15.37,-2.72893401549719
235,275,305,15.3775,2.35286596541657
235,275,305,15.385,1.23919350427328
235,275,305,15.3925,0.901558494856373
235,275,305,15.4,-1.12579877463455
235,275,305,15.4075,-0.855531593396204
235,275,305,15.415,-2.20210831448327
235,275,305,15.4225,3.09021354451521
235,275,305,15.43,1.36891684237988
235,275,305,15.4375,0.119113625753985
235,275,305,15.445,-0.295203542133297
235,275,305,15.4525,-0.39681424527233
235,275,305,15.46,-1.68365542559954
235,275,305,15.4675,-2.68803771291688
235,275,305,15.475,2.95454976408076
235,275,305,15.4825,1.31338798677192
235,275,305,15.49,0.340146446824488
235,275,305,15.4975,-0.259639438732125
235,275,305,15.505,-1.20317777489758
235,275,305,15.5125,2.42955967033275
235,275,305,15.52,2.99882892971402
235,275,305,15.5275,0.88181260398512
235,275,305,15.535,-0.276375737178242
235,275,305,15.5425,-1.28421639396854
235,275,305,15.55,-1.77989741139937
235,275,305,15.5575,2.13291678381215
235,275,305,15.565,-0.26409226641361
235,275,305,15.5725,-2.26266141365938
235,275,305,15.58,-2.39390162999983
235,275,305,15.5875,2.06700473468564
235,275,305,15.595,0.83816284012698
235,275,305,15.6025,0.668840428522637
235,275,305,15.61,-0.398554879374486
235,275,305,15.6175,-0.663601561030399
235,275,305,15.625,2.76497279528971
235,275,305,15.6325,2.12279291959122
235,275,305,15.64,2.52358756440089
235,275,305,15.6475,-0.122877886893234
235,275,305,15.655,0.837267236375483
235,275,305,15.6625,-0.809069524568678
235,275,305,15.67,-0.891454770650929
235,275,305,15.6775,-1.78123792445198
235,275,305,15.685,3.07707828585352
235,275,305,15.6925,2.0934414251013
235,275,305,15.7,1.28091719104511
235,275,305,15.7075,-0.140987682001146
235,275,305,15.715,-0.680154639521247
235,275,305,15.7225,-1.81932143645308
235,275,305,15.73,-2.75386057890715
235,275,305,15.7375,2.3877535803468
235,275,305,15.745,0.86747287053331
235,275,305,15.7525,-0.0765665300835129
235,275,305,15.76,-0.881106096743029
235,275,305,15.7675,-2.1553498142143
235,275,305,15.775,-2.84121693569262
235,275,305,15.7825,1.20551464107783
235,275,305,15.79,1.51736506599222
235,275,305,15.7975,-0.303051238166368
235,275,305,15.805,1.71188137599397
235,275,305,15.8125,1.87895540780593
235,275,305,15.82,0.103411933008804
235,275,305,15.8275,-1.44479133951595
235,275,305,15.835,-3.12160946384121
235,275,305,15.8425,2.6320616520249
235,275,305,15.85,0.308735817275121
235,275,305,15.8575,0.69135198714579
235,275,305,15.865,-0.590405682441734
235,275,305,15.8725,-1.71917996331739
235,275,305,15.88,-2.14174893320084
235,275,305,15.8875,-2.75092037141056
235,275,305,15.895,2.07016303874532
235,275,305,15.9025,1.26631260152162
235,275,305,15.91,1.43322224088427
235,275,305,15.9175,-2.792873556705
235,275,305,15.925,-3.01784477859069
235,275,305,15.9325,0.556377934887411
235,275,305,15.94,-0.956363152000059
235,275,305,15.9475,2.12901841874877
235,275,305,15.955,1.40191207241324
235,275,305,15.9625,0.769148162916644
235,275,305,15.97,-1.50203674993702
235,275,305,15.9775,-1.74017333188907
235,275,305,15.985,-3.05229021170046
235,275,305,15.9925,-2.85804419943556
235,275,305,16,-3.07611620217159
235,275,304,4,-1.2399936000407
235,275,304,4.0075,-2.14381449903484
235,275,304,4.015,3.08088195494417
235,275,304,4.0225,2.06629680738441
235,275,304,4.03,1.31731167268786
235,275,304,4.0375,0.183029449599897
235,275,304,4.045,-0.330426394724567
235,275,304,4.0525,-1.16261565289908
235,275,304,4.06,-2.17590156859503
235,275,304,4.0675,-2.86064208038158
235,275,304,4.075,2.51537623674748
235,275,304,4.0825,1.47371415890245
235,275,304,4.09,0.531135587175882
235,275,304,4.0975,-0.374588606262046
235,275,304,4.105,-1.37239527440011
235,275,304,4.1125,-2.35038356697947
235,275,304,4.12,2.81621677775177
235,275,304,4.1275,1.98634685602312
235,275,304,4.135,1.00003527228232
235,275,304,4.1425,0.00769170876360574
235,275,304,4.15,-0.722380135368996
235,275,304,4.1575,-1.53113381258916
235,275,304,4.165,-2.7230032665936
235,275,304,4.1725,2.9223165436625
235,275,304,4.18,1.97432168135384
235,275,304,4.1875,0.96626604846837
235,275,304,4.195,0.0607592549187523
235,275,304,4.2025,-0.0649944473970873
235,275,304,4.21,-1.08199214209627
235,275,304,4.2175,-1.76083304035461
235,275,304,4.225,-2.56055291806767
235,275,304,4.2325,2.58731739411369
235,275,304,4.24,1.80374472251204
235,275,304,4.2475,0.758984332733105
235,275,304,4.255,-0.289873642723266
235,275,304,4.2625,-1.23478870502712
235,275,304,4.27,-2.13225106075407
235,275,304,4.2775,-3.10452246355428
235,275,304,4.285,2.15144281107462
235,275,304,4.2925,1.26762323995241
235,275,304,4.3,0.270526712997382
235,275,304,4.3075,-0.433325663614994
235,275,304,4.315,-1.34878288536294
235,275,304,4.3225,-2.4389115219607
235,275,304,4.33,2.88070751482388
235,275,304,4.3375,1.89112599173516
235,275,304,4.345,0.807041172276027
235,275,304,4.3525,-0.25706949919188
235,275,304,4.36,-1.18603501519864
235,275,304,4.3675,-2.23586532935979
235,275,304,4.375,2.94918106900368
235,275,304,4.3825,1.80257894030291
235,275,304,4.39,0.868331010631266
235,275,304,4.3975,-0.206347928692163
235,275,304,4.405,-1.39462594181511
235,275,304,4.4125,-2.13906588713714
235,275,304,4.42,2.648811950652
235,275,304,4.4275,1.42495379690227
235,275,304,4.435,-0.0652981447942015
235,275,304,4.4425,-1.60383465388613
235,275,304,4.45,2.79850032492977
235,275,304,4.4575,1.67845455430301
235,275,304,4.465,0.607736162266926
235,275,304,4.4725,-0.672144676437111
235,275,304,4.48,-1.38087794876165
235,275,304,4.4875,-2.71957753504719
235,275,304,4.495,2.65727616565066
235,275,304,4.5025,1.60347062140224
235,275,304,4.51,0.572995816897745
235,275,304,4.5175,-0.368495301755829
235,275,304,4.525,-1.52379359039637
235,275,304,4.5325,-2.60882566750531
235,275,304,4.54,2.7909458632443
235,275,304,4.5475,2.11733806225013
235,275,304,4.555,1.26864777844059
235,275,304,4.5625,0.379009162442398
235,275,304,4.57,-0.682811753139576
235,275,304,4.5775,-1.80880913230711
235,275,304,4.585,-2.58672728691421
235,275,304,4.5925,2.63464809011575
235,275,304,4.6,1.70279392869193
235,275,304,4.6075,0.698570805386853
235,275,304,4.615,-0.388572730335031
235,275,304,4.6225,-1.34633343422667
235,275,304,4.63,-2.49342028016375
235,275,304,4.6375,2.99370374042098
235,275,304,4.645,2.21802803698284
235,275,304,4.6525,1.22382322134963
235,275,304,4.66,0.41374252557061
235,275,304,4.6675,-0.630084531672316
235,275,304,4.675,-1.68421003770804
235,275,304,4.6825,-1.96582882606245
235,275,304,4.69,-3.02280215368128
235,275,304,4.6975,2.18527431892055
235,275,304,4.705,1.58663151304583
235,275,304,4.7125,0.74189646210608
235,275,304,4.72,-0.595675766763208
235,275,304,4.7275,-1.15127887306124
235,275,304,4.735,-2.12318657413688
235,275,304,4.7425,-2.91039309886558
235,275,304,4.75,2.37701637561554
235,275,304,4.7575,2.21833725157375
235,275,304,4.765,1.69821462548846
235,275,304,4.7725,0.804112297744825
235,275,304,4.78,-0.365781081047608
235,275,304,4.7875,-1.53023763603889
235,275,304,4.795,-2.32694339192928
235,275,304,4.8025,3.02180590143746
235,275,304,4.81,2.04895112397625
235,275,304,4.8175,0.947035612609179
235,275,304,4.825,-0.264170345278866
235,275,304,4.8325,-1.00340257727469
235,275,304,4.84,-2.0346608323591
235,275,304,4.8475,3.09185450760696
235,275,304,4.855,2.0074291802103
235,275,304,4.8625,0.734456469744286
235,275,304,4.87,-0.139104557459815
235,275,304,4.8775,-1.23340910201182
235,275,304,4.885,-2.62242687496693
235,275,304,4.8925,2.51075948290466
235,275,304,4.9,1.86651321988053
235,275,304,4.9075,1.05229338630519
235,275,304,4.915,0.243232350815654
235,275,304,4.9225,-3.11037173975739
235,275,304,4.93,1.19827263286496
235,275,304,4.9375,0.430688392419408
235,275,304,4.945,-1.02360371229655
235,275,304,4.9525,-2.13238945655806
235,275,304,4.96,-2.69014799107332
235,275,304,4.9675,2.64775932583211
235,275,304,4.975,1.62759878560188
235,275,304,4.9825,0.857615993124063
235,275,304,4.99,-0.154168245013722
235,275,304,4.9975,-1.04410346606903
235,275,304,5.005,-2.42412082260792
235,275,304,5.0125,3.09879644977551
235,275,304,5.02,2.03044291588052
235,275,304,5.0275,1.1290289641231
235,275,304,5.035,0.0786882144053545
235,275,304,5.0425,-1.04916507909546
235,275,304,5.05,-2.17410409522837
235,275,304,5.0575,-3.14121115223868
235,275,304,5.065,1.92028807700996
235,275,304,5.0725,0.908021297281972
235,275,304,5.08,-0.194961621145784
235,275,304,5.0875,-1.2491055101756
235,275,304,5.095,-2.07549990460066
235,275,304,5.1025,2.98563182414993
235,275,304,5.11,1.81234643965622
235,275,304,5.1175,0.7103382248904
235,275,304,5.125,-0.24437416149315
235,275,304,5.1325,-1.60786269351672
235,275,304,5.14,-2.74202205238975
235,275,304,5.1475,2.4267631833074
235,275,304,5.155,1.55070434160257
235,275,304,5.1625,0.384132894609875
235,275,304,5.17,-1.7754896617245
235,275,304,5.1775,-2.38393229889801
235,275,304,5.185,3.0839257819705
235,275,304,5.1925,2.43765444450124
235,275,304,5.2,1.36045478186725
235,275,304,5.2075,0.300555972634867
235,275,304,5.215,-0.989160903549563
235,275,304,5.2225,-2.13267750863941
235,275,304,5.23,3.00995758081964
235,275,304,5.2375,1.90600584185608
235,275,304,5.245,0.966542931020565
235,275,304,5.2525,-0.266985874850625
235,275,304,5.26,-1.42120202971214
235,275,304,5.2675,-2.45408762299744
235,275,304,5.275,2.74703140596114
235,275,304,5.2825,1.85954301434616
235,275,304,5.29,0.563521402883343
235,275,304,5.2975,-0.33081077891286
235,275,304,5.305,-1.55978934010155
235,275,304,5.3125,-2.46699572559314
235,275,304,5.32,2.89832481561619
235,275,304,5.3275,2.13680243843659
235,275,304,5.335,0.716003846275914
235,275,304,5.3425,-0.406587885070082
235,275,304,5.35,-0.7681543066997
235,275,304,5.3575,-1.84032321472043
235,275,304,5.365,-2.89243842183567
235,275,304,5.3725,-3.04634061328568
235,275,304,5.38,2.72549605632088
235,275,304,5.3875,2.41776712278385
235,275,304,5.395,1.07653510310852
235,275,304,5.4025,-0.343433675574248
235,275,304,5.41,-0.383523585752886
235,275,304,5.4175,-1.91217250814115
235,275,304,5.425,2.68862399521762
235,275,304,5.4325,2.74875279695602
235,275,304,5.44,2.78684573417153
235,275,304,5.4475,1.33644617868077
235,275,304,5.455,0.854890320701562
235,275,304,5.4625,0.00957673566754903
235,275,304,5.47,-1.11231374174472
235,275,304,5.4775,-1.98250405873884
235,275,304,5.485,-2.96220618792651
235,275,304,5.4925,2.15167327249214
235,275,304,5.5,1.19182905536065
235,275,304,5.5075,-0.0451054567055986
235,275,304,5.515,-0.961680526500354
235,275,304,5.5225,-1.98033691472746
235,275,304,5.53,-3.02772742357659
235,275,304,5.5375,2.31568655301629
235,275,304,5.545,1.37998691030278
235,275,304,5.5525,0.396043910287074
235,275,304,5.56,-0.458585235099287
235,275,304,5.5675,-1.46746046743228
235,275,304,5.575,-2.11022574687073
235,275,304,5.5825,2.73870435286226
235,275,304,5.59,2.08821161956605
235,275,304,5.5975,0.617561049490919
235,275,304,5.605,0.177343033251405
235,275,304,5.6125,-1.04166525671678
235,275,304,5.62,-2.6174422084821
235,275,304,5.6275,-1.58251946070897
235,275,304,5.635,-1.95159257406492
235,275,304,5.6425,-3.01776101189393
235,275,304,5.65,2.7451335659438
235,275,304,5.6575,1.47466273080828
235,275,304,5.665,0.825178722054912
235,275,304,5.6725,-0.26071382370981
235,275,304,5.68,-0.606501686012486
235,275,304,5.6875,-1.86177941104299
235,275,304,5.695,-2.71743515393275
235,275,304,5.7025,2.63392611442501
235,275,304,5.71,1.54725638568928
235,275,304,5.7175,0.36131716679353
235,275,304,5.725,-0.583020555505336
235,275,304,5.7325,-1.56602230022356
235,275,304,5.74,-2.74329368640048
235,275,304,5.7475,2.66095596706686
235,275,304,5.755,1.50046945826908
235,275,304,5.7625,0.505411534398366
235,275,304,5.77,-0.584476462793309
235,275,304,5.7775,-1.6327823736383
235,275,304,5.785,-2.73528699835476
235,275,304,5.7925,2.57776403233555
235,275,304,5.8,1.58783710361415
235,275,304,5.8075,0.379625571757152
235,275,304,5.815,-0.516715660346857
235,275,304,5.8225,-1.57370034352977
235,275,304,5.83,-2.77779840830239
235,275,304,5.8375,2.63050408581565
235,275,304,5.845,1.62426762817536
235,275,304,5.8525,0.546283628427743
235,275,304,5.86,-0.682853817834494
235,275,304,5.8675,-1.94247062889613
235,275,304,5.875,-2.61130734429557
235,275,304,5.8825,2.58000458565657
235,275,304,5.89,0.748206053011134
235,275,304,5.8975,-1.30826596437131
235,275,304,5.905,-2.16495710628355
235,275,304,5.9125,2.88896343553406
235,275,304,5.92,2.03534114387066
235,275,304,5.9275,0.823069512144683
235,275,304,5.935,0.0884134421658489
235,275,304,5.9425,-1.05156650910929
235,275,304,5.95,-2.34292310387466
235,275,304,5.9575,3.13693608641695
235,275,304,5.965,2.20840506302127
235,275,304,5.9725,1.07289663302555
235,275,304,5.98,-0.00987118574562951
235,275,304,5.9875,-1.00679896254112
235,275,304,5.995,-1.97519585554251
235,275,304,6.0025,3.03584553430473
235,275,304,6.01,2.00198574936932
235,275,304,6.0175,1.04705670004322
235,275,304,6.025,0.0196704836195372
235,275,304,6.0325,-0.797601224245231
235,275,304,6.04,-2.07309388727505
235,275,304,6.0475,-2.76666036606022
235,275,304,6.055,2.29439512708319
235,275,304,6.0625,1.74644995113889
235,275,304,6.07,0.768641248179495
235,275,304,6.0775,-0.253915650119032
235,275,304,6.085,-0.983519341490784
235,275,304,6.0925,-0.844479522854352
235,275,304,6.1,-1.61562243947699
235,275,304,6.1075,2.79768330120843
235,275,304,6.115,2.07547906005122
235,275,304,6.1225,1.36454903165094
235,275,304,6.13,1.01514879012009
235,275,304,6.1375,-0.24270147313988
235,275,304,6.145,-0.596673050520833
235,275,304,6.1525,-1.73792314227164
235,275,304,6.16,-2.70406719020682
235,275,304,6.1675,2.36936768636818
235,275,304,6.175,1.92550011554949
235,275,304,6.1825,0.52997835387775
235,275,304,6.19,0.203248286300421
235,275,304,6.1975,-1.48863176027261
235,275,304,6.205,-2.2150974595985
235,275,304,6.2125,-2.33742318709558
235,275,304,6.22,2.89992463093654
235,275,304,6.2275,1.27273031093133
235,275,304,6.235,0.536385787595254
235,275,304,6.2425,0.183759912814825
235,275,304,6.25,-1.25980124583377
235,275,304,6.2575,-2.05268947823152
235,275,304,6.265,-3.06590561850263
235,275,304,6.2725,1.93939524502104
235,275,304,6.28,1.19603412650218
235,275,304,6.2875,0.572532178439443
235,275,304,6.295,-0.675490014723436
235,275,304,6.3025,-1.31751871960109
235,275,304,6.31,-2.2512927930796
235,275,304,6.3175,2.49056835745313
235,275,304,6.325,1.4563135368701
235,275,304,6.3325,1.54031497878643
235,275,304,6.34,1.31250961602837
235,275,304,6.3475,-0.0397897720267805
235,275,304,6.355,-1.03640683727888
235,275,304,6.3625,-1.8154350582572
235,275,304,6.37,-2.95107903276114
235,275,304,6.3775,2.51519109826963
235,275,304,6.385,1.62869486001347
235,275,304,6.3925,0.845712699137747
235,275,304,6.4,-0.319290017606056
235,275,304,6.4075,-0.977920456614201
235,275,304,6.415,-2.10150579444223
235,275,304,6.4225,-3.09287046619824
235,275,304,6.43,2.32776896554914
235,275,304,6.4375,1.20307636489831
235,275,304,6.445,0.292077218163843
235,275,304,6.4525,-0.576788256705126
235,275,304,6.46,-1.47347271298655
235,275,304,6.4675,-2.27202921221512
235,275,304,6.475,3.08807663231417
235,275,304,6.4825,2.43108007459278
235,275,304,6.49,1.32786035256415
235,275,304,6.4975,0.255371191861578
235,275,304,6.505,-0.762135208242199
235,275,304,6.5125,-1.86722734193171
235,275,304,6.52,-2.55581056234618
235,275,304,6.5275,2.65201239487065
235,275,304,6.535,1.45302209910197
235,275,304,6.5425,0.509329089972413
235,275,304,6.55,-0.35428911812699
235,275,304,6.5575,-1.20823260037705
235,275,304,6.565,-1.97437331495768
235,275,304,6.5725,-2.66857637859385
235,275,304,6.58,-3.13255307285581
235,275,304,6.5875,2.33314001616611
235,275,304,6.595,1.62746861238737
235,275,304,6.6025,0.437332804839943
235,275,304,6.61,-0.0256322678510062
235,275,304,6.6175,-0.557014279052767
235,275,304,6.625,-1.75815576846091
235,275,304,6.6325,-2.88093576764879
235,275,304,6.64,2.49180289465126
235,275,304,6.6475,1.32376698882911
235,275,304,6.655,0.5081191562632
235,275,304,6.6625,-0.47492933002639
235,275,304,6.67,-1.16916483000405
235,275,304,6.6775,-2.35003926106581
235,275,304,6.685,-2.96942584148301
235,275,304,6.6925,2.17521618094407
235,275,304,6.7,1.55556092856284
235,275,304,6.7075,0.718696292153853
235,275,304,6.715,-0.522087025362441
235,275,304,6.7225,-1.50177544441668
235,275,304,6.73,-2.27724280272796
235,275,304,6.7375,2.94688696779247
235,275,304,6.745,2.09764443387545
235,275,304,6.7525,0.995897705715412
235,275,304,6.76,-0.166911517386878
235,275,304,6.7675,-1.1200385936066
235,275,304,6.775,-2.13109049491519
235,275,304,6.7825,3.10471856444319
235,275,304,6.79,2.17823052313208
235,275,304,6.7975,1.31297068277364
235,275,304,6.805,1.03123548497685
235,275,304,6.8125,-0.0108226339162314
235,275,304,6.82,-1.08425056900164
235,275,304,6.8275,-2.0164232814512
235,275,304,6.835,-2.43212758251311
235,275,304,6.8425,2.92522091546391
235,275,304,6.85,1.98224054654068
235,275,304,6.8575,1.3912987938435
235,275,304,6.865,0.0908498678301334
235,275,304,6.8725,-0.688895891610005
235,275,304,6.88,-1.5787195016361
235,275,304,6.8875,-2.63268910750039
235,275,304,6.895,2.41869588431879
235,275,304,6.9025,1.62409355404266
235,275,304,6.91,0.718311726095326
235,275,304,6.9175,-0.159149176427716
235,275,304,6.925,-1.18787518499317
235,275,304,6.9325,-2.23260854333804
235,275,304,6.94,-2.9291655795297
235,275,304,6.9475,2.50524576529893
235,275,304,6.955,1.75378373198263
235,275,304,6.9625,1.06577673252051
235,275,304,6.97,-0.288798978142643
235,275,304,6.9775,-1.02112048922539
235,275,304,6.985,-2.01685413314156
235,275,304,6.9925,-2.80928316849881
235,275,304,7,2.38602345999552
235,275,304,7.0075,1.61911406524234
235,275,304,7.015,0.440094512123914
235,275,304,7.0225,-0.462070272209059
235,275,304,7.03,-1.3240587786547
235,275,304,7.0375,-2.40952591144288
235,275,304,7.045,-3.1126578601155
235,275,304,7.0525,2.42477779254203
235,275,304,7.06,1.42746314344285
235,275,304,7.0675,0.762845281662589
235,275,304,7.075,-0.230877089651951
235,275,304,7.0825,-1.18823627974285
235,275,304,7.09,-1.94167695995262
235,275,304,7.0975,-2.54048966570795
235,275,304,7.105,2.36602398092583
235,275,304,7.1125,1.46466159026744
235,275,304,7.12,0.829693847042471
235,275,304,7.1275,0.0114133412616792
235,275,304,7.135,-1.09245220459956
235,275,304,7.1425,-2.09131891519481
235,275,304,7.15,-3.04732492811948
235,275,304,7.1575,2.28562965318306
235,275,304,7.165,1.33069057285754
235,275,304,7.1725,0.391990604877751
235,275,304,7.18,-0.661003748389362
235,275,304,7.1875,-1.52860257257963
235,275,304,7.195,-2.43875176490723
235,275,304,7.2025,2.87366334075382
235,275,304,7.21,2.40625005899067
235,275,304,7.2175,1.47266371497687
235,275,304,7.225,0.668203268692652
235,275,304,7.2325,-0.412764521611882
235,275,304,7.24,-1.33003415717267
235,275,304,7.2475,-2.33474952285873
235,275,304,7.255,3.03101613003279
235,275,304,7.2625,1.99082420671501
235,275,304,7.27,1.14191946831263
235,275,304,7.2775,0.173382176871849
235,275,304,7.285,-0.944679086269263
235,275,304,7.2925,-1.80131960363699
235,275,304,7.3,-2.78577760549141
235,275,304,7.3075,2.73093488934496
235,275,304,7.315,1.71008158698105
235,275,304,7.3225,0.787976452359695
235,275,304,7.33,0.051909539307426
235,275,304,7.3375,-0.695351368618147
235,275,304,7.345,-1.3149049870302
235,275,304,7.3525,-2.4105552812131
235,275,304,7.36,2.79708284423656
235,275,304,7.3675,2.00679061613484
235,275,304,7.375,0.861603459486855
235,275,304,7.3825,0.319204324105212
235,275,304,7.39,-0.660923747802522
235,275,304,7.3975,-1.72636256695689
235,275,304,7.405,-2.53587274346394
235,275,304,7.4125,2.57677381121715
235,275,304,7.42,1.83753082673647
235,275,304,7.4275,0.612213962980729
235,275,304,7.435,0.0439986737587791
235,275,304,7.4425,-0.833737128454933
235,275,304,7.45,-1.7556255795392
235,275,304,7.4575,-2.72127408928575
235,275,304,7.465,2.91407620224326
235,275,304,7.4725,1.99305763979201
235,275,304,7.48,1.04750440769804
235,275,304,7.4875,0.354445683193936
235,275,304,7.495,-0.812889824312666
235,275,304,7.5025,-1.79761608738717
235,275,304,7.51,-2.70178065522044
235,275,304,7.5175,2.5724228424458
235,275,304,7.525,1.63264742408008
235,275,304,7.5325,0.678819866954864
235,275,304,7.54,-0.270759112582103
235,275,304,7.5475,-1.1666377346231
235,275,304,7.555,-2.09071894406227
235,275,304,7.5625,-3.04479869363833
235,275,304,7.57,2.55741569603828
235,275,304,7.5775,1.72625270759712
235,275,304,7.585,0.91483442126589
235,275,304,7.5925,0.0450054333412098
235,275,304,7.6,-0.960369584297325
235,275,304,7.6075,-1.8235127116714
235,275,304,7.615,-2.79795615547496
235,275,304,7.6225,2.42937536929023
235,275,304,7.63,1.7555339198318
235,275,304,7.6375,0.559328915484056
235,275,304,7.645,-0.407502569734629
235,275,304,7.6525,-1.39643366536773
235,275,304,7.66,-2.27987245451678
235,275,304,7.6675,-3.0876934997703
235,275,304,7.675,2.09854895953823
235,275,304,7.6825,1.32025126594715
235,275,304,7.69,0.696833513289392
235,275,304,7.6975,-0.482880495890379
235,275,304,7.705,-1.28152117204754
235,275,304,7.7125,-2.23067559448902
235,275,304,7.72,-2.62031216352541
235,275,304,7.7275,2.42602041973894
235,275,304,7.735,1.47172403832115
235,275,304,7.7425,0.761041268506517
235,275,304,7.75,-0.187623834049003
235,275,304,7.7575,-0.998680691736481
235,275,304,7.765,-2.1264093911086
235,275,304,7.7725,-3.06477623987228
235,275,304,7.78,2.17873285585277
235,275,304,7.7875,1.18491999784829
235,275,304,7.795,0.161257805749215
235,275,304,7.8025,-0.921914104132615
235,275,304,7.81,-1.7916137586899
235,275,304,7.8175,-2.8771205794673
235,275,304,7.825,2.77730492064988
235,275,304,7.8325,1.99989658802695
235,275,304,7.84,1.51895834721254
235,275,304,7.8475,1.18187979650811
235,275,304,7.855,-0.0411606771902784
235,275,304,7.8625,-0.936492103110581
235,275,304,7.87,-1.77635959539886
235,275,304,7.8775,-2.77368229721923
235,275,304,7.885,2.72208561784484
235,275,304,7.8925,1.51135615706429
235,275,304,7.9,0.571840106892236
235,275,304,7.9075,-0.604327555593621
235,275,304,7.915,-1.14977816453991
235,275,304,7.9225,-2.23542919086088
235,275,304,7.93,-3.02639506950843
235,275,304,7.9375,2.37137259138621
235,275,304,7.945,1.39910707925874
235,275,304,7.9525,0.5102291819648
235,275,304,7.96,-0.397166051296181
235,275,304,7.9675,-1.49092604154335
235,275,304,7.975,-2.13095981051903
235,275,304,7.9825,3.08690544434857
235,275,304,7.99,2.11845920692279
235,275,304,7.9975,1.28789551376416
235,275,304,8.005,0.217182548654342
235,275,304,8.0125,-0.686038802781832
235,275,304,8.02,-1.69898852010474
235,275,304,8.0275,-2.66774373734176
235,275,304,8.035,2.49445371934372
235,275,304,8.0425,1.6344906421149
235,275,304,8.05,0.775802416526129
235,275,304,8.0575,-0.306778094362838
235,275,304,8.065,-1.41778563375691
235,275,304,8.0725,-2.08618943450033
235,275,304,8.08,-2.96036477138773
235,275,304,8.0875,2.29762877423775
235,275,304,8.095,1.82281511223847
235,275,304,8.1025,1.66582501002131
235,275,304,8.11,0.354707683260924
235,275,304,8.1175,-0.500448124136866
235,275,304,8.125,-1.4825849792332
235,275,304,8.1325,-2.26572441092435
235,275,304,8.14,-2.99746291910668
235,275,304,8.1475,2.24223821844009
235,275,304,8.155,1.28421104251286
235,275,304,8.1625,0.167638272427173
235,275,304,8.17,-0.657687666589592
235,275,304,8.1775,-1.69659548025709
235,275,304,8.185,-2.74099754960514
235,275,304,8.1925,2.72337548333591
235,275,304,8.2,1.8230794591306
235,275,304,8.2075,1.02470453995516
235,275,304,8.215,-0.077989184099672
235,275,304,8.2225,-0.904509866195924
235,275,304,8.23,-1.56682694485569
235,275,304,8.2375,-2.61258153065437
235,275,304,8.245,2.82705220334394
235,275,304,8.2525,1.73598252544081
235,275,304,8.26,0.970528268739815
235,275,304,8.2675,-0.13083283142028
235,275,304,8.275,-1.23303256813302
235,275,304,8.2825,-2.13177293957087
235,275,304,8.29,-2.94309532947064
235,275,304,8.2975,2.29060207470616
235,275,304,8.305,1.28282102578448
235,275,304,8.3125,0.533069886596088
235,275,304,8.32,-0.290750973681563
235,275,304,8.3275,-1.15527411272285
235,275,304,8.335,-1.87646576591082
235,275,304,8.3425,-2.83825074808775
235,275,304,8.35,2.55576831200813
235,275,304,8.3575,1.70734621251787
235,275,304,8.365,0.708240014812684
235,275,304,8.3725,-0.195995916253613
235,275,304,8.38,-1.04347460415153
235,275,304,8.3875,-1.95955171560634
235,275,304,8.395,-2.94473763102238
235,275,304,8.4025,2.41622967630332
235,275,304,8.41,1.31670088218757
235,275,304,8.4175,0.690296608009497
235,275,304,8.425,-0.471914292641156
235,275,304,8.4325,-1.33611304960756
235,275,304,8.44,-2.26728390980713
235,275,304,8.4475,3.02432704434713
235,275,304,8.455,2.31405928262399
235,275,304,8.4625,1.62439827904663
235,275,304,8.47,0.521757957196155
235,275,304,8.4775,-0.204679387360693
235,275,304,8.485,-1.26491033425383
235,275,304,8.4925,-2.15373802017422
235,275,304,8.5,-2.82456037037742
235,275,304,8.5075,2.33839162065233
235,275,304,8.515,1.25782549563522
235,275,304,8.5225,0.250527906703955
235,275,304,8.53,-0.816856829751413
235,275,304,8.5375,-1.72765316882079
235,275,304,8.545,-2.65119903010232
235,275,304,8.5525,2.50585511229847
235,275,304,8.56,1.68972074347944
235,275,304,8.5675,0.486979193241524
235,275,304,8.575,-0.29302247867398
235,275,304,8.5825,-1.03346278744747
235,275,304,8.59,-2.00570468305929
235,275,304,8.5975,-2.2494421937533
235,275,304,8.605,-2.68400993186346
235,275,304,8.6125,2.83864450114589
235,275,304,8.62,1.73592745552077
235,275,304,8.6275,0.875195894373454
235,275,304,8.635,0.0713178074180428
235,275,304,8.6425,-1.24699379058553
235,275,304,8.65,-1.99775479374919
235,275,304,8.6575,-2.85508452260879
235,275,304,8.665,2.56853249639296
235,275,304,8.6725,1.39258557926425
235,275,304,8.68,0.480458812237283
235,275,304,8.6875,-0.359817649996184
235,275,304,8.695,-1.43273573394214
235,275,304,8.7025,-2.28278775548256
235,275,304,8.71,2.97084594308839
235,275,304,8.7175,2.06992771301252
235,275,304,8.725,1.26860084717735
235,275,304,8.7325,0.30364022356407
235,275,304,8.74,-0.756388125404639
235,275,304,8.7475,-1.70615003484938
235,275,304,8.755,-2.73667731025489
235,275,304,8.7625,2.66172167996972
235,275,304,8.77,1.71787744287053
235,275,304,8.7775,0.771424288087537
235,275,304,8.785,-0.0817763874395806
235,275,304,8.7925,-1.27797494380956
235,275,304,8.8,-2.27674559222996
235,275,304,8.8075,3.00716827625668
235,275,304,8.815,1.83064541596773
235,275,304,8.8225,0.958311087331254
235,275,304,8.83,0.55723820609619
235,275,304,8.8375,-0.405972290270664
235,275,304,8.845,-1.29280459504302
235,275,304,8.8525,-2.23745187656313
235,275,304,8.86,-1.54649809455799
235,275,304,8.8675,-2.68582718264415
235,275,304,8.875,2.58054649306012
235,275,304,8.8825,1.46767271928154
235,275,304,8.89,0.667321905411973
235,275,304,8.8975,-0.425736072834394
235,275,304,8.905,-1.39712060475411
235,275,304,8.9125,-2.61950251564238
235,275,304,8.92,2.73230984949595
235,275,304,8.9275,2.15901927982396
235,275,304,8.935,0.960413070614799
235,275,304,8.9425,-0.177731682496455
235,275,304,8.95,-0.902166141845887
235,275,304,8.9575,-1.67566111594231
235,275,304,8.965,-2.62961987806899
235,275,304,8.9725,2.74224848124409
235,275,304,8.98,1.93169472521391
235,275,304,8.9875,1.00165682351199
235,275,304,8.995,-0.0270867915775033
235,275,304,9.0025,-0.835869465223871
235,275,304,9.01,-2.00545714598468
235,275,304,9.0175,-2.84797068431432
235,275,304,9.025,2.26883919454391
235,275,304,9.0325,1.6534536649234
235,275,304,9.04,0.650739679255212
235,275,304,9.0475,-0.355486552055556
235,275,304,9.055,-1.20473529895057
235,275,304,9.0625,-2.11498148102233
235,275,304,9.07,-3.0588386800932
235,275,304,9.0775,2.26085058630235
235,275,304,9.085,1.41110308751955
235,275,304,9.0925,0.477631318173015
235,275,304,9.1,0.173729060529958
235,275,304,9.1075,-1.55731876946355
235,275,304,9.115,-1.5902547144675
235,275,304,9.1225,-2.65191137966281
235,275,304,9.13,2.57387619293803
235,275,304,9.1375,1.63464726633398
235,275,304,9.145,0.887465090363166
235,275,304,9.1525,-0.484381413220018
235,275,304,9.16,-1.32577915504583
235,275,304,9.1675,-2.34006876676176
235,275,304,9.175,3.09821960263564
235,275,304,9.1825,2.09227855548246
235,275,304,9.19,0.964982264998615
235,275,304,9.1975,0.156239254468571
235,275,304,9.205,-0.545426720638825
235,275,304,9.2125,-0.993086117703974
235,275,304,9.22,-2.08931672033573
235,275,304,9.2275,-2.88887777571151
235,275,304,9.235,2.31440552017003
235,275,304,9.2425,1.49095083439641
235,275,304,9.25,0.64141400536895
235,275,304,9.2575,-0.437353983697426
235,275,304,9.265,-1.41067987805662
235,275,304,9.2725,-2.27067643603726
235,275,304,9.28,2.92180160611362
235,275,304,9.2875,2.0295471548491
235,275,304,9.295,1.044229779646
235,275,304,9.3025,0.189468664338496
235,275,304,9.31,-0.785571474859784
235,275,304,9.3175,-1.88631082266142
235,275,304,9.325,-2.9950558225571
235,275,304,9.3325,2.44113729535245
235,275,304,9.34,1.61394534869808
235,275,304,9.3475,0.583160578915536
235,275,304,9.355,0.989729879432889
235,275,304,9.3625,-0.00991184002620176
235,275,304,9.37,-0.910809966093694
235,275,304,9.3775,-1.62086069242462
235,275,304,9.385,-2.52164567881845
235,275,304,9.3925,2.72253696146253
235,275,304,9.4,1.72945535677562
235,275,304,9.4075,0.675874957272417
235,275,304,9.415,-0.301603724413079
235,275,304,9.4225,-1.31682262959068
235,275,304,9.43,-2.08117993291022
235,275,304,9.4375,2.98346965176043
235,275,304,9.445,1.98437890480405
235,275,304,9.4525,1.23282096462935
235,275,304,9.46,0.251394418062525
235,275,304,9.4675,-0.769600254297885
235,275,304,9.475,-1.3949873260744
235,275,304,9.4825,-2.45777449318641
235,275,304,9.49,2.92985405621119
235,275,304,9.4975,2.03017147017826
235,275,304,9.505,0.862994341489118
235,275,304,9.5125,0.123250418134662
235,275,304,9.52,-1.07669828678676
235,275,304,9.5275,-1.94551190835019
235,275,304,9.535,-3.14037961266221
235,275,304,9.5425,2.2080940796927
235,275,304,9.55,1.42834776912011
235,275,304,9.5575,0.41009147308721
235,275,304,9.565,-0.41640508742989
235,275,304,9.5725,-1.41699448979589
235,275,304,9.58,-2.32716946586608
235,275,304,9.5875,2.74222758978894
235,275,304,9.595,2.12302961858877
235,275,304,9.6025,1.02221666875475
235,275,304,9.61,1.34665629255399
235,275,304,9.6175,0.325012721668994
235,275,304,9.625,-0.707387172933149
235,275,304,9.6325,-0.860389195818876
235,275,304,9.64,-2.44145682809224
235,275,304,9.6475,3.10240985877109
235,275,304,9.655,1.99279896687902
235,275,304,9.6625,1.00305305517777
235,275,304,9.67,0.17347447893706
235,275,304,9.6775,-0.765175400509815
235,275,304,9.685,-1.87321277322878
235,275,304,9.6925,-2.45445184485207
235,275,304,9.7,2.7235001679085
235,275,304,9.7075,2.03181117362695
235,275,304,9.715,1.12763519060783
235,275,304,9.7225,0.094848983802836
235,275,304,9.73,-0.558799407585574
235,275,304,9.7375,-1.76626518475292
235,275,304,9.745,-2.64078638979862
235,275,304,9.7525,3.05371005827208
235,275,304,9.76,1.93258348077056
235,275,304,9.7675,0.984752834413639
235,275,304,9.775,-0.0800381794996593
235,275,304,9.7825,-1.16350931621256
235,275,304,9.79,-2.16131356830673
235,275,304,9.7975,3.11053079794403
235,275,304,9.805,2.11602227390968
235,275,304,9.8125,1.17356212472953
235,275,304,9.82,0.0934813052619061
235,275,304,9.8275,-0.896462270438825
235,275,304,9.835,-1.71959888139133
235,275,304,9.8425,-2.62460183511636
235,275,304,9.85,2.69716516784536
235,275,304,9.8575,1.94746202635866
235,275,304,9.865,1.21814516759486
235,275,304,9.8725,0.462937799328301
235,275,304,9.88,-0.299925534269124
235,275,304,9.8875,-1.3071606882435
235,275,304,9.895,-1.98479306747752
235,275,304,9.9025,-2.98817146494446
235,275,304,9.91,2.32532032529746
235,275,304,9.9175,1.32598179382584
235,275,304,9.925,0.43490631060332
235,275,304,9.9325,-0.304307169344193
235,275,304,9.94,-1.20577553221194
235,275,304,9.9475,-1.98453480658478
235,275,304,9.955,-2.79755033021757
235,275,304,9.9625,2.45874811912609
235,275,304,9.97,1.32260431527341
235,275,304,9.9775,0.574292467843619
235,275,304,9.985,-0.301338560045822
235,275,304,9.9925,-1.50389468506181
235,275,304,10,-2.25378469843221
235,275,304,10.0075,3.12797840058213
235,275,304,10.015,2.18413836804992
235,275,304,10.0225,1.02397157459461
235,275,304,10.03,0.0703578067527673
235,275,304,10.0375,-0.937532482848786
235,275,304,10.045,-1.8920737435854
235,275,304,10.0525,-2.70728040186588
235,275,304,10.06,2.35341000338669
235,275,304,10.0675,0.866579080651201
235,275,304,10.075,0.334298376022069
235,275,304,10.0825,-0.810791675036555
235,275,304,10.09,-1.53457574889715
235,275,304,10.0975,-1.87665131339296
235,275,304,10.105,-2.68198929167777
235,275,304,10.1125,-3.07085486073861
235,275,304,10.12,2.8534641286914
235,275,304,10.1275,1.56123172087479
235,275,304,10.135,0.986398277059798
235,275,304,10.1425,-0.350681351034421
235,275,304,10.15,-1.24401218542835
235,275,304,10.1575,-2.08531056648572
235,275,304,10.165,-2.94607335113586
235,275,304,10.1725,2.19799309688503
235,275,304,10.18,1.38873472157704
235,275,304,10.1875,0.318989920106611
235,275,304,10.195,-0.558378281045525
235,275,304,10.2025,-1.46760975661504
235,275,304,10.21,-2.22533259848506
235,275,304,10.2175,2.94840125085181
235,275,304,10.225,2.07809777499359
235,275,304,10.2325,1.02993538466483
235,275,304,10.24,0.134710252861382
235,275,304,10.2475,-0.842050132314115
235,275,304,10.255,-1.92133118930468
235,275,304,10.2625,-2.89208407637485
235,275,304,10.27,2.41071520826597
235,275,304,10.2775,1.45380554431122
235,275,304,10.285,0.385042735234249
235,275,304,10.2925,-0.5980512928351
235,275,304,10.3,-1.66588669448741
235,275,304,10.3075,-2.45651099664277
235,275,304,10.315,2.74421131925413
235,275,304,10.3225,1.4914978200091
235,275,304,10.33,0.795100969838154
235,275,304,10.3375,-0.213078480538704
235,275,304,10.345,-0.706434901508305
235,275,304,10.3525,-2.96060324574878
235,275,304,10.36,-2.04106485712139
235,275,304,10.3675,-2.27947754634379
235,275,304,10.375,-2.95206046855886
235,275,304,10.3825,2.37136186269428
235,275,304,10.39,1.50437861145236
235,275,304,10.3975,0.889607991824506
235,275,304,10.405,-0.576939821124243
235,275,304,10.4125,-1.26820412520196
235,275,304,10.42,-2.49886123683171
235,275,304,10.4275,2.81323683953563
235,275,304,10.435,1.99616003022819
235,275,304,10.4425,0.761278234377778
235,275,304,10.45,0.105369416577061
235,275,304,10.4575,-0.215772435352668
235,275,304,10.465,-1.66197266897682
235,275,304,10.4725,-2.66352093459391
235,275,304,10.48,2.74763505677742
235,275,304,10.4875,1.88638363148272
235,275,304,10.495,0.984316660923164
235,275,304,10.5025,-0.252608005529016
235,275,304,10.51,-1.04431858216368
235,275,304,10.5175,-1.75350053218987
235,275,304,10.525,-2.63884373792146
235,275,304,10.5325,2.29382730289608
235,275,304,10.54,1.30796699945327
235,275,304,10.5475,0.430640535879958
235,275,304,10.555,-0.33386275706361
235,275,304,10.5625,-1.57746163248509
235,275,304,10.57,-2.61237522911455
235,275,304,10.5775,2.6616994937921
235,275,304,10.585,1.98388909438603
235,275,304,10.5925,0.678828178970224
235,275,304,10.6,-0.239502402538577
235,275,304,10.6075,0.0189831305757408
235,275,304,10.615,-2.44008554022273
235,275,304,10.6225,-0.487586606511607
235,275,304,10.63,-2.12266622109899
235,275,304,10.6375,2.8993157339787
235,275,304,10.645,2.33021176596054
235,275,304,10.6525,1.40876084813066
235,275,304,10.66,0.209462400642235
235,275,304,10.6675,-0.877360330087772
235,275,304,10.675,-1.62112241450862
235,275,304,10.6825,-2.65828673064531
235,275,304,10.69,2.60781900966613
235,275,304,10.6975,1.66734219541776
235,275,304,10.705,0.726278428523294
235,275,304,10.7125,-0.0326733892354717
235,275,304,10.72,-1.34374653492725
235,275,304,10.7275,-2.65394603321874
235,275,304,10.735,2.92203535632777
235,275,304,10.7425,2.23197718411038
235,275,304,10.75,1.25429501897438
235,275,304,10.7575,0.112232602911424
235,275,304,10.765,-0.618115856480847
235,275,304,10.7725,-1.39564886261742
235,275,304,10.78,-2.74897489783216
235,275,304,10.7875,2.78926768610949
235,275,304,10.795,1.71125663750787
235,275,304,10.8025,0.690445081873449
235,275,304,10.81,-0.840348817274979
235,275,304,10.8175,-1.68088279248116
235,275,304,10.825,-2.59942213915803
235,275,304,10.8325,2.4192647594373
235,275,304,10.84,1.36674907269521
235,275,304,10.8475,-0.0999437681969316
235,275,304,10.855,-2.10608654696655
235,275,304,10.8625,2.22704232828615
235,275,304,10.87,0.984915737303023
235,275,304,10.8775,-0.170383335977875
235,275,304,10.885,-0.907705876123625
235,275,304,10.8925,-1.97380529292479
235,275,304,10.9,3.01074917258655
235,275,304,10.9075,1.97793936879276
235,275,304,10.915,0.845923333701829
235,275,304,10.9225,-0.198596166265569
235,275,304,10.93,-1.39743723687163
235,275,304,10.9375,-2.24116860339497
235,275,304,10.945,2.90943318112581
235,275,304,10.9525,2.17670992690494
235,275,304,10.96,0.794445752159685
235,275,304,10.9675,-0.0280588213263529
235,275,304,10.975,-1.17753904496706
235,275,304,10.9825,-1.99901566573819
235,275,304,10.99,-2.72308501318355
235,275,304,10.9975,2.38882725669902
235,275,304,11.005,1.87715533535929
235,275,304,11.0125,1.06836174566748
235,275,304,11.02,0.00592976895971507
235,275,304,11.0275,-0.967499804005367
235,275,304,11.035,-2.14071459496042
235,275,304,11.0425,-2.76546199388115
235,275,304,11.05,2.23211927358757
235,275,304,11.0575,0.827459421241991
235,275,304,11.065,-0.102706717943549
235,275,304,11.0725,-1.06563104418455
235,275,304,11.08,-2.58118786291285
235,275,304,11.0875,1.268188762989
235,275,304,11.095,-0.75505936678092
235,275,304,11.1025,-2.53341121971356
235,275,304,11.11,2.3663805111165
235,275,304,11.1175,2.31883559822016
235,275,304,11.125,0.701139782126091
235,275,304,11.1325,0.189789695702553
235,275,304,11.14,-0.644135938578568
235,275,304,11.1475,-1.36611286989337
235,275,304,11.155,-2.97915830883773
235,275,304,11.1625,2.09590524568226
235,275,304,11.17,1.73481622259082
235,275,304,11.1775,0.459197190364082
235,275,304,11.185,-0.360534918046769
235,275,304,11.1925,-1.57542431628452
235,275,304,11.2,-2.31943566358859
235,275,304,11.2075,3.00745370789424
235,275,304,11.215,2.08749566952291
235,275,304,11.2225,1.08732711750246
235,275,304,11.23,-0.144155014639764
235,275,304,11.2375,-0.951469284747038
235,275,304,11.245,-1.52060308205631
235,275,304,11.2525,-2.77984640604691
235,275,304,11.26,2.53731727028723
235,275,304,11.2675,1.85522778709285
235,275,304,11.275,0.40916817588633
235,275,304,11.2825,-0.60660629208368
235,275,304,11.29,-1.18500591949927
235,275,304,11.2975,-2.42374058529331
235,275,304,11.305,2.97653235168876
235,275,304,11.3125,1.62942315085577
235,275,304,11.32,1.18758844958616
235,275,304,11.3275,0.27490613288616
235,275,304,11.335,0.496177379512564
235,275,304,11.3425,0.162784807739766
235,275,304,11.35,-1.06857266173285
235,275,304,11.3575,-2.24395310861668
235,275,304,11.365,-3.12267857701354
235,275,304,11.3725,2.00571997536106
235,275,304,11.38,0.792624376503556
235,275,304,11.3875,-0.0494013558303679
235,275,304,11.395,-0.943026504541999
235,275,304,11.4025,-1.7138222494442
235,275,304,11.41,-2.84849991127841
235,275,304,11.4175,2.82848283021711
235,275,304,11.425,1.68059554592467
235,275,304,11.4325,0.901203582199669
235,275,304,11.44,0.144448622730407
235,275,304,11.4475,-0.961739466737371
235,275,304,11.455,-1.86996068380036
235,275,304,11.4625,-2.95347773867106
235,275,304,11.47,1.90357026682421
235,275,304,11.4775,1.048677900147
235,275,304,11.485,0.644138739063734
235,275,304,11.4925,-0.327292990541181
235,275,304,11.5,-1.87493204566166
235,275,304,11.5075,-2.5192076089545
235,275,304,11.515,-3.11772593107357
235,275,304,11.5225,1.93405431916256
235,275,304,11.53,1.18232281424236
235,275,304,11.5375,0.199488558085616
235,275,304,11.545,-0.125818554516069
235,275,304,11.5525,-0.610717663186458
235,275,304,11.56,-1.62787344748681
235,275,304,11.5675,-2.04344545151007
235,275,304,11.575,-3.12379368799184
235,275,304,11.5825,2.45714294862266
235,275,304,11.59,1.31368855293914
235,275,304,11.5975,0.620961100769611
235,275,304,11.605,-0.316587306522081
235,275,304,11.6125,-1.6236176329711
235,275,304,11.62,-2.36565867975721
235,275,304,11.6275,3.11826889938098
235,275,304,11.635,2.01098125295588
235,275,304,11.6425,1.1028986499605
235,275,304,11.65,0.0337935966874729
235,275,304,11.6575,-0.916080599672839
235,275,304,11.665,-1.74373780915402
235,275,304,11.6725,-2.67776899770107
235,275,304,11.68,2.53699562828645
235,275,304,11.6875,1.37670595487493
235,275,304,11.695,0.567209701627945
235,275,304,11.7025,-0.746786616060729
235,275,304,11.71,-1.51556605888833
235,275,304,11.7175,-2.77607037363623
235,275,304,11.725,2.61824632754644
235,275,304,11.7325,1.96999315805736
235,275,304,11.74,0.762522034896601
235,275,304,11.7475,-0.370401653348729
235,275,304,11.755,-1.03865216632802
235,275,304,11.7625,-1.76469175843503
235,275,304,11.77,-3.0387087588506
235,275,304,11.7775,2.63738100555551
235,275,304,11.785,1.34909254893619
235,275,304,11.7925,1.04870088400007
235,275,304,11.8,-0.15337329742545
235,275,304,11.8075,-1.30508431164511
235,275,304,11.815,-1.76711496844011
235,275,304,11.8225,-2.80501016784152
235,275,304,11.83,2.5875521230261
235,275,304,11.8375,1.30394135361605
235,275,304,11.845,1.96049794424331
235,275,304,11.8525,-0.533153326734488
235,275,304,11.86,1.33695081051722
235,275,304,11.8675,0.128365086475975
235,275,304,11.875,-1.32312032374398
235,275,304,11.8825,-2.30056101216633
235,275,304,11.89,2.91448069141869
235,275,304,11.8975,2.0138928284408
235,275,304,11.905,0.859155031932783
235,275,304,11.9125,-0.359499550195926
235,275,304,11.92,-1.08344554018618
235,275,304,11.9275,-2.29694563017276
235,275,304,11.935,-3.00730402652797
235,275,304,11.9425,1.87289138124553
235,275,304,11.95,1.20148963949876
235,275,304,11.9575,0.0820310920751907
235,275,304,11.965,-1.07736902935127
235,275,304,11.9725,-2.07433005265498
235,275,304,11.98,-3.02269527539838
235,275,304,11.9875,2.33708266995691
235,275,304,11.995,1.39322497257582
235,275,304,12.0025,0.476715798975648
235,275,304,12.01,0.11497276640702
235,275,304,12.0175,-0.926737695321272
235,275,304,12.025,-1.91936306782522
235,275,304,12.0325,-2.71122951674148
235,275,304,12.04,2.56598347913851
235,275,304,12.0475,1.57477835837585
235,275,304,12.055,1.26495158296701
235,275,304,12.0625,0.230149569302491
235,275,304,12.07,-0.435585706359427
235,275,304,12.0775,-1.49592405745772
235,275,304,12.085,-2.30220072673878
235,275,304,12.0925,-2.67915998079107
235,275,304,12.1,2.58804769577068
235,275,304,12.1075,2.21368994966513
235,275,304,12.115,1.08243407669143
235,275,304,12.1225,-0.266738995979507
235,275,304,12.13,-1.14824207953781
235,275,304,12.1375,-2.20835468310569
235,275,304,12.145,-3.09999522427287
235,275,304,12.1525,2.01983974899228
235,275,304,12.16,1.03109023265129
235,275,304,12.1675,0.19445056941184
235,275,304,12.175,-1.16170559638475
235,275,304,12.1825,-1.97778481468753
235,275,304,12.19,-2.84311293794574
235,275,304,12.1975,2.16504036765041
235,275,304,12.205,1.20868870981891
235,275,304,12.2125,0.202709611947996
235,275,304,12.22,-0.777016518417142
235,275,304,12.2275,-2.1420714690895
235,275,304,12.235,-2.68744698660612
235,275,304,12.2425,1.69802315985277
235,275,304,12.25,1.13722491455004
235,275,304,12.2575,-2.75932422758772
235,275,304,12.265,2.24930738499205
235,275,304,12.2725,1.90183100288943
235,275,304,12.28,-0.0572490902757942
235,275,304,12.2875,-1.55220448749511
235,275,304,12.295,-2.14206525809779
235,275,304,12.3025,2.45190241477963
235,275,304,12.31,2.53668823922857
235,275,304,12.3175,1.23147176281825
235,275,304,12.325,0.433773240286447
235,275,304,12.3325,0.0623301022050146
235,275,304,12.34,-1.25754521331115
235,275,304,12.3475,-2.10896288218938
235,275,304,12.355,2.89744235928526
235,275,304,12.3625,2.66488185085283
235,275,304,12.37,1.31933493690355
235,275,304,12.3775,0.575491105419203
235,275,304,12.385,-0.558228172273809
235,275,304,12.3925,-1.46431643084069
235,275,304,12.4,-2.55083506040526
235,275,304,12.4075,2.74717944589413
235,275,304,12.415,1.71759481303803
235,275,304,12.4225,0.56399708027626
235,275,304,12.43,-0.496065629521398
235,275,304,12.4375,-1.55218795430862
235,275,304,12.445,-2.28881722206751
235,275,304,12.4525,2.86012274733018
235,275,304,12.46,1.8217423099563
235,275,304,12.4675,1.07078406524746
235,275,304,12.475,-0.0239427825470143
235,275,304,12.4825,-1.52419813061063
235,275,304,12.49,-2.59938658395988
235,275,304,12.4975,-2.9481159845777
235,275,304,12.505,2.4517630199425
235,275,304,12.5125,1.22462741912432
235,275,304,12.52,0.282376049706377
235,275,304,12.5275,-0.955807234061378
235,275,304,12.535,-2.51365638390062
235,275,304,12.5425,-0.230280663216203
235,275,304,12.55,-1.78873047607604
235,275,304,12.5575,-2.66213544182823
235,275,304,12.565,2.88878876122972
235,275,304,12.5725,0.972524569425518
235,275,304,12.58,1.07388446772911
235,275,304,12.5875,0.636044254015648
235,275,304,12.595,-1.26299102439981
235,275,304,12.6025,-1.08011786292977
235,275,304,12.61,-2.27893282795268
235,275,304,12.6175,2.87594904376782
235,275,304,12.625,1.58411434000967
235,275,304,12.6325,0.995332653651986
235,275,304,12.64,-0.505562975552335
235,275,304,12.6475,-1.37390143602876
235,275,304,12.655,-2.05687886042863
235,275,304,12.6625,-3.09469798496444
235,275,304,12.67,2.53999308550437
235,275,304,12.6775,1.54023808846574
235,275,304,12.685,0.508479974186729
235,275,304,12.6925,-0.737505151839013
235,275,304,12.7,-1.72788299262827
235,275,304,12.7075,-2.89461671636679
235,275,304,12.715,2.73206753092265
235,275,304,12.7225,1.49156125650047
235,275,304,12.73,0.488604934073085
235,275,304,12.7375,-0.340181268796918
235,275,304,12.745,-1.53685894327583
235,275,304,12.7525,-1.97060363557646
235,275,304,12.76,-3.13398541050189
235,275,304,12.7675,1.89022484993508
235,275,304,12.775,1.66548151518565
235,275,304,12.7825,-2.01766465180885
235,275,304,12.79,3.04007265509774
235,275,304,12.7975,0.682470982693285
235,275,304,12.805,-0.0291232258085665
235,275,304,12.8125,-1.11886703548164
235,275,304,12.82,-2.28841677047171
235,275,304,12.8275,-2.72563168052135
235,275,304,12.835,1.56272662533249
235,275,304,12.8425,0.637243962403321
235,275,304,12.85,-0.52938916925859
235,275,304,12.8575,-1.09034261861911
235,275,304,12.865,-2.0693714923146
235,275,304,12.8725,-3.00609240266771
235,275,304,12.88,2.08225458277693
235,275,304,12.8875,1.23900800592744
235,275,304,12.895,0.305960225720803
235,275,304,12.9025,-0.885600722385814
235,275,304,12.91,-1.97748212239712
235,275,304,12.9175,-2.86150320069082
235,275,304,12.925,2.79809570278342
235,275,304,12.9325,1.84326262083828
235,275,304,12.94,0.911918187590312
235,275,304,12.9475,-0.323558180356711
235,275,304,12.955,-1.4185520024182
235,275,304,12.9625,-2.66328672640684
235,275,304,12.97,2.39483854771144
235,275,304,12.9775,1.642128643288
235,275,304,12.985,0.399903447274298
235,275,304,12.9925,-1.82784103882752
235,275,304,13,-2.58303417318183
235,275,304,13.0075,2.59652254325355
235,275,304,13.015,0.799004615018515
235,275,304,13.0225,0.488111900100614
235,275,304,13.03,-2.25884475023661
235,275,304,13.0375,-2.60327826281433
235,275,304,13.045,2.47050371580977
235,275,304,13.0525,1.97275967442781
235,275,304,13.06,0.687822119795578
235,275,304,13.0675,-0.346821820239608
235,275,304,13.075,-1.23269888461383
235,275,304,13.0825,-2.89138262100886
235,275,304,13.09,2.7864668336362
235,275,304,13.0975,1.70661189013899
235,275,304,13.105,0.748914384899381
235,275,304,13.1125,-0.30491685304183
235,275,304,13.12,-1.38656707984225
235,275,304,13.1275,-2.45775450572571
235,275,304,13.135,3.10151050850074
235,275,304,13.1425,1.8596303614488
235,275,304,13.15,1.1711077125313
235,275,304,13.1575,0.0192311825743913
235,275,304,13.165,-0.975465311385907
235,275,304,13.1725,-2.06586287456847
235,275,304,13.18,-2.87513453479935
235,275,304,13.1875,2.41598069430029
235,275,304,13.195,1.09061108191004
235,275,304,13.2025,0.126615876175742
235,275,304,13.21,-0.939641419773441
235,275,304,13.2175,-1.90954453507461
235,275,304,13.225,3.0530700838595
235,275,304,13.2325,2.36343948282743
235,275,304,13.24,0.95398466175467
235,275,304,13.2475,0.226207081834807
235,275,304,13.255,-0.716506195044728
235,275,304,13.2625,-2.17827579604649
235,275,304,13.27,0.504872739791808
235,275,304,13.2775,0.76955985721657
235,275,304,13.285,-1.71986406978425
235,275,304,13.2925,-2.7105301538127
235,275,304,13.3,1.67778073604683
235,275,304,13.3075,1.50071321662845
235,275,304,13.315,1.51774769373164
235,275,304,13.3225,-0.877423727372222
235,275,304,13.33,-1.32373582202752
235,275,304,13.3375,-1.71241385115943
235,275,304,13.345,3.0595522106188
235,275,304,13.3525,2.1360982728542
235,275,304,13.36,1.22152307883831
235,275,304,13.3675,0.103044059082627
235,275,304,13.375,-0.765265784017305
235,275,304,13.3825,-1.31003748735644
235,275,304,13.39,-2.63177995197148
235,275,304,13.3975,2.55701550964764
235,275,304,13.405,1.65843435206971
235,275,304,13.4125,1.12310489063498
235,275,304,13.42,-0.55051323924965
235,275,304,13.4275,-1.18622425692878
235,275,304,13.435,-2.31532152561127
235,275,304,13.4425,3.12326380683753
235,275,304,13.45,1.9130069995745
235,275,304,13.4575,0.859749251977329
235,275,304,13.465,-0.39753160057546
235,275,304,13.4725,-0.831364545639211
235,275,304,13.48,-1.38834554787531
235,275,304,13.4875,-2.39371827035954
235,275,304,13.495,-1.33011369297022
235,275,304,13.5025,2.57254139271503
235,275,304,13.51,1.60561727261535
235,275,304,13.5175,1.10002121436589
235,275,304,13.525,-0.538200154502885
235,275,304,13.5325,-0.799970296921417
235,275,304,13.54,-1.44501261294269
235,275,304,13.5475,-1.98461824670017
235,275,304,13.555,2.76411266127426
235,275,304,13.5625,1.49847090515677
235,275,304,13.57,0.48734580427505
235,275,304,13.5775,0.13477661434666
235,275,304,13.585,-0.970322764979362
235,275,304,13.5925,-1.64675370817039
235,275,304,13.6,-2.28022301593948
235,275,304,13.6075,2.60913752543846
235,275,304,13.615,1.26572449676193
235,275,304,13.6225,1.3344415001609
235,275,304,13.63,0.0658194287589859
235,275,304,13.6375,-0.76601068216958
235,275,304,13.645,-2.45257165181556
235,275,304,13.6525,-3.04009579760737
235,275,304,13.66,2.37755347177352
235,275,304,13.6675,1.59132209789036
235,275,304,13.675,0.500013442554215
235,275,304,13.6825,-0.336841037709626
235,275,304,13.69,-1.29358422689145
235,275,304,13.6975,-2.39635158974165
235,275,304,13.705,2.81561982167406
235,275,304,13.7125,1.64525642471345
235,275,304,13.72,0.484959802113568
235,275,304,13.7275,0.253222132453145
235,275,304,13.735,-1.17642545320683
235,275,304,13.7425,-2.10733471006056
235,275,304,13.75,3.08581308907809
235,275,304,13.7575,3.0737091596253
235,275,304,13.765,3.07950779518676
235,275,304,13.7725,1.20160868464217
235,275,304,13.78,1.41672883264156
235,275,304,13.7875,-0.0636670316010525
235,275,304,13.795,-0.233668861087238
235,275,304,13.8025,-1.56098102696729
235,275,304,13.81,-1.79795972682492
235,275,304,13.8175,2.71996293330754
235,275,304,13.825,1.7047180390342
235,275,304,13.8325,0.69935502714481
235,275,304,13.84,-0.131006023012342
235,275,304,13.8475,-1.114368959715
235,275,304,13.855,-1.50664146083346
235,275,304,13.8625,-2.80137106015126
235,275,304,13.87,2.42633488135697
235,275,304,13.8775,1.40564445859007
235,275,304,13.885,0.306741521620144
235,275,304,13.8925,-0.61337537265506
235,275,304,13.9,-1.46071292733279
235,275,304,13.9075,-2.82002979252045
235,275,304,13.915,3.09184001102059
235,275,304,13.9225,1.91064679931065
235,275,304,13.93,0.49548227549653
235,275,304,13.9375,-0.00259235194222207
235,275,304,13.945,-1.19954748099393
235,275,304,13.9525,-2.05794766434618
235,275,304,13.96,3.03292320956781
235,275,304,13.9675,2.10402559275906
235,275,304,13.975,1.09049894859924
235,275,304,13.9825,0.033749288470097
235,275,304,13.99,-1.12008754261038
235,275,304,13.9975,-2.47400223318589
235,275,304,14.005,2.77642814707387
235,275,304,14.0125,0.0158334096454329
235,275,304,14.02,-1.95234292142355
235,275,304,14.0275,-2.59475941242666
235,275,304,14.035,2.68706114192855
235,275,304,14.0425,1.35912265649908
235,275,304,14.05,0.500445169741868
235,275,304,14.0575,-1.45942152012884
235,275,304,14.065,-2.02684699048828
235,275,304,14.0725,2.99918159286839
235,275,304,14.08,2.40769493555958
235,275,304,14.0875,1.25703795335412
235,275,304,14.095,0.463493403433838
235,275,304,14.1025,-0.718895912845147
235,275,304,14.11,-1.75113427752869
235,275,304,14.1175,-2.75945110357199
235,275,304,14.125,2.57689491049804
235,275,304,14.1325,2.10719620265892
235,275,304,14.14,1.06893887048249
235,275,304,14.1475,-0.225364205312409
235,275,304,14.155,-0.920589662730318
235,275,304,14.1625,-2.09230949745755
235,275,304,14.17,-2.68209616161477
235,275,304,14.1775,2.14079420033261
235,275,304,14.185,1.43184077492114
235,275,304,14.1925,0.58801307323644
235,275,304,14.2,-0.274370813460478
235,275,304,14.2075,-1.54756399198804
235,275,304,14.215,-2.37037457956539
235,275,304,14.2225,2.81683876844149
235,275,304,14.23,2.03711095095421
235,275,304,14.2375,0.549367255099168
235,275,304,14.245,-0.0830679151728092
235,275,304,14.2525,-1.91394711522717
235,275,304,14.26,-0.449130129601285
235,275,304,14.2675,2.91009581547455
235,275,304,14.275,-1.74620165113466
235,275,304,14.2825,3.00320452307701
235,275,304,14.29,1.76522514442439
235,275,304,14.2975,0.88880439395487
235,275,304,14.305,0.501846532684446
235,275,304,14.3125,-0.835451087595351
235,275,304,14.32,-1.3528448043731
235,275,304,14.3275,-2.44908539947183
235,275,304,14.335,2.67466573239076
235,275,304,14.3425,1.83190966120472
235,275,304,14.35,0.516219820395406
235,275,304,14.3575,-0.619911377084096
235,275,304,14.365,-1.27361711852308
235,275,304,14.3725,-2.89791968747827
235,275,304,14.38,2.84480123407722
235,275,304,14.3875,1.7369297673348
235,275,304,14.395,0.861679052885268
235,275,304,14.4025,0.243326075051196
235,275,304,14.41,-0.519687199295258
235,275,304,14.4175,-1.75788588613929
235,275,304,14.425,-2.55376128353121
235,275,304,14.4325,2.81707668053998
235,275,304,14.44,1.68505797312283
235,275,304,14.4475,0.363434958920283
235,275,304,14.455,-0.557307653845313
235,275,304,14.4625,-1.60036857045469
235,275,304,14.47,-1.99993725510779
235,275,304,14.4775,-2.33820066431804
235,275,304,14.485,2.00876292432776
235,275,304,14.4925,1.1228281100796
235,275,304,14.5,-0.424722862647674
235,275,304,14.5075,-2.49490418420583
235,275,304,14.515,2.83195265334121
235,275,304,14.5225,0.875771864638621
235,275,304,14.53,2.70975532577977
235,275,304,14.5375,0.910177448145609
235,275,304,14.545,2.41756844258121
235,275,304,14.5525,3.09147949378954
235,275,304,14.56,1.56571882918939
235,275,304,14.5675,0.380207915286045
235,275,304,14.575,-1.1182524349841
235,275,304,14.5825,-2.75714125728479
235,275,304,14.59,3.06243643058152
235,275,304,14.5975,2.39328795988374
235,275,304,14.605,1.13629784396155
235,275,304,14.6125,-0.0499972903689133
235,275,304,14.62,-0.694932038391877
235,275,304,14.6275,-1.66092093156711
235,275,304,14.635,-3.03878338129376
235,275,304,14.6425,2.40738674675483
235,275,304,14.65,1.09314418679919
235,275,304,14.6575,0.613588605961117
235,275,304,14.665,0.0605914225473901
235,275,304,14.6725,-1.32127581701247
235,275,304,14.68,-1.98252850251661
235,275,304,14.6875,3.09619249750873
235,275,304,14.695,2.28741974183092
235,275,304,14.7025,0.95998782113264
235,275,304,14.71,0.117011513887178
235,275,304,14.7175,-1.05239996061165
235,275,304,14.725,-2.88338291079039
235,275,304,14.7325,-3.01266022678401
235,275,304,14.74,-2.66730946283772
235,275,304,14.7475,0.182083113482168
235,275,304,14.755,-0.555965204383314
235,275,304,14.7625,-0.154843523409906
235,275,304,14.77,-2.84308331168164
235,275,304,14.7775,-0.329048023328451
235,275,304,14.785,0.121507720947323
235,275,304,14.7925,-1.46644138237426
235,275,304,14.8,-2.72512768685302
235,275,304,14.8075,2.19280145353556
235,275,304,14.815,1.53801141552621
235,275,304,14.8225,-1.3560554692453
235,275,304,14.83,-0.429930803701131
235,275,304,14.8375,-1.45517584309259
235,275,304,14.845,-2.77751321060825
235,275,304,14.8525,-2.36884061309126
235,275,304,14.86,1.6645563212345
235,275,304,14.8675,1.56211876139701
235,275,304,14.875,0.12044059977809
235,275,304,14.8825,-0.557941305938617
235,275,304,14.89,-1.91337716453087
235,275,304,14.8975,3.05845819573737
235,275,304,14.905,1.77073355884247
235,275,304,14.9125,0.95548758312682
235,275,304,14.92,0.555442005390559
235,275,304,14.9275,0.150051800160531
235,275,304,14.935,-1.12335550199786
235,275,304,14.9425,-2.28664264621399
235,275,304,14.95,2.56421522316384
235,275,304,14.9575,0.533815494990268
235,275,304,14.965,0.157194348466325
235,275,304,14.9725,-0.217746561826206
235,275,304,14.98,-0.957480176568392
235,275,304,14.9875,-2.51004397062127
235,275,304,14.995,0.624279194153792
235,275,304,15.0025,-1.23528275794556
235,275,304,15.01,-2.85644915023309
235,275,304,15.0175,1.94787950032789
235,275,304,15.025,1.81141713706949
235,275,304,15.0325,0.314400829247566
235,275,304,15.04,0.56139372175181
235,275,304,15.0475,-2.2128103540982
235,275,304,15.055,-2.13968045973434
235,275,304,15.0625,-3.10601301252915
235,275,304,15.07,1.29749298491119
235,275,304,15.0775,0.840223892374661
235,275,304,15.085,-0.0977342889612376
235,275,304,15.0925,-0.48846538314039
235,275,304,15.1,-1.86262270050116
235,275,304,15.1075,-2.69626858906988
235,275,304,15.115,2.45480165781258
235,275,304,15.1225,1.06033787214126
235,275,304,15.13,-0.217948643602526
235,275,304,15.1375,-0.666631322374663
235,275,304,15.145,-2.31129915466954
235,275,304,15.1525,-2.69039284052157
235,275,304,15.16,2.88683468971446
235,275,304,15.1675,1.62412318447943
235,275,304,15.175,1.96664209368759
235,275,304,15.1825,-0.442639326247106
235,275,304,15.19,-1.23499623448134
235,275,304,15.1975,-2.54202075905573
235,275,304,15.205,-2.55277950737197
235,275,304,15.2125,2.91410824047459
235,275,304,15.22,0.887725024521775
235,275,304,15.2275,1.15641154280954
235,275,304,15.235,0.980290235622738
235,275,304,15.2425,-2.14830790417749
235,275,304,15.25,-2.58159285788153
235,275,304,15.2575,0.570307858910377
235,275,304,15.265,-0.582615246801111
235,275,304,15.2725,-1.74139466933529
235,275,304,15.28,-0.126073317880023
235,275,304,15.2875,2.32122680099698
235,275,304,15.295,1.78499705655447
235,275,304,15.3025,0.508881787360413
235,275,304,15.31,-0.816187882320173
235,275,304,15.3175,-2.56594924158833
235,275,304,15.325,2.62980974484483
235,275,304,15.3325,2.15662719510337
235,275,304,15.34,0.436791205192754
235,275,304,15.3475,-0.104067067321436
235,275,304,15.355,-1.05211269686004
235,275,304,15.3625,-1.69139393037995
235,275,304,15.37,-2.78698451960345
235,275,304,15.3775,1.70819041677699
235,275,304,15.385,0.595273845199518
235,275,304,15.3925,0.143728624349782
235,275,304,15.4,-1.34708133137902
235,275,304,15.4075,-1.87298636936506
235,275,304,15.415,-3.04826134061197
235,275,304,15.4225,2.59707383722482
235,275,304,15.43,0.919043391476388
235,275,304,15.4375,0.511453884060059
235,275,304,15.445,0.62852648499959
235,275,304,15.4525,-0.491608282093962
235,275,304,15.46,-2.21355698100596
235,275,304,15.4675,-2.5301787330928
235,275,304,15.475,-2.51562695111109
235,275,304,15.4825,1.94040696219131
235,275,304,15.49,1.01328276372562
235,275,304,15.4975,-0.308545486064967
235,275,304,15.505,-0.395694217773776
235,275,304,15.5125,-2.12492124717333
235,275,304,15.52,-3.0448689694812
235,275,304,15.5275,2.86382948614955
235,275,304,15.535,0.531102975497261
235,275,304,15.5425,1.41172273849027
235,275,304,15.55,1.26767183184078
235,275,304,15.5575,-0.564845623317642
235,275,304,15.565,-1.52294768576861
235,275,304,15.5725,-2.33419873912465
235,275,304,15.58,2.77200819953665
235,275,304,15.5875,1.77100586510365
235,275,304,15.595,0.617362374899577
235,275,304,15.6025,-0.436627474515361
235,275,304,15.61,-1.81777252712196
235,275,304,15.6175,-3.01752424672469
235,275,304,15.625,2.06943025707708
235,275,304,15.6325,1.70068501887272
235,275,304,15.64,1.42469745997169
235,275,304,15.6475,-0.19253219735103
235,275,304,15.655,-2.31592459012869
235,275,304,15.6625,1.85656848734919
235,275,304,15.67,-1.71433480594886
235,275,304,15.6775,-1.6509627772643
235,275,304,15.685,-2.11979184505226
235,275,304,15.6925,-0.219444159446664
235,275,304,15.7,1.47518416438037
235,275,304,15.7075,-0.0257534981119721
235,275,304,15.715,-0.905814853268189
235,275,304,15.7225,-2.06856786122885
235,275,304,15.73,-1.99970317483013
235,275,304,15.7375,-3.03694965650111
235,275,304,15.745,2.24897145400807
235,275,304,15.7525,-3.0626231163268
235,275,304,15.76,-1.05291484422927
235,275,304,15.7675,-0.132739671494067
235,275,304,15.775,0.870396724336319
235,275,304,15.7825,-0.472595810815488
235,275,304,15.79,-2.33601763368126
235,275,304,15.7975,2.01435908055766
235,275,304,15.805,1.63733342706991
235,275,304,15.8125,-0.313149787938576
235,275,304,15.82,-1.30306600705545
235,275,304,15.8275,-1.57345113269501
235,275,304,15.835,-2.33315499355856
235,275,304,15.8425,2.97907508787963
235,275,304,15.85,1.66505384114119
235,275,304,15.8575,0.187133279177471
235,275,304,15.865,-0.198241200604105
235,275,304,15.8725,-1.34969539944248
235,275,304,15.88,-1.62481489758615
235,275,304,15.8875,3.06797743537815
235,275,304,15.895,1.65409965467177
235,275,304,15.9025,0.0768152168204382
235,275,304,15.91,-0.34676466625379
235,275,304,15.9175,-1.92386197285758
235,275,304,15.925,-1.09698418105407
235,275,304,15.9325,-1.94595444509644
235,275,304,15.94,-2.14034079880165
235,275,304,15.9475,1.27029183716041
235,275,304,15.955,1.72434926788114
235,275,304,15.9625,-0.625909635073828
235,275,304,15.97,-2.68437848408388
235,275,304,15.9775,-2.49960518391452
235,275,304,15.985,2.72832286854025
235,275,304,15.9925,1.30059097600831
235,275,304,16,1.02640088767467
235,275,303,4,-1.16764742763269
235,275,303,4.0075,-2.14767713435941
235,275,303,4.015,3.14107059939661
235,275,303,4.0225,2.12934186707872
235,275,303,4.03,1.27256582236959
235,275,303,4.0375,0.293962581224035
235,275,303,4.045,-0.552234721930241
235,275,303,4.0525,-1.39397534725495
235,275,303,4.06,-2.44659176620013
235,275,303,4.0675,-3.13021470355809
235,275,303,4.075,2.20661933880785
235,275,303,4.0825,1.18778883885811
235,275,303,4.09,0.404801320721378
235,275,303,4.0975,-0.495962056122633
235,275,303,4.105,-1.5722866808317
235,275,303,4.1125,-2.45868251315239
235,275,303,4.12,2.72922484021675
235,275,303,4.1275,1.7300672323203
235,275,303,4.135,0.941831480521925
235,275,303,4.1425,-0.16911799449459
235,275,303,4.15,-0.714778815583624
235,275,303,4.1575,-1.77647540797001
235,275,303,4.165,-2.51830454804935
235,275,303,4.1725,3.00792797484316
235,275,303,4.18,2.47880180158443
235,275,303,4.1875,1.54506179981716
235,275,303,4.195,1.00184521968424
235,275,303,4.2025,0.464156109592335
235,275,303,4.21,-0.53826719702657
235,275,303,4.2175,-1.44815888216327
235,275,303,4.225,-2.57510457137138
235,275,303,4.2325,2.75577695569021
235,275,303,4.24,1.77030877261588
235,275,303,4.2475,0.860358347138256
235,275,303,4.255,-0.176993549175318
235,275,303,4.2625,-1.22844854056631
235,275,303,4.27,-2.26288285719947
235,275,303,4.2775,3.0256181044467
235,275,303,4.285,2.17647289989606
235,275,303,4.2925,1.13649232716022
235,275,303,4.3,0.261487824675915
235,275,303,4.3075,-0.543526902379588
235,275,303,4.315,-1.36451729885054
235,275,303,4.3225,-2.47041918547098
235,275,303,4.33,2.7996416332957
235,275,303,4.3375,1.86817524956799
235,275,303,4.345,0.782426090774469
235,275,303,4.3525,-0.192856299706918
235,275,303,4.36,-1.21206855087531
235,275,303,4.3675,-2.2321116611184
235,275,303,4.375,2.91378532920557
235,275,303,4.3825,1.84178192923784
235,275,303,4.39,0.833478284940995
235,275,303,4.3975,-0.276388035397492
235,275,303,4.405,-1.36033197729151
235,275,303,4.4125,-2.50467479436863
235,275,303,4.42,-3.11487100644413
235,275,303,4.4275,1.79617131880555
235,275,303,4.435,-0.0509332509850597
235,275,303,4.4425,-2.13479327649255
235,275,303,4.45,2.70989498541856
235,275,303,4.4575,1.38600139547531
235,275,303,4.465,0.20355479534833
235,275,303,4.4725,-0.849497507107151
235,275,303,4.48,-1.96633757559761
235,275,303,4.4875,-2.96814895440363
235,275,303,4.495,2.42544101558411
235,275,303,4.5025,1.25618733050096
235,275,303,4.51,0.31512508967071
235,275,303,4.5175,-0.361190434458276
235,275,303,4.525,-1.49315635475081
235,275,303,4.5325,-2.56722445844257
235,275,303,4.54,2.82667093057275
235,275,303,4.5475,1.83749107644419
235,275,303,4.555,1.07415415120534
235,275,303,4.5625,0.222407970142467
235,275,303,4.57,-0.680819230852646
235,275,303,4.5775,-1.76506226334689
235,275,303,4.585,-2.6306025031338
235,275,303,4.5925,2.53782678036614
235,275,303,4.6,1.54926942138652
235,275,303,4.6075,0.655323507135602
235,275,303,4.615,-0.477710001352074
235,275,303,4.6225,-1.44209696947958
235,275,303,4.63,-2.47212248340588
235,275,303,4.6375,3.06424627496173
235,275,303,4.645,2.50074187475314
235,275,303,4.6525,1.62958301368689
235,275,303,4.66,0.861806219010223
235,275,303,4.6675,0.252520745992092
235,275,303,4.675,-0.517321855510805
235,275,303,4.6825,-1.25682991436976
235,275,303,4.69,-2.22598323837919
235,275,303,4.6975,3.03318602529465
235,275,303,4.705,2.10759359340946
235,275,303,4.7125,1.36601483629583
235,275,303,4.72,0.45812254048613
235,275,303,4.7275,-0.887628710962475
235,275,303,4.735,-1.75926183082702
235,275,303,4.7425,-2.98211307417583
235,275,303,4.75,2.59179356822083
235,275,303,4.7575,1.61471677234645
235,275,303,4.765,0.98665789038595
235,275,303,4.7725,0.186969588866961
235,275,303,4.78,-1.08756580827175
235,275,303,4.7875,-1.80404820886559
235,275,303,4.795,-2.81077653744028
235,275,303,4.8025,2.5441863454881
235,275,303,4.81,1.49418078312224
235,275,303,4.8175,0.673321790342539
235,275,303,4.825,-0.627067103725865
235,275,303,4.8325,-1.3451367439102
235,275,303,4.84,-2.43103809622577
235,275,303,4.8475,2.71921214666475
235,275,303,4.855,1.77006719737842
235,275,303,4.8625,0.839930122210906
235,275,303,4.87,-0.455614800414326
235,275,303,4.8775,-1.92419489293364
235,275,303,4.885,2.71037822040897
235,275,303,4.8925,2.48663299621888
235,275,303,4.9,0.61048757885217
235,275,303,4.9075,-0.721948894572861
235,275,303,4.915,-2.50888523666854
235,275,303,4.9225,2.0254510790593
235,275,303,4.93,1.23106296004655
235,275,303,4.9375,0.043499719421619
235,275,303,4.945,-0.28753685123377
235,275,303,4.9525,-1.6965921232377
235,275,303,4.96,-2.68913326404916
235,275,303,4.9675,2.61551022877874
235,275,303,4.975,1.76335578217111
235,275,303,4.9825,0.541539026205053
235,275,303,4.99,-0.396273849154206
235,275,303,4.9975,-1.3596006977725
235,275,303,5.005,-2.49417105014573
235,275,303,5.0125,2.91963652605815
235,275,303,5.02,1.99841088404246
235,275,303,5.0275,0.84780828130093
235,275,303,5.035,-0.201782214255493
235,275,303,5.0425,-1.17226516803351
235,275,303,5.05,-2.36277978259244
235,275,303,5.0575,2.89918864150751
235,275,303,5.065,1.9119344976846
235,275,303,5.0725,0.923423045387006
235,275,303,5.08,-0.29522756769996
235,275,303,5.0875,-1.60930313934029
235,275,303,5.095,-2.50863716950082
235,275,303,5.1025,2.40077896396253
235,275,303,5.11,1.62377331696829
235,275,303,5.1175,0.778513119062448
235,275,303,5.125,-0.939060489998027
235,275,303,5.1325,-1.30443643335088
235,275,303,5.14,-3.03908222891423
235,275,303,5.1475,2.22928598757875
235,275,303,5.155,-0.269320584042643
235,275,303,5.1625,-0.63155819452791
235,275,303,5.17,-2.52890367595492
235,275,303,5.1775,3.10744210991591
235,275,303,5.185,2.89600487845778
235,275,303,5.1925,1.67043344297709
235,275,303,5.2,0.501189782809672
235,275,303,5.2075,-0.175180895175669
235,275,303,5.215,-1.33710848100461
235,275,303,5.2225,-2.38261741857745
235,275,303,5.23,2.91535935732839
235,275,303,5.2375,1.5087150878056
235,275,303,5.245,0.730636486749206
235,275,303,5.2525,-0.501221551047051
235,275,303,5.26,-1.75884106157469
235,275,303,5.2675,-2.89163425000763
235,275,303,5.275,2.37716807408958
235,275,303,5.2825,1.31878395444792
235,275,303,5.29,-0.0267958003311957
235,275,303,5.2975,-0.682621917281443
235,275,303,5.305,-1.70015441911117
235,275,303,5.3125,-3.10121250222502
235,275,303,5.32,2.43329182103073
235,275,303,5.3275,1.70770782829772
235,275,303,5.335,-0.450159442232166
235,275,303,5.3425,-0.312557728465156
235,275,303,5.35,-1.38521074945763
235,275,303,5.3575,2.69931586466222
235,275,303,5.365,-0.600423740419841
235,275,303,5.3725,-1.72347646552984
235,275,303,5.38,-2.32817319721894
235,275,303,5.3875,2.57517132576719
235,275,303,5.395,1.61021744552279
235,275,303,5.4025,0.34870705050164
235,275,303,5.41,-0.387248539364192
235,275,303,5.4175,-1.30540596839709
235,275,303,5.425,-2.24175072381318
235,275,303,5.4325,3.04274566102167
235,275,303,5.44,2.15404905890142
235,275,303,5.4475,1.30747281676309
235,275,303,5.455,0.215228833504904
235,275,303,5.4625,-0.632189801459077
235,275,303,5.47,-1.78272544618046
235,275,303,5.4775,-2.6167578659504
235,275,303,5.485,2.3211868885569
235,275,303,5.4925,1.41858648404731
235,275,303,5.5,0.525688021144933
235,275,303,5.5075,-0.266230312246644
235,275,303,5.515,-1.455958862529
235,275,303,5.5225,-2.18009906451586
235,275,303,5.53,2.9972654786662
235,275,303,5.5375,1.98045744528425
235,275,303,5.545,1.17670923751325
235,275,303,5.5525,0.219252507350097
235,275,303,5.56,-1.434499483278
235,275,303,5.5675,-2.55438762552337
235,275,303,5.575,2.68857742006632
235,275,303,5.5825,2.37176907975019
235,275,303,5.59,1.85040832035166
235,275,303,5.5975,1.26684493850734
235,275,303,5.605,0.138170323953706
235,275,303,5.6125,-1.30378997575413
235,275,303,5.62,2.3307410634421
235,275,303,5.6275,0.403552017570933
235,275,303,5.635,-1.15864387334218
235,275,303,5.6425,-1.67417887650524
235,275,303,5.65,-2.95842777617448
235,275,303,5.6575,2.20220513114375
235,275,303,5.665,0.857311580434249
235,275,303,5.6725,0.158296082982093
235,275,303,5.68,-1.17028648678038
235,275,303,5.6875,-1.89025058136331
235,275,303,5.695,-3.06406112499854
235,275,303,5.7025,2.36572708847471
235,275,303,5.71,1.33998003163696
235,275,303,5.7175,0.25719408242396
235,275,303,5.725,-0.721353538977076
235,275,303,5.7325,-1.62293073885491
235,275,303,5.74,-2.89050906615064
235,275,303,5.7475,2.42595969704546
235,275,303,5.755,1.44919739121956
235,275,303,5.7625,0.253475551722833
235,275,303,5.77,-0.579983371415699
235,275,303,5.7775,-1.77400454881898
235,275,303,5.785,-2.74447597369897
235,275,303,5.7925,2.53945737683761
235,275,303,5.8,1.49937058001634
235,275,303,5.8075,0.261566158751379
235,275,303,5.815,-0.703347410718423
235,275,303,5.8225,-1.79840073091463
235,275,303,5.83,-2.93017475684295
235,275,303,5.8375,2.17863160524308
235,275,303,5.845,0.754409659565426
235,275,303,5.8525,-0.462525721121288
235,275,303,5.86,-1.83043770661589
235,275,303,5.8675,3.09508133330988
235,275,303,5.875,0.942842663865578
235,275,303,5.8825,0.900936083715109
235,275,303,5.89,-0.0524231872513337
235,275,303,5.8975,-1.35941015941169
235,275,303,5.905,-2.38837661321076
235,275,303,5.9125,2.6859355554171
235,275,303,5.92,1.43709682260444
235,275,303,5.9275,0.388878707339047
235,275,303,5.935,-0.557817290956929
235,275,303,5.9425,-1.55593066620781
235,275,303,5.95,-2.75888270337047
235,275,303,5.9575,2.3299540412138
235,275,303,5.965,1.38256518405359
235,275,303,5.9725,0.460844801569001
235,275,303,5.98,-0.545148807379225
235,275,303,5.9875,-1.51495236901154
235,275,303,5.995,-2.25603460245513
235,275,303,6.0025,2.9252121113466
235,275,303,6.01,1.80902089746309
235,275,303,6.0175,0.786177500573087
235,275,303,6.025,-0.24755796534008
235,275,303,6.0325,-0.42743331518497
235,275,303,6.04,-1.79968532343949
235,275,303,6.0475,-2.68394987381725
235,275,303,6.055,2.54576030884862
235,275,303,6.0625,-2.05389000137854
235,275,303,6.07,2.32171598343832
235,275,303,6.0775,1.57898753786295
235,275,303,6.085,0.731514501264762
235,275,303,6.0925,-0.371927017306603
235,275,303,6.1,-1.31638406491477
235,275,303,6.1075,-2.41885311522216
235,275,303,6.115,2.90692532437673
235,275,303,6.1225,1.99897332192767
235,275,303,6.13,1.12281276730283
235,275,303,6.1375,-0.158397238097591
235,275,303,6.145,-0.901721506107098
235,275,303,6.1525,-1.88466558864903
235,275,303,6.16,-3.03765224435563
235,275,303,6.1675,2.60446479685241
235,275,303,6.175,1.32973232970513
235,275,303,6.1825,0.447431417123514
235,275,303,6.19,-0.874320008078684
235,275,303,6.1975,-1.63873950413998
235,275,303,6.205,-2.85232830948417
235,275,303,6.2125,1.89503444310776
235,275,303,6.22,1.98803686122805
235,275,303,6.2275,1.10685982568363
235,275,303,6.235,0.37645477332862
235,275,303,6.2425,-0.581244766254441
235,275,303,6.25,-1.32456764814811
235,275,303,6.2575,-2.17806094906231
235,275,303,6.265,2.95053645969153
235,275,303,6.2725,2.04971111658991
235,275,303,6.28,1.1196889841613
235,275,303,6.2875,0.40498705343863
235,275,303,6.295,-0.114455100278475
235,275,303,6.3025,-0.852035891694194
235,275,303,6.31,-2.18360069349467
235,275,303,6.3175,2.47098279337772
235,275,303,6.325,1.92276905807223
235,275,303,6.3325,1.02290467004791
235,275,303,6.34,1.47594659403153
235,275,303,6.3475,0.798616759010549
235,275,303,6.355,-0.298996555400499
235,275,303,6.3625,-1.31841332997755
235,275,303,6.37,-2.40154207049145
235,275,303,6.3775,2.86756449337949
235,275,303,6.385,1.83963239104717
235,275,303,6.3925,0.851408582765666
235,275,303,6.4,-0.208056070910847
235,275,303,6.4075,-1.19757477981576
235,275,303,6.415,-2.32124882603952
235,275,303,6.4225,-3.06894685538279
235,275,303,6.43,2.27670028188705
235,275,303,6.4375,1.29733174012608
235,275,303,6.445,0.43302224768653
235,275,303,6.4525,-0.516452468128455
235,275,303,6.46,-1.44722816626836
235,275,303,6.4675,-2.17639254145053
235,275,303,6.475,2.93615331120246
235,275,303,6.4825,2.05027653918511
235,275,303,6.49,1.42201326979283
235,275,303,6.4975,0.429997712543534
235,275,303,6.505,-0.47846982936146
235,275,303,6.5125,-1.63409021691137
235,275,303,6.52,-2.52951289728015
235,275,303,6.5275,2.49075145818823
235,275,303,6.535,1.38797168287267
235,275,303,6.5425,0.592312884096342
235,275,303,6.55,-0.464541876850391
235,275,303,6.5575,-1.48242472328109
235,275,303,6.565,-1.88774634773451
235,275,303,6.5725,-2.14174696452603
235,275,303,6.58,2.98117801248144
235,275,303,6.5875,2.72623960425391
235,275,303,6.595,2.05583783657288
235,275,303,6.6025,0.864334322401598
235,275,303,6.61,0.112386175073805
235,275,303,6.6175,-0.742682499213918
235,275,303,6.625,-2.06558405380872
235,275,303,6.6325,-3.00767579205023
235,275,303,6.64,2.63885575194991
235,275,303,6.6475,1.44018031470907
235,275,303,6.655,0.477305527416759
235,275,303,6.6625,-0.634103494308313
235,275,303,6.67,-1.66588283480242
235,275,303,6.6775,-2.56212517444317
235,275,303,6.685,2.87980696852967
235,275,303,6.6925,2.05994828436303
235,275,303,6.7,1.10336566043971
235,275,303,6.7075,0.294998382665904
235,275,303,6.715,-0.725104385121656
235,275,303,6.7225,-1.57808051116244
235,275,303,6.73,-2.6046657907457
235,275,303,6.7375,2.90359989150647
235,275,303,6.745,2.06743565286996
235,275,303,6.7525,1.14770932127695
235,275,303,6.76,-0.0978612790366176
235,275,303,6.7675,-0.772597377691538
235,275,303,6.775,-1.92773687876041
235,275,303,6.7825,-2.88888198264121
235,275,303,6.79,2.68196714890178
235,275,303,6.7975,1.95462465960552
235,275,303,6.805,0.784201837199637
235,275,303,6.8125,0.0637320217389187
235,275,303,6.82,-0.670568897524996
235,275,303,6.8275,-1.08821296946073
235,275,303,6.835,-1.97302015653361
235,275,303,6.8425,-2.96890264036912
235,275,303,6.85,2.29326771129115
235,275,303,6.8575,1.43250798987534
235,275,303,6.865,0.200616736301917
235,275,303,6.8725,-0.700556149381046
235,275,303,6.88,-1.45208220918924
235,275,303,6.8875,-2.78815769630044
235,275,303,6.895,2.7321807003543
235,275,303,6.9025,1.67232006792075
235,275,303,6.91,0.588678389765905
235,275,303,6.9175,-0.326428142403977
235,275,303,6.925,-1.4289074869346
235,275,303,6.9325,-2.22463564545598
235,275,303,6.94,2.99281101030312
235,275,303,6.9475,2.01263681556538
235,275,303,6.955,1.18259182939991
235,275,303,6.9625,0.803357954850368
235,275,303,6.97,-0.436847760320302
235,275,303,6.9775,-1.13718883324603
235,275,303,6.985,-1.68791786007468
235,275,303,6.9925,-2.87308196657471
235,275,303,7,2.52225447794658
235,275,303,7.0075,1.59020728481924
235,275,303,7.015,0.667756264496348
235,275,303,7.0225,-0.121311386617179
235,275,303,7.03,-1.01767893303223
235,275,303,7.0375,-2.13244836525453
235,275,303,7.045,-2.6273693001236
235,275,303,7.0525,2.58767509265413
235,275,303,7.06,1.69288084293304
235,275,303,7.0675,0.878373562454476
235,275,303,7.075,-0.0340901833999791
235,275,303,7.0825,-0.645983760960844
235,275,303,7.09,-1.61182476138599
235,275,303,7.0975,-2.65229108294302
235,275,303,7.105,2.71202028827998
235,275,303,7.1125,1.90171595206781
235,275,303,7.12,0.604450881018328
235,275,303,7.1275,-0.197843532603311
235,275,303,7.135,-1.04111055279273
235,275,303,7.1425,-2.06699766409593
235,275,303,7.15,-2.90482546825468
235,275,303,7.1575,2.11532710066003
235,275,303,7.165,1.22172788516056
235,275,303,7.1725,0.36031285659105
235,275,303,7.18,-0.78946385695328
235,275,303,7.1875,-1.68921002846225
235,275,303,7.195,-2.33962026458376
235,275,303,7.2025,3.12757391871902
235,275,303,7.21,2.15837631896995
235,275,303,7.2175,1.44812587177122
235,275,303,7.225,0.805610022622255
235,275,303,7.2325,-0.370651848463017
235,275,303,7.24,-1.39991825365781
235,275,303,7.2475,-2.18507341513196
235,275,303,7.255,-3.01428971632282
235,275,303,7.2625,2.0693527417653
235,275,303,7.27,1.04802385581241
235,275,303,7.2775,0.253688081130853
235,275,303,7.285,-0.842639465299491
235,275,303,7.2925,-1.81750609957632
235,275,303,7.3,-2.72431630149784
235,275,303,7.3075,2.7464586299954
235,275,303,7.315,1.69647564759965
235,275,303,7.3225,1.09837065091623
235,275,303,7.33,0.328293179327035
235,275,303,7.3375,-0.503711931404366
235,275,303,7.345,-1.64236303347487
235,275,303,7.3525,-2.42875233619649
235,275,303,7.36,3.13204853419585
235,275,303,7.3675,2.14395725858667
235,275,303,7.375,1.23598060439262
235,275,303,7.3825,0.386455095884292
235,275,303,7.39,-0.755183741289621
235,275,303,7.3975,-1.70795359094388
235,275,303,7.405,-2.54421664497842
235,275,303,7.4125,2.71414810626237
235,275,303,7.42,1.69513099474132
235,275,303,7.4275,0.818662161535751
235,275,303,7.435,-0.185860619039429
235,275,303,7.4425,-0.979197793975408
235,275,303,7.45,-2.11707857869943
235,275,303,7.4575,-2.71402883841474
235,275,303,7.465,2.64990296567028
235,275,303,7.4725,1.86544279818378
235,275,303,7.48,0.998928581153855
235,275,303,7.4875,0.267852781709002
235,275,303,7.495,-0.80711241704589
235,275,303,7.5025,-1.85124791590554
235,275,303,7.51,-2.71810352099551
235,275,303,7.5175,2.8067006921763
235,275,303,7.525,1.78378540351789
235,275,303,7.5325,0.85684218094675
235,275,303,7.54,-0.175287786253429
235,275,303,7.5475,-0.961742799403992
235,275,303,7.555,-2.01906626692128
235,275,303,7.5625,-2.75673384552405
235,275,303,7.57,3.02483365566714
235,275,303,7.5775,2.33483346436381
235,275,303,7.585,1.16517332348283
235,275,303,7.5925,0.350496028772305
235,275,303,7.6,-0.573839221432709
235,275,303,7.6075,-1.66783577809074
235,275,303,7.615,-2.60137754931077
235,275,303,7.6225,2.70532567238199
235,275,303,7.63,1.71332359843121
235,275,303,7.6375,0.762299093544482
235,275,303,7.645,-0.286919785453524
235,275,303,7.6525,-1.22162663234716
235,275,303,7.66,-2.12531480517394
235,275,303,7.6675,3.08796463607042
235,275,303,7.675,2.27941925844707
235,275,303,7.6825,1.4650417941346
235,275,303,7.69,0.391716849166181
235,275,303,7.6975,-0.246795574427414
235,275,303,7.705,-1.25367245374904
235,275,303,7.7125,-2.19676436629372
235,275,303,7.72,3.12327875891529
235,275,303,7.7275,2.45587770352683
235,275,303,7.735,1.47502342637268
235,275,303,7.7425,0.626731901615802
235,275,303,7.75,-0.113102276389728
235,275,303,7.7575,-1.28820631584426
235,275,303,7.765,-2.15298754266473
235,275,303,7.7725,-3.13025419724423
235,275,303,7.78,2.0248869987561
235,275,303,7.7875,1.09384654210536
235,275,303,7.795,-0.0279073404067504
235,275,303,7.8025,-1.21283490925875
235,275,303,7.81,-2.0000495765279
235,275,303,7.8175,-2.61624229039251
235,275,303,7.825,2.90716739831294
235,275,303,7.8325,2.04983614851822
235,275,303,7.84,1.96391365004431
235,275,303,7.8475,1.42150375440358
235,275,303,7.855,0.324735725323181
235,275,303,7.8625,-0.812647595443093
235,275,303,7.87,-1.76289659445338
235,275,303,7.8775,-2.65850111692554
235,275,303,7.885,2.68144767176043
235,275,303,7.8925,1.71938193295281
235,275,303,7.9,0.642862693124629
235,275,303,7.9075,-0.514948257633633
235,275,303,7.915,-1.28952528286323
235,275,303,7.9225,-2.26722793807765
235,275,303,7.93,2.81299348803994
235,275,303,7.9375,2.01445415380231
235,275,303,7.945,1.17677258037391
235,275,303,7.9525,0.458256548600192
235,275,303,7.96,-0.527823689606342
235,275,303,7.9675,-1.40599581574823
235,275,303,7.975,-2.05762927264517
235,275,303,7.9825,3.08339060788191
235,275,303,7.99,2.16992004177991
235,275,303,7.9975,1.36269843874168
235,275,303,8.005,0.374760879626908
235,275,303,8.0125,-0.720938897460519
235,275,303,8.02,-1.646394895698
235,275,303,8.0275,-2.5833712878332
235,275,303,8.035,2.54166528477219
235,275,303,8.0425,1.76826928137886
235,275,303,8.05,0.674447240667803
235,275,303,8.0575,-0.373872900310515
235,275,303,8.065,-1.18758536633421
235,275,303,8.0725,-2.16554801333224
235,275,303,8.08,-2.39938326646817
235,275,303,8.0875,-3.08295530242611
235,275,303,8.095,2.29419076978325
235,275,303,8.1025,1.45235452473424
235,275,303,8.11,0.633943177160189
235,275,303,8.1175,-0.467567461108718
235,275,303,8.125,-1.30263983616611
235,275,303,8.1325,-2.31204270626256
235,275,303,8.14,2.99036463352401
235,275,303,8.1475,1.99327977876038
235,275,303,8.155,1.14160926197854
235,275,303,8.1625,0.131206070074171
235,275,303,8.17,-0.848168455396497
235,275,303,8.1775,-2.02732089086287
235,275,303,8.185,-2.98973708432311
235,275,303,8.1925,2.5608575022576
235,275,303,8.2,1.45656591584945
235,275,303,8.2075,0.600726878333077
235,275,303,8.215,-0.0111591161993668
235,275,303,8.2225,-0.86331272701672
235,275,303,8.23,-1.64662988171413
235,275,303,8.2375,-2.49757042245951
235,275,303,8.245,2.80383607498099
235,275,303,8.2525,2.03930646178295
235,275,303,8.26,0.802418491594015
235,275,303,8.2675,-0.141922618453826
235,275,303,8.275,-1.01810889914759
235,275,303,8.2825,-1.86335374265113
235,275,303,8.29,-2.82250119157955
235,275,303,8.2975,2.38087673329893
235,275,303,8.305,1.54326627422467
235,275,303,8.3125,0.497600101615695
235,275,303,8.32,-0.125225351533575
235,275,303,8.3275,-0.883684906629512
235,275,303,8.335,-1.86975641205466
235,275,303,8.3425,-2.34901719220732
235,275,303,8.35,-3.03136214004651
235,275,303,8.3575,2.02420039833126
235,275,303,8.365,1.01783677069085
235,275,303,8.3725,0.137158803564087
235,275,303,8.38,-0.715143977337537
235,275,303,8.3875,-1.76051224173206
235,275,303,8.395,-2.75988836971127
235,275,303,8.4025,2.41389170214709
235,275,303,8.41,1.39768923820921
235,275,303,8.4175,0.542793209115981
235,275,303,8.425,-0.409527272993752
235,275,303,8.4325,-1.27973176488069
235,275,303,8.44,-2.15891023042758
235,275,303,8.4475,3.06416463092164
235,275,303,8.455,1.98861674473684
235,275,303,8.4625,1.3083555218074
235,275,303,8.47,0.277842117786112
235,275,303,8.4775,-0.387180734112853
235,275,303,8.485,-1.36187530680673
235,275,303,8.4925,-2.1326024561749
235,275,303,8.5,-2.97403700890752
235,275,303,8.5075,2.00430746956252
235,275,303,8.515,1.14837051455619
235,275,303,8.5225,0.19557111896193
235,275,303,8.53,-0.892328857181889
235,275,303,8.5375,-1.795368291729
235,275,303,8.545,-2.73008463676268
235,275,303,8.5525,2.32323472507496
235,275,303,8.56,1.63918113193141
235,275,303,8.5675,0.628002533133488
235,275,303,8.575,-0.189960793918596
235,275,303,8.5825,-0.570579520562775
235,275,303,8.59,-1.1910748512096
235,275,303,8.5975,-1.30548575289026
235,275,303,8.605,-2.43398935040834
235,275,303,8.6125,2.93338158846841
235,275,303,8.62,1.79678392629636
235,275,303,8.6275,0.910275322073347
235,275,303,8.635,0.106767619428002
235,275,303,8.6425,-1.01222812911672
235,275,303,8.65,-1.82352362671863
235,275,303,8.6575,-2.99943920901114
235,275,303,8.665,2.19688788945959
235,275,303,8.6725,1.3800686670638
235,275,303,8.68,0.431007872869412
235,275,303,8.6875,-0.703927338660236
235,275,303,8.695,-1.52921829648897
235,275,303,8.7025,-2.46498761787054
235,275,303,8.71,2.64633527497065
235,275,303,8.7175,2.16283830503791
235,275,303,8.725,1.02299305519614
235,275,303,8.7325,0.0377426378776163
235,275,303,8.74,-0.574950083782344
235,275,303,8.7475,-1.74169391497985
235,275,303,8.755,-2.46436797820041
235,275,303,8.7625,2.93986804078244
235,275,303,8.77,1.68136906024907
235,275,303,8.7775,0.948673904795055
235,275,303,8.785,-0.0752811648116527
235,275,303,8.7925,-1.01251927365041
235,275,303,8.8,-1.88946241978146
235,275,303,8.8075,-2.73151372544184
235,275,303,8.815,2.32033218478333
235,275,303,8.8225,1.79404845979236
235,275,303,8.83,0.958903099481463
235,275,303,8.8375,0.304444096343573
235,275,303,8.845,-0.412015233428568
235,275,303,8.8525,-1.38368625443841
235,275,303,8.86,-2.12606268443222
235,275,303,8.8675,3.13273317562575
235,275,303,8.875,2.46437545504138
235,275,303,8.8825,1.31498850840382
235,275,303,8.89,0.428527453437972
235,275,303,8.8975,-0.538715641346918
235,275,303,8.905,-1.62220628009923
235,275,303,8.9125,-2.77341753017666
235,275,303,8.92,2.61766633739045
235,275,303,8.9275,1.76320158254166
235,275,303,8.935,0.750284952940361
235,275,303,8.9425,0.00662923122883551
235,275,303,8.95,-1.05800329562982
235,275,303,8.9575,-1.91583942913888
235,275,303,8.965,-3.06183553744287
235,275,303,8.9725,2.56259168825125
235,275,303,8.98,1.79869475317881
235,275,303,8.9875,0.648540821973844
235,275,303,8.995,-0.307225821410608
235,275,303,9.0025,-1.15639115440904
235,275,303,9.01,-1.91079158043464
235,275,303,9.0175,-2.69132594397306
235,275,303,9.025,2.65034247315955
235,275,303,9.0325,1.79103337597588
235,275,303,9.04,0.687576261826608
235,275,303,9.0475,0.0822890205628916
235,275,303,9.055,-1.15663352364679
235,275,303,9.0625,-1.75343923428562
235,275,303,9.07,-2.76396279129937
235,275,303,9.0775,2.94494095154919
235,275,303,9.085,2.21819888159815
235,275,303,9.0925,1.06730729290769
235,275,303,9.1,0.316196242891613
235,275,303,9.1075,-0.502922623403151
235,275,303,9.115,-1.47463666383953
235,275,303,9.1225,-2.46745594204631
235,275,303,9.13,2.63307549143987
235,275,303,9.1375,1.68825323653568
235,275,303,9.145,0.85020210224258
235,275,303,9.1525,-0.251751919432446
235,275,303,9.16,-1.18311692870649
235,275,303,9.1675,-2.19299708737312
235,275,303,9.175,2.98005773090945
235,275,303,9.1825,2.13411437493455
235,275,303,9.19,1.3711169220033
235,275,303,9.1975,0.312636121643284
235,275,303,9.205,-0.269093279946164
235,275,303,9.2125,-1.45166926939887
235,275,303,9.22,-2.38783921948934
235,275,303,9.2275,-3.04427149693935
235,275,303,9.235,2.34788984610185
235,275,303,9.2425,1.63683383016284
235,275,303,9.25,0.50475995651954
235,275,303,9.2575,-0.417120836700157
235,275,303,9.265,-1.55182188535092
235,275,303,9.2725,-2.51101231910936
235,275,303,9.28,2.87259865705058
235,275,303,9.2875,1.91647723405829
235,275,303,9.295,1.08574799647669
235,275,303,9.3025,-0.0818872495592703
235,275,303,9.31,-0.746255476005203
235,275,303,9.3175,-1.65954647159601
235,275,303,9.325,-2.76244167937974
235,275,303,9.3325,2.68366756919978
235,275,303,9.34,1.68216163302948
235,275,303,9.3475,1.2602663709702
235,275,303,9.355,1.32336339166826
235,275,303,9.3625,0.547821987946883
235,275,303,9.37,-0.692151352062378
235,275,303,9.3775,-1.71777029727002
235,275,303,9.385,-2.77454012195515
235,275,303,9.3925,2.52508371030279
235,275,303,9.4,1.63298836189834
235,275,303,9.4075,0.388363979638054
235,275,303,9.415,-0.260258038934471
235,275,303,9.4225,-1.25833088394919
235,275,303,9.43,-2.28270615983224
235,275,303,9.4375,3.07205499703795
235,275,303,9.445,2.08293460554623
235,275,303,9.4525,1.17319877501889
235,275,303,9.46,0.378406108504747
235,275,303,9.4675,-0.625853496871334
235,275,303,9.475,-1.3456901328877
235,275,303,9.4825,-2.26577090713841
235,275,303,9.49,2.95238465967873
235,275,303,9.4975,1.9809558466141
235,275,303,9.505,1.12701566077256
235,275,303,9.5125,0.0543531159632516
235,275,303,9.52,-1.01129049924821
235,275,303,9.5275,-1.92234632729282
235,275,303,9.535,-3.04139005681614
235,275,303,9.5425,2.33906264751136
235,275,303,9.55,1.16217077134332
235,275,303,9.5575,0.244208658452062
235,275,303,9.565,-0.425028791416587
235,275,303,9.5725,-1.52383987427615
235,275,303,9.58,-1.70701483101955
235,275,303,9.5875,-2.95769549951923
235,275,303,9.595,2.80203556988698
235,275,303,9.6025,1.89389037206074
235,275,303,9.61,1.10052447291287
235,275,303,9.6175,0.67054637229186
235,275,303,9.625,-0.636033158877205
235,275,303,9.6325,-1.14427947056368
235,275,303,9.64,-2.2329964553294
235,275,303,9.6475,3.00672564467495
235,275,303,9.655,1.93818778664772
235,275,303,9.6625,1.00676610383049
235,275,303,9.67,0.103766404138527
235,275,303,9.6775,-0.966886376052106
235,275,303,9.685,-2.00327209083616
235,275,303,9.6925,-2.99955712163678
235,275,303,9.7,2.47057482192694
235,275,303,9.7075,1.53463300233087
235,275,303,9.715,0.58063748286346
235,275,303,9.7225,-0.332608683996613
235,275,303,9.73,-1.11244437191979
235,275,303,9.7375,-1.78193710165619
235,275,303,9.745,-2.75645742067706
235,275,303,9.7525,3.0128429727836
235,275,303,9.76,1.97020380959037
235,275,303,9.7675,0.856479409570082
235,275,303,9.775,0.0744036997079517
235,275,303,9.7825,-1.34042673832159
235,275,303,9.79,-1.88173743659387
235,275,303,9.7975,-3.08364493307561
235,275,303,9.805,2.08181701046035
235,275,303,9.8125,1.36234529643754
235,275,303,9.82,0.323860244182863
235,275,303,9.8275,-0.523583985985284
235,275,303,9.835,-0.864626590724478
235,275,303,9.8425,-1.71261601697261
235,275,303,9.85,-2.39169211382774
235,275,303,9.8575,-3.06053954147553
235,275,303,9.865,1.99293090564613
235,275,303,9.8725,0.896184577972863
235,275,303,9.88,0.186460439294014
235,275,303,9.8875,-0.766448125856799
235,275,303,9.895,-1.85637707826575
235,275,303,9.9025,-2.87444589577782
235,275,303,9.91,2.41615366392739
235,275,303,9.9175,1.38143073246568
235,275,303,9.925,0.366573468060086
235,275,303,9.9325,-0.369264025443486
235,275,303,9.94,-1.36226773764868
235,275,303,9.9475,-2.39700936379154
235,275,303,9.955,-3.13979820483571
235,275,303,9.9625,1.97860928142742
235,275,303,9.97,1.02666925947759
235,275,303,9.9775,0.262743891680567
235,275,303,9.985,-0.783367851046697
235,275,303,9.9925,-1.6963807513561
235,275,303,10,-2.57678402481313
235,275,303,10.0075,2.89722275948953
235,275,303,10.015,1.72680277158091
235,275,303,10.0225,0.849444236722786
235,275,303,10.03,0.317469489020691
235,275,303,10.0375,-1.09086817358587
235,275,303,10.045,-2.03953324810178
235,275,303,10.0525,-2.88540104674781
235,275,303,10.06,2.63831154992754
235,275,303,10.0675,1.66731451800721
235,275,303,10.075,0.95185041354351
235,275,303,10.0825,-0.515180419407469
235,275,303,10.09,2.79045686688817
235,275,303,10.0975,-0.104080922379293
235,275,303,10.105,-1.82918267027008
235,275,303,10.1125,-2.61436814586041
235,275,303,10.12,2.93003896193066
235,275,303,10.1275,1.83109395235726
235,275,303,10.135,0.712062220829579
235,275,303,10.1425,-0.168481122400947
235,275,303,10.15,-0.990499097026211
235,275,303,10.1575,-2.27062013703797
235,275,303,10.165,-3.06570513838741
235,275,303,10.1725,2.07444957810412
235,275,303,10.18,1.23662054939853
235,275,303,10.1875,0.256977333839197
235,275,303,10.195,-0.757330893088101
235,275,303,10.2025,-1.81044234625575
235,275,303,10.21,-2.58264667388259
235,275,303,10.2175,2.77335619769762
235,275,303,10.225,1.79889463341268
235,275,303,10.2325,0.819429438017492
235,275,303,10.24,-0.258873232841891
235,275,303,10.2475,-1.0731024940403
235,275,303,10.255,-1.99493807960343
235,275,303,10.2625,-2.78672393786847
235,275,303,10.27,2.34631359401969
235,275,303,10.2775,1.40042652093344
235,275,303,10.285,0.912917920306658
235,275,303,10.2925,0.0232616473786474
235,275,303,10.3,-0.812610041002094
235,275,303,10.3075,-1.65434859307568
235,275,303,10.315,-3.06232203632787
235,275,303,10.3225,2.87181158996698
235,275,303,10.33,1.83015757948366
235,275,303,10.3375,0.644705279640995
235,275,303,10.345,0.147276460963628
235,275,303,10.3525,-0.671111040970006
235,275,303,10.36,-1.39409406841468
235,275,303,10.3675,-2.03080082731966
235,275,303,10.375,-3.01180251579892
235,275,303,10.3825,2.10863877329987
235,275,303,10.39,1.06762568978181
235,275,303,10.3975,0.0430181920745145
235,275,303,10.405,-0.929862935241672
235,275,303,10.4125,-1.95521231344373
235,275,303,10.42,-3.11433058291618
235,275,303,10.4275,2.36294034243039
235,275,303,10.435,1.17508469422728
235,275,303,10.4425,0.52660208708924
235,275,303,10.45,-0.704814871806098
235,275,303,10.4575,-1.59462234522769
235,275,303,10.465,-2.45492250429685
235,275,303,10.4725,2.89918344851815
235,275,303,10.48,2.36597141871043
235,275,303,10.4875,1.01543394128806
235,275,303,10.495,0.506483138291208
235,275,303,10.5025,-0.568194877017512
235,275,303,10.51,-0.468083375098381
235,275,303,10.5175,-1.37160598198318
235,275,303,10.525,-2.53701902495072
235,275,303,10.5325,2.94922342518122
235,275,303,10.54,2.38132203318552
235,275,303,10.5475,1.05930618635172
235,275,303,10.555,-0.159555021386919
235,275,303,10.5625,-0.568059867858672
235,275,303,10.57,-1.54003185973337
235,275,303,10.5775,-2.38646728682237
235,275,303,10.585,2.79309148048889
235,275,303,10.5925,1.92963793789007
235,275,303,10.6,1.07783692438166
235,275,303,10.6075,0.719067524926387
235,275,303,10.615,-0.429424601060095
235,275,303,10.6225,-1.14508109340975
235,275,303,10.63,-1.92414045962282
235,275,303,10.6375,-3.02029698737769
235,275,303,10.645,1.89899222075821
235,275,303,10.6525,0.686801656818348
235,275,303,10.66,-0.104202921021637
235,275,303,10.6675,-1.18560977384356
235,275,303,10.675,-2.17811922964252
235,275,303,10.6825,3.02953515190166
235,275,303,10.69,1.84877860231689
235,275,303,10.6975,1.18007963092692
235,275,303,10.705,0.0646628374786758
235,275,303,10.7125,-0.606343932059577
235,275,303,10.72,-1.63986842346895
235,275,303,10.7275,-2.50289197643622
235,275,303,10.735,2.88754855529298
235,275,303,10.7425,1.7180100791126
235,275,303,10.75,0.397707827119491
235,275,303,10.7575,0.215745849941483
235,275,303,10.765,-0.849553334408206
235,275,303,10.7725,-2.36292474916536
235,275,303,10.78,-3.06289953910585
235,275,303,10.7875,2.72414978267381
235,275,303,10.795,1.96831573585134
235,275,303,10.8025,1.25659879975149
235,275,303,10.81,-0.161668950780437
235,275,303,10.8175,-0.425945435769644
235,275,303,10.825,0.687076786138727
235,275,303,10.8325,-0.989077741988426
235,275,303,10.84,-2.06567461386483
235,275,303,10.8475,-2.91119018367918
235,275,303,10.855,2.31596982741721
235,275,303,10.8625,1.18442709507026
235,275,303,10.87,0.543208145191511
235,275,303,10.8775,-0.635965390572829
235,275,303,10.885,-1.66641686806488
235,275,303,10.8925,-2.65384463508044
235,275,303,10.9,2.7129339648001
235,275,303,10.9075,1.62023749311874
235,275,303,10.915,0.670119559465754
235,275,303,10.9225,-0.540848018648052
235,275,303,10.93,-1.62978048048225
235,275,303,10.9375,-2.908931627503
235,275,303,10.945,2.66109257756646
235,275,303,10.9525,1.71968534034883
235,275,303,10.96,0.532875515657901
235,275,303,10.9675,-0.471591521659544
235,275,303,10.975,-1.39902213007785
235,275,303,10.9825,-2.12282446069736
235,275,303,10.99,2.87899100977554
235,275,303,10.9975,2.71134850817275
235,275,303,11.005,3.07853153522123
235,275,303,11.0125,1.54564442731343
235,275,303,11.02,0.818632702655043
235,275,303,11.0275,-0.159990196971039
235,275,303,11.035,-1.25947282446147
235,275,303,11.0425,-2.18275126212566
235,275,303,11.05,-2.97949276913704
235,275,303,11.0575,2.13204066976163
235,275,303,11.065,1.01132081311766
235,275,303,11.0725,0.331021337917085
235,275,303,11.08,-0.290738464984972
235,275,303,11.0875,-2.20479960075667
235,275,303,11.095,-1.79333118049354
235,275,303,11.1025,-2.86435074261784
235,275,303,11.11,2.25368205324427
235,275,303,11.1175,1.62082728635655
235,275,303,11.125,0.337845783190986
235,275,303,11.1325,-0.77655980392178
235,275,303,11.14,-1.95977813384775
235,275,303,11.1475,-2.6945269864489
235,275,303,11.155,2.59350519178522
235,275,303,11.1625,1.7656137997403
235,275,303,11.17,0.704387615083068
235,275,303,11.1775,0.113668749575369
235,275,303,11.185,-1.31198100812269
235,275,303,11.1925,-2.06026247179588
235,275,303,11.2,-3.01395491257497
235,275,303,11.2075,2.00196168350309
235,275,303,11.215,1.28568342682781
235,275,303,11.2225,1.08600129544308
235,275,303,11.23,-0.451699377915832
235,275,303,11.2375,-2.31837772717912
235,275,303,11.245,-2.92748854443339
235,275,303,11.2525,-0.93081243814565
235,275,303,11.26,-1.30193525236149
235,275,303,11.2675,-2.97288105096813
235,275,303,11.275,2.53233544878429
235,275,303,11.2825,1.47123013631138
235,275,303,11.29,0.486586468966741
235,275,303,11.2975,-0.515351617221378
235,275,303,11.305,-2.04140845709436
235,275,303,11.3125,-2.92568680511918
235,275,303,11.32,2.33795381676772
235,275,303,11.3275,1.51228622328291
235,275,303,11.335,0.573955614375451
235,275,303,11.3425,-0.153432333962013
235,275,303,11.35,-1.32995880100583
235,275,303,11.3575,-2.39969355326976
235,275,303,11.365,-3.11949756121406
235,275,303,11.3725,2.08713861532746
235,275,303,11.38,1.24097886824462
235,275,303,11.3875,0.0990424115298573
235,275,303,11.395,-0.942018791610115
235,275,303,11.4025,-1.91287976583427
235,275,303,11.41,-2.77381691784133
235,275,303,11.4175,2.6509965507807
235,275,303,11.425,1.63989256895676
235,275,303,11.4325,0.630057958147999
235,275,303,11.44,-0.227887868471211
235,275,303,11.4475,-1.35004254667831
235,275,303,11.455,-2.44757254094654
235,275,303,11.4625,2.59624485852357
235,275,303,11.47,1.92689936744619
235,275,303,11.4775,0.765427488596098
235,275,303,11.485,-0.33956047667761
235,275,303,11.4925,-1.29762471169768
235,275,303,11.5,-1.97931969017662
235,275,303,11.5075,-2.92440592070487
235,275,303,11.515,0.678721700849038
235,275,303,11.5225,-2.63919034337797
235,275,303,11.53,2.15082410173528
235,275,303,11.5375,1.62541374331206
235,275,303,11.545,0.514510235028758
235,275,303,11.5525,0.0846649505735329
235,275,303,11.56,-1.4004068961535
235,275,303,11.5675,-2.20146072291921
235,275,303,11.575,-3.09208166578882
235,275,303,11.5825,2.21910074131358
235,275,303,11.59,1.20328821702211
235,275,303,11.5975,0.517610652836191
235,275,303,11.605,-0.548842740545425
235,275,303,11.6125,-1.53499231613968
235,275,303,11.62,-2.30411839868478
235,275,303,11.6275,2.72209703101881
235,275,303,11.635,1.92341913151956
235,275,303,11.6425,0.850950630262504
235,275,303,11.65,-0.21951235667799
235,275,303,11.6575,-0.970775949618564
235,275,303,11.665,-2.09297798313213
235,275,303,11.6725,-2.91758800494624
235,275,303,11.68,2.26471324316241
235,275,303,11.6875,1.4325913420229
235,275,303,11.695,0.142206625954904
235,275,303,11.7025,-0.506931346886281
235,275,303,11.71,-1.87378057349805
235,275,303,11.7175,-2.56381802750206
235,275,303,11.725,2.42968289775285
235,275,303,11.7325,2.18119185408951
235,275,303,11.74,2.30187724897244
235,275,303,11.7475,0.484825059045622
235,275,303,11.755,0.503821835059576
235,275,303,11.7625,0.232341961722833
235,275,303,11.77,-0.970778850722252
235,275,303,11.7775,-2.95139598640451
235,275,303,11.785,2.74011744452161
235,275,303,11.7925,1.97416116741316
235,275,303,11.8,0.641258956207827
235,275,303,11.8075,-0.23647363796692
235,275,303,11.815,-0.886935229482236
235,275,303,11.8225,-2.00262338511369
235,275,303,11.83,-2.85770059663224
235,275,303,11.8375,2.29997311344967
235,275,303,11.845,1.44767532471255
235,275,303,11.8525,0.348560629330297
235,275,303,11.86,-0.210979756234333
235,275,303,11.8675,-1.6507701088073
235,275,303,11.875,-2.23351618617567
235,275,303,11.8825,2.88772157779522
235,275,303,11.89,1.98718883003402
235,275,303,11.8975,1.05099270229169
235,275,303,11.905,-0.0143440582362876
235,275,303,11.9125,-0.489962593545455
235,275,303,11.92,-2.05873936907381
235,275,303,11.9275,3.03073475970729
235,275,303,11.935,2.35078365890957
235,275,303,11.9425,1.69245477191047
235,275,303,11.95,-0.343650807736931
235,275,303,11.9575,0.0462286685865502
235,275,303,11.965,-2.46613663675112
235,275,303,11.9725,2.60540980956846
235,275,303,11.98,1.98084147070874
235,275,303,11.9875,2.96711573022289
235,275,303,11.995,-2.07821505098807
235,275,303,12.0025,2.32368408584507
235,275,303,12.01,1.11446455873089
235,275,303,12.0175,0.833254893094566
235,275,303,12.025,-0.683780846190739
235,275,303,12.0325,-1.43486679321985
235,275,303,12.04,-2.61082057626266
235,275,303,12.0475,2.53274018295015
235,275,303,12.055,1.86633210093777
235,275,303,12.0625,0.669666587438244
235,275,303,12.07,-0.578259289703281
235,275,303,12.0775,-1.16593523867502
235,275,303,12.085,-2.27188035234033
235,275,303,12.0925,-2.89850587383383
235,275,303,12.1,2.41060361876315
235,275,303,12.1075,1.3360108602056
235,275,303,12.115,0.388772508012112
235,275,303,12.1225,-0.665422138143068
235,275,303,12.13,-2.01201399606966
235,275,303,12.1375,-2.71075044806327
235,275,303,12.145,2.5353112199082
235,275,303,12.1525,1.39511263601029
235,275,303,12.16,0.918541079228155
235,275,303,12.1675,-0.219686782360985
235,275,303,12.175,-1.35359061853893
235,275,303,12.1825,-2.690312994059
235,275,303,12.19,-3.02221188471463
235,275,303,12.1975,1.99197496165872
235,275,303,12.205,1.09395354583837
235,275,303,12.2125,-0.223287538891635
235,275,303,12.22,-1.45172705100471
235,275,303,12.2275,-1.9227870233089
235,275,303,12.235,3.00121594221199
235,275,303,12.2425,0.970455908640274
235,275,303,12.25,-1.92012082185299
235,275,303,12.2575,-2.05802703196553
235,275,303,12.265,1.87624696724338
235,275,303,12.2725,1.208308717467
235,275,303,12.28,-0.236870247619565
235,275,303,12.2875,-0.561271641166518
235,275,303,12.295,-1.90731281738352
235,275,303,12.3025,-2.72077419342431
235,275,303,12.31,2.34181810171965
235,275,303,12.3175,1.27176651009727
235,275,303,12.325,0.174560497802632
235,275,303,12.3325,-0.583731547960442
235,275,303,12.34,-1.51147978849762
235,275,303,12.3475,-2.51348897146635
235,275,303,12.355,2.79733417371805
235,275,303,12.3625,1.9998912652669
235,275,303,12.37,1.12115239581312
235,275,303,12.3775,-0.00699855994087947
235,275,303,12.385,-1.2713151789309
235,275,303,12.3925,-1.7319292103407
235,275,303,12.4,-3.09070059620126
235,275,303,12.4075,2.60282273851991
235,275,303,12.415,1.55243232925003
235,275,303,12.4225,0.643280182695518
235,275,303,12.43,-0.894951928081168
235,275,303,12.4375,-1.34891934803063
235,275,303,12.445,-2.36726302466927
235,275,303,12.4525,2.83638781964652
235,275,303,12.46,1.69185943249272
235,275,303,12.4675,0.819686081716657
235,275,303,12.475,-0.2073274909919
235,275,303,12.4825,-1.23548041812121
235,275,303,12.49,-1.38075755686301
235,275,303,12.4975,0.748916638892643
235,275,303,12.505,-2.26658873041101
235,275,303,12.5125,2.87748218412523
235,275,303,12.52,2.60772385828302
235,275,303,12.5275,1.58015394220264
235,275,303,12.535,-0.0292044862189759
235,275,303,12.5425,-0.891863275167972
235,275,303,12.55,-1.37821877118064
235,275,303,12.5575,-2.69246161679007
235,275,303,12.565,2.43690524912039
235,275,303,12.5725,1.65936969174623
235,275,303,12.58,0.881501187882696
235,275,303,12.5875,-0.328320985634165
235,275,303,12.595,-1.6204719218701
235,275,303,12.6025,-1.90226489307786
235,275,303,12.61,2.5627867676848
235,275,303,12.6175,1.62554188374445
235,275,303,12.625,1.34509088340908
235,275,303,12.6325,0.195063121406214
235,275,303,12.64,-1.12303084105068
235,275,303,12.6475,-2.26283326438674
235,275,303,12.655,-2.83885039017389
235,275,303,12.6625,2.62150611678794
235,275,303,12.67,1.59688467960382
235,275,303,12.6775,1.02113800796862
235,275,303,12.685,-0.460436617656334
235,275,303,12.6925,-0.855182844140258
235,275,303,12.7,-2.23931685628023
235,275,303,12.7075,3.06651127222888
235,275,303,12.715,1.86413602277215
235,275,303,12.7225,0.83537030665008
235,275,303,12.73,-0.870341666927023
235,275,303,12.7375,-2.85164385324954
235,275,303,12.745,1.82535269140917
235,275,303,12.7525,0.27952542595639
235,275,303,12.76,-0.246877221190561
235,275,303,12.7675,-2.06110901531054
235,275,303,12.775,-3.04605864248475
235,275,303,12.7825,2.57701632156646
235,275,303,12.79,1.23005664868983
235,275,303,12.7975,0.236315743657594
235,275,303,12.805,-0.90655609741076
235,275,303,12.8125,-1.74512799614497
235,275,303,12.82,-3.02793387890325
235,275,303,12.8275,2.21864197047949
235,275,303,12.835,1.21224770627694
235,275,303,12.8425,0.374149802833641
235,275,303,12.85,-0.883282266611463
235,275,303,12.8575,-1.71652402332466
235,275,303,12.865,-2.90085775889866
235,275,303,12.8725,2.5399066706297
235,275,303,12.88,1.36581333331798
235,275,303,12.8875,0.43360970948864
235,275,303,12.895,-0.057361832677663
235,275,303,12.9025,-0.828873165017082
235,275,303,12.91,-2.07371325848741
235,275,303,12.9175,-3.09847555805538
235,275,303,12.925,1.98953564374263
235,275,303,12.9325,1.06395193029489
235,275,303,12.94,0.182219094664243
235,275,303,12.9475,-0.966374266904032
235,275,303,12.955,-1.62330909382515
235,275,303,12.9625,-2.93293343814094
235,275,303,12.97,2.62987591145602
235,275,303,12.9775,-1.18716253182866
235,275,303,12.985,-0.979609077286925
235,275,303,12.9925,-3.01416581082036
235,275,303,13,2.30860740364558
235,275,303,13.0075,1.38322756876235
235,275,303,13.015,-0.35926722925955
235,275,303,13.0225,-1.01637310789258
235,275,303,13.03,-2.58612517965674
235,275,303,13.0375,3.01825120765497
235,275,303,13.045,2.07384058263245
235,275,303,13.0525,0.666290222478621
235,275,303,13.06,-0.550651955028083
235,275,303,13.0675,-1.33038003536122
235,275,303,13.075,-2.11642822913035
235,275,303,13.0825,2.90932116484508
235,275,303,13.09,2.09661936441311
235,275,303,13.0975,0.829028333068695
235,275,303,13.105,-0.0742803070210278
235,275,303,13.1125,-0.746104698608389
235,275,303,13.12,-1.59746218653433
235,275,303,13.1275,-3.09406237047805
235,275,303,13.135,2.12521282479365
235,275,303,13.1425,1.58185199683127
235,275,303,13.15,0.900815441644808
235,275,303,13.1575,-0.0913636655711914
235,275,303,13.165,-1.41512888209412
235,275,303,13.1725,-1.75035512413257
235,275,303,13.18,-3.08265919879561
235,275,303,13.1875,2.8867353288938
235,275,303,13.195,1.90142149061977
235,275,303,13.2025,0.877197795608047
235,275,303,13.21,-0.375389674748459
235,275,303,13.2175,-1.00859018442153
235,275,303,13.225,-1.96355669534451
235,275,303,13.2325,-2.51096302423399
235,275,303,13.24,-2.7398050047164
235,275,303,13.2475,3.01809529077332
235,275,303,13.255,0.72112186797786
235,275,303,13.2625,0.286009026001254
235,275,303,13.27,-0.49596000498676
235,275,303,13.2775,-2.03142898765697
235,275,303,13.285,-2.37797871364688
235,275,303,13.2925,2.95498346051721
235,275,303,13.3,2.29739523764061
235,275,303,13.3075,0.821964926541427
235,275,303,13.315,-0.278325796094011
235,275,303,13.3225,-0.979649170582129
235,275,303,13.33,-1.60741124911497
235,275,303,13.3375,-2.83681129658332
235,275,303,13.345,2.3417371169308
235,275,303,13.3525,1.44670953413263
235,275,303,13.36,0.109144146572418
235,275,303,13.3675,-0.616509775840511
235,275,303,13.375,-0.982160119175243
235,275,303,13.3825,-2.60378247600091
235,275,303,13.39,2.92837730615079
235,275,303,13.3975,1.98336413322719
235,275,303,13.405,1.46490456998368
235,275,303,13.4125,-0.062659664755451
235,275,303,13.42,-0.242385507793087
235,275,303,13.4275,-0.425972874132873
235,275,303,13.435,-1.55343395291412
235,275,303,13.4425,-2.80098221766244
235,275,303,13.45,2.91851958169239
235,275,303,13.4575,1.90133965456221
235,275,303,13.465,-0.62627319896115
235,275,303,13.4725,-0.41961749166662
235,275,303,13.48,-0.163215826462465
235,275,303,13.4875,-2.12399747854034
235,275,303,13.495,-1.9230557378427
235,275,303,13.5025,-2.42846732079884
235,275,303,13.51,2.09893042943204
235,275,303,13.5175,1.42246691191289
235,275,303,13.525,0.435254379377721
235,275,303,13.5325,-0.932740792385658
235,275,303,13.54,-1.18989973919912
235,275,303,13.5475,-2.23603369332506
235,275,303,13.555,-3.12953728498806
235,275,303,13.5625,1.79614421013676
235,275,303,13.57,0.669398072946495
235,275,303,13.5775,-0.165505169403551
235,275,303,13.585,-1.11762518661966
235,275,303,13.5925,-2.25616868300577
235,275,303,13.6,2.75589508854758
235,275,303,13.6075,2.23738972442259
235,275,303,13.615,1.02024934959143
235,275,303,13.6225,-0.0198721685070372
235,275,303,13.63,-0.887842071398894
235,275,303,13.6375,-1.25854458516266
235,275,303,13.645,-2.06313023870994
235,275,303,13.6525,2.9396073000432
235,275,303,13.66,2.34542916173638
235,275,303,13.6675,1.48521281668495
235,275,303,13.675,0.127756159687915
235,275,303,13.6825,-0.471916385891697
235,275,303,13.69,-1.99131347647751
235,275,303,13.6975,-2.11362994160342
235,275,303,13.705,3.07103678632306
235,275,303,13.7125,1.57890852507944
235,275,303,13.72,1.49933857162753
235,275,303,13.7275,1.8402153026122
235,275,303,13.735,-0.122391045467536
235,275,303,13.7425,0.0410650219668892
235,275,303,13.75,-1.80564081089942
235,275,303,13.7575,-2.45892771914043
235,275,303,13.765,3.11901998599574
235,275,303,13.7725,1.95262800820211
235,275,303,13.78,0.768028501009058
235,275,303,13.7875,0.116463954933773
235,275,303,13.795,-0.840211149429147
235,275,303,13.8025,-1.8220711780961
235,275,303,13.81,-2.55338286121886
235,275,303,13.8175,2.45303661669512
235,275,303,13.825,1.48036007730365
235,275,303,13.8325,0.485834316603946
235,275,303,13.84,-0.480147140335565
235,275,303,13.8475,-1.60340209185305
235,275,303,13.855,-2.62372869255579
235,275,303,13.8625,2.85116384326454
235,275,303,13.87,2.03805831815077
235,275,303,13.8775,0.931736459017148
235,275,303,13.885,0.43412974474478
235,275,303,13.8925,-0.897566425616847
235,275,303,13.9,-1.29939384781478
235,275,303,13.9075,-2.58331322996622
235,275,303,13.915,2.83026363411432
235,275,303,13.9225,2.28364815699239
235,275,303,13.93,1.0093044070543
235,275,303,13.9375,-0.342756692249288
235,275,303,13.945,-0.919796403760516
235,275,303,13.9525,-1.74873042898964
235,275,303,13.96,-2.29735612311219
235,275,303,13.9675,2.54258915151975
235,275,303,13.975,1.84110528070483
235,275,303,13.9825,1.37666252150333
235,275,303,13.99,0.180163416063595
235,275,303,13.9975,0.321030445114301
235,275,303,14.005,-0.442861683953635
235,275,303,14.0125,-1.69916057668837
235,275,303,14.02,-3.02488344445732
235,275,303,14.0275,1.93490278583675
235,275,303,14.035,1.65114653703931
235,275,303,14.0425,0.46325669628791
235,275,303,14.05,-0.318220281885743
235,275,303,14.0575,-1.56447368251774
235,275,303,14.065,-2.73526147588201
235,275,303,14.0725,2.83513013247506
235,275,303,14.08,1.89356055437141
235,275,303,14.0875,0.635758200118207
235,275,303,14.095,-0.209196846223203
235,275,303,14.1025,-1.33596174456787
235,275,303,14.11,-2.23007093613709
235,275,303,14.1175,2.53133186142155
235,275,303,14.125,2.0405481764632
235,275,303,14.1325,1.24627346552768
235,275,303,14.14,0.743263661674728
235,275,303,14.1475,-2.09558820929676
235,275,303,14.155,-2.72649658634864
235,275,303,14.1625,-1.56802986027349
235,275,303,14.17,-2.82484962267943
235,275,303,14.1775,-2.71555235052427
235,275,303,14.185,2.83976098289502
235,275,303,14.1925,1.15620416054461
235,275,303,14.2,0.0333305051959798
235,275,303,14.2075,-1.81389124331184
235,275,303,14.215,-2.14762587426133
235,275,303,14.2225,-1.52296321836287
235,275,303,14.23,2.78440959962308
235,275,303,14.2375,2.32045597941952
235,275,303,14.245,0.916442505230871
235,275,303,14.2525,0.0395865536484677
235,275,303,14.26,-0.495687807201129
235,275,303,14.2675,-1.74774376356461
235,275,303,14.275,-2.55450732632659
235,275,303,14.2825,2.85532528297725
235,275,303,14.29,1.57366671926345
235,275,303,14.2975,0.727810594024573
235,275,303,14.305,-0.269621878651431
235,275,303,14.3125,-0.873490633022897
235,275,303,14.32,-2.22868093285163
235,275,303,14.3275,-2.86992342710755
235,275,303,14.335,1.95851721247769
235,275,303,14.3425,1.19744724647938
235,275,303,14.35,0.0348178781271998
235,275,303,14.3575,-0.714516699811242
235,275,303,14.365,-1.92452636997251
235,275,303,14.3725,-2.99766283719248
235,275,303,14.38,1.99447230678757
235,275,303,14.3875,1.39168443537732
235,275,303,14.395,0.356992480100033
235,275,303,14.4025,0.462772657488335
235,275,303,14.41,-0.0978142437888793
235,275,303,14.4175,-1.07665839863907
235,275,303,14.425,-2.71756899524773
235,275,303,14.4325,2.7481568852824
235,275,303,14.44,1.86300207258391
235,275,303,14.4475,1.90093026673785
235,275,303,14.455,-0.350365530867485
235,275,303,14.4625,0.13834567067474
235,275,303,14.47,-2.17945278719434
235,275,303,14.4775,-2.49892965508536
235,275,303,14.485,-2.5967268037094
235,275,303,14.4925,1.67297224927096
235,275,303,14.5,0.415882597545288
235,275,303,14.5075,0.341268746323688
235,275,303,14.515,-0.567693675235873
235,275,303,14.5225,-1.31056764964863
235,275,303,14.53,-2.06609495995126
235,275,303,14.5375,2.49928386268938
235,275,303,14.545,1.2878080973088
235,275,303,14.5525,0.893314627847654
235,275,303,14.56,0.306571086960053
235,275,303,14.5675,-0.832801535436159
235,275,303,14.575,-1.73695258630257
235,275,303,14.5825,3.10411969269856
235,275,303,14.59,2.42285397905861
235,275,303,14.5975,1.30982279691034
235,275,303,14.605,0.118624630918625
235,275,303,14.6125,-1.09278111432976
235,275,303,14.62,-2.01251634223838
235,275,303,14.6275,3.00759305322638
235,275,303,14.635,0.102266205928328
235,275,303,14.6425,1.64583903305393
235,275,303,14.65,1.97701039749366
235,275,303,14.6575,2.21445541664715
235,275,303,14.665,2.3222237327083
235,275,303,14.6725,-0.93013706103191
235,275,303,14.68,-0.735684444237662
235,275,303,14.6875,2.11215201940898
235,275,303,14.695,2.81950960204841
235,275,303,14.7025,3.06086766357655
235,275,303,14.71,1.81326115546503
235,275,303,14.7175,0.779445793497642
235,275,303,14.725,-0.107541539263512
235,275,303,14.7325,-1.54292238645495
235,275,303,14.74,-1.71389519424912
235,275,303,14.7475,-2.8230922519977
235,275,303,14.755,2.42656112535052
235,275,303,14.7625,1.25644919938944
235,275,303,14.77,0.547222615191372
235,275,303,14.7775,-0.614500701609687
235,275,303,14.785,-2.02412423791624
235,275,303,14.7925,-3.07042571398204
235,275,303,14.8,2.72980153556701
235,275,303,14.8075,2.48014122035532
235,275,303,14.815,0.232105284670061
235,275,303,14.8225,-0.412752885635354
235,275,303,14.83,-0.830870409877803
235,275,303,14.8375,-2.49044288089915
235,275,303,14.845,-2.53736422220375
235,275,303,14.8525,2.33652784631176
235,275,303,14.86,0.764947305086929
235,275,303,14.8675,-0.0314417509701983
235,275,303,14.875,-1.15598182626427
235,275,303,14.8825,-1.97555207190283
235,275,303,14.89,2.45213293690083
235,275,303,14.8975,-3.13451576130321
235,275,303,14.905,1.16435526236548
235,275,303,14.9125,0.745983258101983
235,275,303,14.92,2.88438515986253
235,275,303,14.9275,2.81591868762495
235,275,303,14.935,2.57137391681607
235,275,303,14.9425,-1.3058940803939
235,275,303,14.95,-1.11427734988778
235,275,303,14.9575,-2.33302955422035
235,275,303,14.965,2.6091290051134
235,275,303,14.9725,1.57510753363972
235,275,303,14.98,1.2532800667813
235,275,303,14.9875,-0.61263175006285
235,275,303,14.995,-1.69312483958676
235,275,303,15.0025,-2.52643660378404
235,275,303,15.01,2.72699143954243
235,275,303,15.0175,1.72129008976817
235,275,303,15.025,1.17626145024527
235,275,303,15.0325,0.0280907976883216
235,275,303,15.04,-0.788567507085021
235,275,303,15.0475,-2.44908727675912
235,275,303,15.055,2.74753524507465
235,275,303,15.0625,2.84051345551415
235,275,303,15.07,1.83422967534202
235,275,303,15.0775,0.411339603468225
235,275,303,15.085,-0.184380541758451
235,275,303,15.0925,-1.8566635049767
235,275,303,15.1,-2.77759593749975
235,275,303,15.1075,2.78490654349075
235,275,303,15.115,1.53403243021038
235,275,303,15.1225,0.649502909181899
235,275,303,15.13,-0.174874183244154
235,275,303,15.1375,0.100161503863898
235,275,303,15.145,-2.19371688655857
235,275,303,15.1525,-2.7073872704963
235,275,303,15.16,2.84644400788877
235,275,303,15.1675,2.63171803792136
235,275,303,15.175,2.55035164360868
235,275,303,15.1825,-3.08945871068205
235,275,303,15.19,1.99800275896042
235,275,303,15.1975,0.2228901722432
235,275,303,15.205,-0.829278192195662
235,275,303,15.2125,-2.67885600799749
235,275,303,15.22,3.0130090192317
235,275,303,15.2275,2.05494882647365
235,275,303,15.235,0.705315313120182
235,275,303,15.2425,-0.198577454550649
235,275,303,15.25,-1.19533654319517
235,275,303,15.2575,-2.84430896806025
235,275,303,15.265,2.68847369563618
235,275,303,15.2725,2.12454921913332
235,275,303,15.28,1.5840917386495
235,275,303,15.2875,0.336978440108065
235,275,303,15.295,-0.670804024359199
235,275,303,15.3025,-1.51011712634213
235,275,303,15.31,-2.53758625539202
235,275,303,15.3175,2.05481836455383
235,275,303,15.325,2.328345022225
235,275,303,15.3325,1.46356225226558
235,275,303,15.34,0.198452037241797
235,275,303,15.3475,-0.967532788325376
235,275,303,15.355,-1.88604535101897
235,275,303,15.3625,2.71903620763253
235,275,303,15.37,1.71038960408482
235,275,303,15.3775,0.581395785707363
235,275,303,15.385,-0.341862170534162
235,275,303,15.3925,-2.64162728865398
235,275,303,15.4,2.95922308431185
235,275,303,15.4075,0.284221857539525
235,275,303,15.415,0.840828742509736
235,275,303,15.4225,-0.577705925819024
235,275,303,15.43,-2.7625490684932
235,275,303,15.4375,2.47955082600401
235,275,303,15.445,0.997741953703474
235,275,303,15.4525,0.558171251758827
235,275,303,15.46,-1.43319621327927
235,275,303,15.4675,-1.50836208432374
235,275,303,15.475,2.93686587854016
235,275,303,15.4825,2.44603549759683
235,275,303,15.49,1.15646859774922
235,275,303,15.4975,0.37325475418816
235,275,303,15.505,-0.0584808355134518
235,275,303,15.5125,-1.82927467531156
235,275,303,15.52,2.48681338724619
235,275,303,15.5275,2.04061316533949
235,275,303,15.535,2.24451515793736
235,275,303,15.5425,1.7934092775589
235,275,303,15.55,-0.471113238499009
235,275,303,15.5575,-0.752715954883221
235,275,303,15.565,-1.91650663912852
235,275,303,15.5725,-2.38858523646316
235,275,303,15.58,2.77421636904424
235,275,303,15.5875,1.93435663260124
235,275,303,15.595,1.23329455558573
235,275,303,15.6025,-0.739115940208631
235,275,303,15.61,-1.53615546028808
235,275,303,15.6175,-2.96702386839073
235,275,303,15.625,2.50153128401482
235,275,303,15.6325,0.00906288453241808
235,275,303,15.64,-3.11296532802481
235,275,303,15.6475,3.09632931844971
235,275,303,15.655,0.768388548604384
235,275,303,15.6625,-1.97163414652793
235,275,303,15.67,-0.498410106527657
235,275,303,15.6775,-1.68590597932194
235,275,303,15.685,2.58218306041195
235,275,303,15.6925,2.11345825974957
235,275,303,15.7,1.21892805790565
235,275,303,15.7075,0.712520191328299
235,275,303,15.715,-0.374860171931412
235,275,303,15.7225,-2.9816309560226
235,275,303,15.73,-2.71508071876851
235,275,303,15.7375,3.00030064822991
235,275,303,15.745,2.39926764372893
235,275,303,15.7525,1.82098171719415
235,275,303,15.76,-0.237764713594142
235,275,303,15.7675,-0.285654635172974
235,275,303,15.775,-2.42054081625579
235,275,303,15.7825,1.77240135841891
235,275,303,15.79,2.37944340165159
235,275,303,15.7975,0.871995024676059
235,275,303,15.805,0.555586083549745
235,275,303,15.8125,0.559736493461812
235,275,303,15.82,2.7983440668147
235,275,303,15.8275,-1.61621336599111
235,275,303,15.835,-2.98505025293937
235,275,303,15.8425,2.95539399564782
235,275,303,15.85,0.822366113905347
235,275,303,15.8575,0.126283389757482
235,275,303,15.865,0.229896481866024
235,275,303,15.8725,-1.58786339987039
235,275,303,15.88,-2.33768258643799
235,275,303,15.8875,-2.83862056640844
235,275,303,15.895,2.14791337691601
235,275,303,15.9025,-2.5206682531131
235,275,303,15.91,-1.5521576153031
235,275,303,15.9175,2.38801166869839
235,275,303,15.925,2.12440798161369
235,275,303,15.9325,-2.36722619383477
235,275,303,15.94,2.66100898212699
235,275,303,15.9475,-3.02949595207506
235,275,303,15.955,1.31550379575291
235,275,303,15.9625,0.787679424935564
235,275,303,15.97,0.149878259776916
235,275,303,15.9775,-1.00111929463242
235,275,303,15.985,3.04978226076846
235,275,303,15.9925,3.01508556693043
235,275,303,16,-1.34669578508744
235,275,302,4,-1.18312914155924
235,275,302,4.0075,-2.11044097808174
235,275,302,4.015,3.06981313101925
235,275,302,4.0225,2.15325514923303
235,275,302,4.03,1.25998543302716
235,275,302,4.0375,0.1886653869347
235,275,302,4.045,-0.629598830564429
235,275,302,4.0525,-1.53023567567442
235,275,302,4.06,-2.46714678420361
235,275,302,4.0675,2.8828216462145
235,275,302,4.075,2.01782116562558
235,275,302,4.0825,0.942937232625656
235,275,302,4.09,0.068178290277792
235,275,302,4.0975,-0.765119020737706
235,275,302,4.105,-1.77981544443419
235,275,302,4.1125,-2.58219342020033
235,275,302,4.12,2.55588586533637
235,275,302,4.1275,2.03167290291125
235,275,302,4.135,0.977989811764727
235,275,302,4.1425,-0.312296863762778
235,275,302,4.15,-0.852758366712571
235,275,302,4.1575,-1.80736666346861
235,275,302,4.165,-2.37944232110233
235,275,302,4.1725,-2.95453441630631
235,275,302,4.18,2.73543387780346
235,275,302,4.1875,2.18319243073341
235,275,302,4.195,1.30911211169237
235,275,302,4.2025,0.57137146061692
235,275,302,4.21,-0.68712051716407
235,275,302,4.2175,-1.57741905429782
235,275,302,4.225,-2.61613110406296
235,275,302,4.2325,2.64339568787931
235,275,302,4.24,1.67710042075836
235,275,302,4.2475,0.714001120161066
235,275,302,4.255,-0.339479569713627
235,275,302,4.2625,-1.20637117839475
235,275,302,4.27,-2.29423419215612
235,275,302,4.2775,3.08770832860774
235,275,302,4.285,2.01366057201407
235,275,302,4.2925,1.18326144797457
235,275,302,4.3,0.305513132163652
235,275,302,4.3075,-0.535520591451819
235,275,302,4.315,-1.4193845789198
235,275,302,4.3225,-2.46040574157437
235,275,302,4.33,2.81348949823618
235,275,302,4.3375,1.80984909043065
235,275,302,4.345,0.853840958339234
235,275,302,4.3525,-0.180598138815789
235,275,302,4.36,-1.14102608945715
235,275,302,4.3675,-2.23679668965309
235,275,302,4.375,3.11660969950753
235,275,302,4.3825,2.0324947367425
235,275,302,4.39,1.02971035232987
235,275,302,4.3975,-0.213864433693681
235,275,302,4.405,-1.26138513160857
235,275,302,4.4125,-2.51238051369826
235,275,302,4.42,-2.57183359241212
235,275,302,4.4275,2.56931348527503
235,275,302,4.435,-2.11070526080866
235,275,302,4.4425,-2.7603662122116
235,275,302,4.45,2.23006314710088
235,275,302,4.4575,0.993983304089621
235,275,302,4.465,0.0282669543935751
235,275,302,4.4725,-1.03179592073247
235,275,302,4.48,-2.09399832600849
235,275,302,4.4875,-3.01508066841044
235,275,302,4.495,2.06715741469193
235,275,302,4.5025,1.04768009589555
235,275,302,4.51,0.16568800753571
235,275,302,4.5175,-0.831434579162502
235,275,302,4.525,-1.63097996681805
235,275,302,4.5325,-2.68674758399482
235,275,302,4.54,2.79063793230948
235,275,302,4.5475,1.70567953147531
235,275,302,4.555,0.911258961768082
235,275,302,4.5625,0.239608413406225
235,275,302,4.57,-0.801087965017806
235,275,302,4.5775,-1.87796860744544
235,275,302,4.585,-2.86189926726017
235,275,302,4.5925,2.36555183501664
235,275,302,4.6,1.26038744466896
235,275,302,4.6075,0.374416663611378
235,275,302,4.615,-0.206120947829143
235,275,302,4.6225,-1.39693782543558
235,275,302,4.63,-2.39303284042786
235,275,302,4.6375,-2.71044341504806
235,275,302,4.645,-2.81606611023698
235,275,302,4.6525,2.71533586120564
235,275,302,4.66,1.68381090188372
235,275,302,4.6675,0.538943279424914
235,275,302,4.675,-0.0114074184000982
235,275,302,4.6825,-1.17830954201071
235,275,302,4.69,-2.03652859390822
235,275,302,4.6975,-2.96013412790365
235,275,302,4.705,2.19178079061501
235,275,302,4.7125,1.40870064047124
235,275,302,4.72,0.548547312147906
235,275,302,4.7275,-0.561938005600155
235,275,302,4.735,-1.77592322451803
235,275,302,4.7425,-2.67681812977459
235,275,302,4.75,2.49799395604145
235,275,302,4.7575,1.49457346886123
235,275,302,4.765,0.414579637454449
235,275,302,4.7725,-0.27780219272655
235,275,302,4.78,-1.15554594741665
235,275,302,4.7875,-2.24933770518241
235,275,302,4.795,-3.12133080577345
235,275,302,4.8025,1.9223035409309
235,275,302,4.81,1.06589655594587
235,275,302,4.8175,0.133296668594207
235,275,302,4.825,-1.03815687343352
235,275,302,4.8325,-2.02414453187796
235,275,302,4.84,2.86759590466766
235,275,302,4.8475,1.88277410971831
235,275,302,4.855,0.83108194037993
235,275,302,4.8625,0.680976851756081
235,275,302,4.87,-0.236761695515643
235,275,302,4.8775,-1.75545444882177
235,275,302,4.885,-3.02963571734266
235,275,302,4.8925,1.24521625023442
235,275,302,4.9,-0.619377194236571
235,275,302,4.9075,-2.17880207089608
235,275,302,4.915,3.09141040818
235,275,302,4.9225,1.90187509255006
235,275,302,4.93,1.04305686809971
235,275,302,4.9375,-0.086150293652119
235,275,302,4.945,-0.808981541831167
235,275,302,4.9525,-1.66788010288198
235,275,302,4.96,-2.58530377896085
235,275,302,4.9675,2.61842405144175
235,275,302,4.975,1.40111106385414
235,275,302,4.9825,0.351759221438436
235,275,302,4.99,-0.416918691000047
235,275,302,4.9975,-1.59975474789437
235,275,302,5.005,-2.55886389115812
235,275,302,5.0125,2.47846025518191
235,275,302,5.02,1.61136089475352
235,275,302,5.0275,0.713121903942745
235,275,302,5.035,-0.43166795955064
235,275,302,5.0425,-1.45258279684215
235,275,302,5.05,-2.57303337993615
235,275,302,5.0575,2.87585196349981
235,275,302,5.065,1.84110859968845
235,275,302,5.0725,0.493535410757144
235,275,302,5.08,-0.539203211550605
235,275,302,5.0875,-1.57625969027232
235,275,302,5.095,-2.92465736031987
235,275,302,5.1025,2.05391398671332
235,275,302,5.11,0.705611823877876
235,275,302,5.1175,-0.383661828713346
235,275,302,5.125,1.01717100678446
235,275,302,5.1325,1.45467476897896
235,275,302,5.14,0.239912112388232
235,275,302,5.1475,-0.721465617841944
235,275,302,5.155,-1.18515234500181
235,275,302,5.1625,-1.53129970059235
235,275,302,5.17,3.01648457767661
235,275,302,5.1775,2.67627675352856
235,275,302,5.185,1.62448229952644
235,275,302,5.1925,-0.288953152370146
235,275,302,5.2,0.333911712047276
235,275,302,5.2075,-1.03956734489708
235,275,302,5.215,-1.90849686358466
235,275,302,5.2225,-2.77421665748086
235,275,302,5.23,2.06401485927921
235,275,302,5.2375,1.00457312617032
235,275,302,5.245,0.203650041807475
235,275,302,5.2525,-0.917402157334406
235,275,302,5.26,-2.09760147260025
235,275,302,5.2675,3.05664154145689
235,275,302,5.275,1.97469854051921
235,275,302,5.2825,0.798599126056086
235,275,302,5.29,-0.606706606874241
235,275,302,5.2975,-1.57970795586257
235,275,302,5.305,-2.94155012575787
235,275,302,5.3125,2.11988111078312
235,275,302,5.32,0.408051759287196
235,275,302,5.3275,-1.19821978205877
235,275,302,5.335,-2.3819714705362
235,275,302,5.3425,2.54776675335183
235,275,302,5.35,1.92331412140077
235,275,302,5.3575,0.92437043153864
235,275,302,5.365,-0.381544937158283
235,275,302,5.3725,-1.5700557747116
235,275,302,5.38,-2.71052997875156
235,275,302,5.3875,2.62040958224321
235,275,302,5.395,1.46973382124392
235,275,302,5.4025,0.535448773650185
235,275,302,5.41,-0.435570975674014
235,275,302,5.4175,-1.22308811545045
235,275,302,5.425,-2.47300459798025
235,275,302,5.4325,2.95163468630048
235,275,302,5.44,2.09012221307878
235,275,302,5.4475,1.13550302504103
235,275,302,5.455,0.174062067107056
235,275,302,5.4625,-0.950190311998839
235,275,302,5.47,-2.04949845888583
235,275,302,5.4775,-2.94815940189812
235,275,302,5.485,2.06668961670177
235,275,302,5.4925,1.15861857677481
235,275,302,5.5,0.0661791474130299
235,275,302,5.5075,-0.842645436652973
235,275,302,5.515,-1.89318781703741
235,275,302,5.5225,-2.6539441294605
235,275,302,5.53,2.02787339646721
235,275,302,5.5375,1.43379657802099
235,275,302,5.545,0.860761027614895
235,275,302,5.5525,0.0259855613922849
235,275,302,5.56,-0.785879503427555
235,275,302,5.5675,-1.96844000225467
235,275,302,5.575,0.600435538219138
235,275,302,5.5825,0.812221970498787
235,275,302,5.59,2.96003615181502
235,275,302,5.5975,2.75143601236899
235,275,302,5.605,1.03919665508031
235,275,302,5.6125,0.775849237736976
235,275,302,5.62,-0.362002928024329
235,275,302,5.6275,-0.622378686908841
235,275,302,5.635,-0.991849856280013
235,275,302,5.6425,-2.00338148644241
235,275,302,5.65,3.07487132108782
235,275,302,5.6575,2.05631546919995
235,275,302,5.665,1.00217767139074
235,275,302,5.6725,0.00817107289360426
235,275,302,5.68,-1.04767964249102
235,275,302,5.6875,-2.1874851134079
235,275,302,5.695,2.88566768841033
235,275,302,5.7025,1.97283097955869
235,275,302,5.71,0.942710826009808
235,275,302,5.7175,-0.0527739253776505
235,275,302,5.725,-1.173135003666
235,275,302,5.7325,-1.98176820953004
235,275,302,5.74,-3.10235201557507
235,275,302,5.7475,2.1771673515978
235,275,302,5.755,1.13590363753681
235,275,302,5.7625,0.461737450925055
235,275,302,5.77,-0.773445624232357
235,275,302,5.7775,-1.60158597944338
235,275,302,5.785,-2.8136797768608
235,275,302,5.7925,2.60363439225339
235,275,302,5.8,1.62352095752087
235,275,302,5.8075,0.648541789363879
235,275,302,5.815,-0.601705285935849
235,275,302,5.8225,-1.62097416961398
235,275,302,5.83,-3.05039778906099
235,275,302,5.8375,1.64878692526458
235,275,302,5.845,1.10368774535227
235,275,302,5.8525,-1.45806913741987
235,275,302,5.86,-3.03943602381302
235,275,302,5.8675,2.03177755719793
235,275,302,5.875,0.687063629414994
235,275,302,5.8825,-0.793159046550056
235,275,302,5.89,-1.45699896564701
235,275,302,5.8975,-2.37398668393447
235,275,302,5.905,2.93631748016381
235,275,302,5.9125,2.18781977063573
235,275,302,5.92,1.07546933231019
235,275,302,5.9275,-0.0751328909564287
235,275,302,5.935,-1.2053420031842
235,275,302,5.9425,-2.05354126817301
235,275,302,5.95,3.00608996606135
235,275,302,5.9575,1.98011024566983
235,275,302,5.965,0.842068280178567
235,275,302,5.9725,-0.272584854206246
235,275,302,5.98,-1.35415109928389
235,275,302,5.9875,-2.16995753530343
235,275,302,5.995,-2.90837814392041
235,275,302,6.0025,1.6420968081779
235,275,302,6.01,1.38581035441757
235,275,302,6.0175,2.89714787829082
235,275,302,6.025,-2.40891862990475
235,275,302,6.0325,1.59701553474085
235,275,302,6.04,-0.228921100347819
235,275,302,6.0475,-0.75225717859337
235,275,302,6.055,-2.18276665911762
235,275,302,6.0625,-2.65004889726884
235,275,302,6.07,3.07737078652851
235,275,302,6.0775,1.75675097596334
235,275,302,6.085,0.771241988726246
235,275,302,6.0925,-0.0459825260064928
235,275,302,6.1,-1.31574066729805
235,275,302,6.1075,-2.10909028998745
235,275,302,6.115,2.88396216922366
235,275,302,6.1225,1.85971187459157
235,275,302,6.13,0.984245832234502
235,275,302,6.1375,-0.237720981091178
235,275,302,6.145,-0.98776466543412
235,275,302,6.1525,-2.16931207498645
235,275,302,6.16,3.01213456485499
235,275,302,6.1675,2.07766098871894
235,275,302,6.175,1.30002195391561
235,275,302,6.1825,0.15791978071049
235,275,302,6.19,-0.885485794877186
235,275,302,6.1975,-1.98446280953445
235,275,302,6.205,-3.13930338503785
235,275,302,6.2125,2.22372213904697
235,275,302,6.22,1.11057679453007
235,275,302,6.2275,0.184662726582062
235,275,302,6.235,0.525700610049791
235,275,302,6.2425,-0.267181425223182
235,275,302,6.25,-0.912724624401383
235,275,302,6.2575,-1.20853297248844
235,275,302,6.265,-2.64840779915545
235,275,302,6.2725,2.3403289177074
235,275,302,6.28,1.26503056214897
235,275,302,6.2875,0.29199524417328
235,275,302,6.295,0.352849160573126
235,275,302,6.3025,-0.423104456658475
235,275,302,6.31,-1.80934104294501
235,275,302,6.3175,-2.74956733418461
235,275,302,6.325,2.40771272313088
235,275,302,6.3325,1.83851204162683
235,275,302,6.34,1.01438919786138
235,275,302,6.3475,0.234019568993398
235,275,302,6.355,-0.585654788071694
235,275,302,6.3625,-1.53148883084636
235,275,302,6.37,-2.47662991032671
235,275,302,6.3775,2.7498322370654
235,275,302,6.385,1.76014941910581
235,275,302,6.3925,0.691341528038013
235,275,302,6.4,-0.40907534546762
235,275,302,6.4075,-1.53245179458288
235,275,302,6.415,-2.30156945057383
235,275,302,6.4225,2.81636132487148
235,275,302,6.43,2.07754911223715
235,275,302,6.4375,1.13153677316899
235,275,302,6.445,0.767630119504899
235,275,302,6.4525,-0.332624822439991
235,275,302,6.46,-1.33082785128997
235,275,302,6.4675,-2.05114984993238
235,275,302,6.475,-3.03224715962857
235,275,302,6.4825,2.19718083695398
235,275,302,6.49,1.16182912155985
235,275,302,6.4975,0.327253397480398
235,275,302,6.505,-0.670267779658021
235,275,302,6.5125,-1.46510422616876
235,275,302,6.52,-2.5805555741305
235,275,302,6.5275,2.75869355500214
235,275,302,6.535,1.78393836367542
235,275,302,6.5425,0.361030497182051
235,275,302,6.55,-0.0443330471203632
235,275,302,6.5575,0.025066471642779
235,275,302,6.565,-1.23859115693042
235,275,302,6.5725,-1.29850067490486
235,275,302,6.58,-2.06269868062142
235,275,302,6.5875,2.64396096702469
235,275,302,6.595,2.07883106626732
235,275,302,6.6025,0.87644928475156
235,275,302,6.61,-0.275364032495128
235,275,302,6.6175,-1.18979101024254
235,275,302,6.625,-2.0939046812525
235,275,302,6.6325,3.0785409967326
235,275,302,6.64,2.04955954747023
235,275,302,6.6475,1.28066221292463
235,275,302,6.655,0.334024195439227
235,275,302,6.6625,-0.586206147602308
235,275,302,6.67,-1.77023870969324
235,275,302,6.6775,-2.56422534556874
235,275,302,6.685,2.50160483051532
235,275,302,6.6925,1.93935352921887
235,275,302,6.7,0.738481422944889
235,275,302,6.7075,-0.107798828696337
235,275,302,6.715,-0.593462092227338
235,275,302,6.7225,-1.72279570661079
235,275,302,6.73,-2.76902630126204
235,275,302,6.7375,2.91159363866698
235,275,302,6.745,2.05116186351727
235,275,302,6.7525,1.11619123848969
235,275,302,6.76,0.258879807427196
235,275,302,6.7675,-0.515037360926444
235,275,302,6.775,-0.99303281064262
235,275,302,6.7825,-2.32154147132854
235,275,302,6.79,-3.06991399969792
235,275,302,6.7975,2.16606996763689
235,275,302,6.805,1.62352415690128
235,275,302,6.8125,0.345837258668528
235,275,302,6.82,-0.0937767929765612
235,275,302,6.8275,-0.820693087439608
235,275,302,6.835,-2.00785210209272
235,275,302,6.8425,-2.81579516110723
235,275,302,6.85,2.40984441563412
235,275,302,6.8575,1.25578833490733
235,275,302,6.865,0.218407467074085
235,275,302,6.8725,-0.74413553446309
235,275,302,6.88,-1.69142338800877
235,275,302,6.8875,-2.70557850744933
235,275,302,6.895,2.50476633337593
235,275,302,6.9025,1.54726241199525
235,275,302,6.91,0.372645873191182
235,275,302,6.9175,-0.660287339330826
235,275,302,6.925,-1.42517360904779
235,275,302,6.9325,-2.49022315444826
235,275,302,6.94,2.96744894684015
235,275,302,6.9475,2.02094381347067
235,275,302,6.955,1.15292035231388
235,275,302,6.9625,-0.0865981462398163
235,275,302,6.97,-0.28557871481452
235,275,302,6.9775,-0.687051932162479
235,275,302,6.985,-1.83451946368567
235,275,302,6.9925,-2.75550800423754
235,275,302,7,2.85031405010854
235,275,302,7.0075,2.01536402527031
235,275,302,7.015,0.954222996833441
235,275,302,7.0225,0.103891904504446
235,275,302,7.03,-0.919349535082597
235,275,302,7.0375,-2.00660471475948
235,275,302,7.045,-2.95525209367607
235,275,302,7.0525,2.52514652480474
235,275,302,7.06,2.04136225334883
235,275,302,7.0675,0.640707143025331
235,275,302,7.075,-0.00425689861270777
235,275,302,7.0825,-0.862060748643209
235,275,302,7.09,-1.81949122934951
235,275,302,7.0975,-2.72139423462241
235,275,302,7.105,2.86842810433455
235,275,302,7.1125,1.75526754744353
235,275,302,7.12,0.867927389333919
235,275,302,7.1275,-0.0651680662455156
235,275,302,7.135,-1.2326944372775
235,275,302,7.1425,-2.10262464803279
235,275,302,7.15,-3.07675626041605
235,275,302,7.1575,2.25766970612998
235,275,302,7.165,1.18030439002847
235,275,302,7.1725,0.278832683334468
235,275,302,7.18,-0.499818988108821
235,275,302,7.1875,-1.67472069232465
235,275,302,7.195,-2.30748263896459
235,275,302,7.2025,2.9388207908895
235,275,302,7.21,2.31237656202277
235,275,302,7.2175,1.39522880706238
235,275,302,7.225,0.716143442403271
235,275,302,7.2325,-0.113682751369973
235,275,302,7.24,-0.994499492463847
235,275,302,7.2475,-2.18998007703447
235,275,302,7.255,-2.97027339549249
235,275,302,7.2625,2.32811651978259
235,275,302,7.27,1.24023459606714
235,275,302,7.2775,0.459973122447236
235,275,302,7.285,-0.750981419816426
235,275,302,7.2925,-1.54338216237617
235,275,302,7.3,-2.50521894555283
235,275,302,7.3075,2.94320577456423
235,275,302,7.315,2.02826671731577
235,275,302,7.3225,1.32024849944724
235,275,302,7.33,0.477346026610922
235,275,302,7.3375,-0.529692970874029
235,275,302,7.345,-1.30781885458939
235,275,302,7.3525,-2.15506353780681
235,275,302,7.36,-2.91139821511552
235,275,302,7.3675,2.28280879358097
235,275,302,7.375,1.24577864319025
235,275,302,7.3825,0.429927267314427
235,275,302,7.39,-0.801832836341055
235,275,302,7.3975,-1.56730133617337
235,275,302,7.405,-2.54943887009018
235,275,302,7.4125,2.68879700148526
235,275,302,7.42,1.51732014625752
235,275,302,7.4275,0.632283177942159
235,275,302,7.435,-0.284876769922609
235,275,302,7.4425,-1.20510373489423
235,275,302,7.45,-1.87012981965697
235,275,302,7.4575,-3.03059420952302
235,275,302,7.465,2.59791075769476
235,275,302,7.4725,1.56514129684964
235,275,302,7.48,0.622491215289756
235,275,302,7.4875,-0.0112811129073872
235,275,302,7.495,-1.10638189092792
235,275,302,7.5025,-1.75929506528634
235,275,302,7.51,-2.5362595735781
235,275,302,7.5175,2.56146352036086
235,275,302,7.525,2.08570142797368
235,275,302,7.5325,1.00330033623212
235,275,302,7.54,0.160183536547326
235,275,302,7.5475,-0.636216838627833
235,275,302,7.555,-1.50454195653964
235,275,302,7.5625,-2.33697779560689
235,275,302,7.57,-3.13137386427164
235,275,302,7.5775,2.19800695310325
235,275,302,7.585,1.31627309609912
235,275,302,7.5925,0.511867912811206
235,275,302,7.6,-0.686650495211499
235,275,302,7.6075,-1.59141091864609
235,275,302,7.615,-2.4199012178335
235,275,302,7.6225,2.73654137036234
235,275,302,7.63,1.91725953043335
235,275,302,7.6375,0.921573774700747
235,275,302,7.645,0.00181794873457948
235,275,302,7.6525,-1.17128530697903
235,275,302,7.66,-2.07603376895303
235,275,302,7.6675,-3.06720162505346
235,275,302,7.675,2.13823828694389
235,275,302,7.6825,1.03942102135
235,275,302,7.69,0.190235595415449
235,275,302,7.6975,-0.563688183217969
235,275,302,7.705,-1.11475852652297
235,275,302,7.7125,-2.1621119066377
235,275,302,7.72,-2.70402865389496
235,275,302,7.7275,2.55280357160917
235,275,302,7.735,1.74011588391653
235,275,302,7.7425,0.814803674906232
235,275,302,7.75,-0.190015699551333
235,275,302,7.7575,-1.07528584774349
235,275,302,7.765,-2.13304041937444
235,275,302,7.7725,3.08546559992144
235,275,302,7.78,2.07451276699898
235,275,302,7.7875,1.29477651473098
235,275,302,7.795,0.0938145363547222
235,275,302,7.8025,-0.873503640349677
235,275,302,7.81,-1.47127384736063
235,275,302,7.8175,-2.50844273229702
235,275,302,7.825,3.1361574822031
235,275,302,7.8325,2.73618638177467
235,275,302,7.84,1.59004182800168
235,275,302,7.8475,1.34150961850563
235,275,302,7.855,0.177392100172304
235,275,302,7.8625,-0.918040079314743
235,275,302,7.87,-1.78917894797584
235,275,302,7.8775,-2.85476502438134
235,275,302,7.885,2.47999937338482
235,275,302,7.8925,1.59497760944186
235,275,302,7.9,0.556817158957726
235,275,302,7.9075,-0.354406088476653
235,275,302,7.915,-1.48558513071414
235,275,302,7.9225,-2.4775808987992
235,275,302,7.93,2.84297124661456
235,275,302,7.9375,1.91836729331565
235,275,302,7.945,0.826073021752932
235,275,302,7.9525,0.281281652957786
235,275,302,7.96,-0.474898760407146
235,275,302,7.9675,-1.44465050802866
235,275,302,7.975,-2.34644877850471
235,275,302,7.9825,2.91955610112512
235,275,302,7.99,2.53573648481822
235,275,302,7.9975,1.54568964371736
235,275,302,8.005,0.694342782042662
235,275,302,8.0125,-0.396451238034927
235,275,302,8.02,-1.42748315932384
235,275,302,8.0275,-2.29696098273479
235,275,302,8.035,2.85656201990371
235,275,302,8.0425,1.93441781544923
235,275,302,8.05,1.14040959983063
235,275,302,8.0575,0.13721749494466
235,275,302,8.065,-0.542320531264601
235,275,302,8.0725,-1.41926998413581
235,275,302,8.08,-2.11406525107471
235,275,302,8.0875,-2.83746157781852
235,275,302,8.095,2.36732723994214
235,275,302,8.1025,1.6038472818265
235,275,302,8.11,0.548331076141427
235,275,302,8.1175,-0.312039935447759
235,275,302,8.125,-1.45305584478267
235,275,302,8.1325,-2.23245937235357
235,275,302,8.14,2.91010423514266
235,275,302,8.1475,1.90421945608569
235,275,302,8.155,0.898690920796153
235,275,302,8.1625,-0.147833071322648
235,275,302,8.17,-0.927773581838767
235,275,302,8.1775,-2.03425237990957
235,275,302,8.185,-2.99961374992398
235,275,302,8.1925,2.48696937480294
235,275,302,8.2,1.35089907194797
235,275,302,8.2075,0.616058608634089
235,275,302,8.215,-0.206793020009828
235,275,302,8.2225,-1.12150165509554
235,275,302,8.23,-1.64490042690333
235,275,302,8.2375,-2.67440598386913
235,275,302,8.245,2.82154345084148
235,275,302,8.2525,2.00626722274974
235,275,302,8.26,0.720653839704208
235,275,302,8.2675,-0.0295589531406821
235,275,302,8.275,-1.03778180675146
235,275,302,8.2825,-1.76018695676898
235,275,302,8.29,-2.78571196757973
235,275,302,8.2975,2.5512955237417
235,275,302,8.305,1.57547396840212
235,275,302,8.3125,0.677172946734504
235,275,302,8.32,0.174628583274434
235,275,302,8.3275,-0.429380246776103
235,275,302,8.335,-1.56341810005774
235,275,302,8.3425,-2.24546794486642
235,275,302,8.35,2.94568964222672
235,275,302,8.3575,2.24444281775157
235,275,302,8.365,1.23770119925367
235,275,302,8.3725,0.187438709895094
235,275,302,8.38,-0.642416426184447
235,275,302,8.3875,-1.71265585598383
235,275,302,8.395,-2.67728608581248
235,275,302,8.4025,2.45914937202041
235,275,302,8.41,1.41245268540795
235,275,302,8.4175,0.477915509491738
235,275,302,8.425,-0.42478460968148
235,275,302,8.4325,-1.29629303450967
235,275,302,8.44,-2.37434483193411
235,275,302,8.4475,3.00488051763334
235,275,302,8.455,2.0600659865497
235,275,302,8.4625,1.19653825084012
235,275,302,8.47,0.34569263594279
235,275,302,8.4775,-0.323743685323822
235,275,302,8.485,-1.36069225470513
235,275,302,8.4925,-2.24822185436738
235,275,302,8.5,-3.12391907404536
235,275,302,8.5075,2.27999049004265
235,275,302,8.515,1.48278248985558
235,275,302,8.5225,0.787456213247365
235,275,302,8.53,-0.524189813113463
235,275,302,8.5375,-1.56457497154843
235,275,302,8.545,-2.67711084472258
235,275,302,8.5525,2.85894849867112
235,275,302,8.56,2.03195966660999
235,275,302,8.5675,0.966621654350167
235,275,302,8.575,0.165308548372613
235,275,302,8.5825,-0.653644418211633
235,275,302,8.59,-1.36638171457873
235,275,302,8.5975,-1.65460218188059
235,275,302,8.605,-2.63522099513107
235,275,302,8.6125,2.70676242767491
235,275,302,8.62,1.73804471431575
235,275,302,8.6275,0.839677755152363
235,275,302,8.635,-0.195369632505376
235,275,302,8.6425,-1.20008511295483
235,275,302,8.65,-2.27875239977856
235,275,302,8.6575,-2.94922272464718
235,275,302,8.665,2.18747889208121
235,275,302,8.6725,1.13004174554247
235,275,302,8.68,-0.0570517532111245
235,275,302,8.6875,-0.780347405653952
235,275,302,8.695,-1.81243391535216
235,275,302,8.7025,-2.67138192278642
235,275,302,8.71,2.5837567730526
235,275,302,8.7175,1.74003635802723
235,275,302,8.725,0.73738407638398
235,275,302,8.7325,0.188232778602689
235,275,302,8.74,-0.45016864400926
235,275,302,8.7475,-1.28152756463431
235,275,302,8.755,-1.91451730596805
235,275,302,8.7625,-2.94609556758711
235,275,302,8.77,2.14753685962838
235,275,302,8.7775,1.09751051621774
235,275,302,8.785,0.238699859281574
235,275,302,8.7925,-0.503143660385237
235,275,302,8.8,-1.42168674722856
235,275,302,8.8075,-2.52004868516719
235,275,302,8.815,2.77935784185713
235,275,302,8.8225,2.14222291682785
235,275,302,8.83,1.72890886305359
235,275,302,8.8375,0.462662765473053
235,275,302,8.845,-0.305892706650905
235,275,302,8.8525,-1.20510525918112
235,275,302,8.86,-2.09191874536682
235,275,302,8.8675,3.07118208604392
235,275,302,8.875,2.28699886817046
235,275,302,8.8825,1.25480012838366
235,275,302,8.89,0.152845401522248
235,275,302,8.8975,-0.737750976576494
235,275,302,8.905,-1.7425937379037
235,275,302,8.9125,-2.94377742924239
235,275,302,8.92,2.57340549546935
235,275,302,8.9275,1.36591496907574
235,275,302,8.935,0.678385387673547
235,275,302,8.9425,-0.459319955195764
235,275,302,8.95,-1.23588748963452
235,275,302,8.9575,-1.97666307946868
235,275,302,8.965,3.1175899856336
235,275,302,8.9725,2.35162551839322
235,275,302,8.98,1.68404947293068
235,275,302,8.9875,0.97534714162659
235,275,302,8.995,0.370442166768079
235,275,302,9.0025,-0.730591787997155
235,275,302,9.01,-1.97019180388805
235,275,302,9.0175,-2.43883523731487
235,275,302,9.025,2.82783130362462
235,275,302,9.0325,1.88321036590367
235,275,302,9.04,0.905617148061571
235,275,302,9.0475,-0.0803599040006804
235,275,302,9.055,-0.928028405396853
235,275,302,9.0625,-1.83100250457303
235,275,302,9.07,-2.38313430687188
235,275,302,9.0775,2.99976864912734
235,275,302,9.085,2.18136305250204
235,275,302,9.0925,1.23454245087186
235,275,302,9.1,0.449749938963823
235,275,302,9.1075,-0.557792548547583
235,275,302,9.115,-1.47062461534939
235,275,302,9.1225,-2.50702301053897
235,275,302,9.13,2.7679191101104
235,275,302,9.1375,1.86880917702813
235,275,302,9.145,0.781651237964329
235,275,302,9.1525,-0.084278221227397
235,275,302,9.16,-1.14628761041408
235,275,302,9.1675,-2.05420688700357
235,275,302,9.175,-2.93479088937936
235,275,302,9.1825,2.3789985708338
235,275,302,9.19,1.31401019057012
235,275,302,9.1975,0.389271277083505
235,275,302,9.205,-0.258606916541135
235,275,302,9.2125,-1.32852433505829
235,275,302,9.22,-1.91079127704388
235,275,302,9.2275,-2.75743374737532
235,275,302,9.235,2.29108355137095
235,275,302,9.2425,1.69517391711697
235,275,302,9.25,0.696191965771825
235,275,302,9.2575,-0.34425675493334
235,275,302,9.265,-1.25566687306178
235,275,302,9.2725,-2.21908118041358
235,275,302,9.28,2.9539799803351
235,275,302,9.2875,2.14966232010033
235,275,302,9.295,1.23808296234143
235,275,302,9.3025,0.35443054900869
235,275,302,9.31,-0.798162575390992
235,275,302,9.3175,-1.8461513998787
235,275,302,9.325,-2.39751001902275
235,275,302,9.3325,3.09028025065822
235,275,302,9.34,1.8683099751805
235,275,302,9.3475,1.04846350398413
235,275,302,9.355,0.271182851906734
235,275,302,9.3625,-0.0295088033730618
235,275,302,9.37,-0.881582206246467
235,275,302,9.3775,-1.90509486254823
235,275,302,9.385,-2.95477798837423
235,275,302,9.3925,2.32495012362841
235,275,302,9.4,1.44154265599297
235,275,302,9.4075,0.34775071292794
235,275,302,9.415,-0.474333166931062
235,275,302,9.4225,-1.54770207738981
235,275,302,9.43,-2.16858018460726
235,275,302,9.4375,2.98420475171729
235,275,302,9.445,2.13967494960411
235,275,302,9.4525,1.43230152549379
235,275,302,9.46,0.393923553304917
235,275,302,9.4675,-0.717163624814283
235,275,302,9.475,-1.16401573708489
235,275,302,9.4825,-2.26853221191327
235,275,302,9.49,3.08412737080713
235,275,302,9.4975,2.19860212756236
235,275,302,9.505,1.21945149491846
235,275,302,9.5125,0.399637945991893
235,275,302,9.52,-0.417347259111993
235,275,302,9.5275,-1.4107139821068
235,275,302,9.535,-2.51032154969422
235,275,302,9.5425,2.90585697828688
235,275,302,9.55,1.89235242214712
235,275,302,9.5575,1.09629724797753
235,275,302,9.565,0.227397753501195
235,275,302,9.5725,-0.721093913817913
235,275,302,9.58,-1.32441362442327
235,275,302,9.5875,-2.39126498714956
235,275,302,9.595,-3.12309285829264
235,275,302,9.6025,2.19425159269299
235,275,302,9.61,1.44395190341073
235,275,302,9.6175,0.478813779589126
235,275,302,9.625,-0.510399836324584
235,275,302,9.6325,-1.51087036396037
235,275,302,9.64,-2.34410373482922
235,275,302,9.6475,2.80598113990124
235,275,302,9.655,1.82397833157295
235,275,302,9.6625,0.654484101612447
235,275,302,9.67,-0.310232695449385
235,275,302,9.6775,-1.35199922804005
235,275,302,9.685,-2.25952035188229
235,275,302,9.6925,3.05949766598613
235,275,302,9.7,1.91618386434818
235,275,302,9.7075,0.725335055165962
235,275,302,9.715,-0.256095313161016
235,275,302,9.7225,-0.761594852523118
235,275,302,9.73,-1.2054834546508
235,275,302,9.7375,-2.15530091608482
235,275,302,9.745,-2.47536811680685
235,275,302,9.7525,-2.92115932615878
235,275,302,9.76,2.24316686371231
235,275,302,9.7675,0.947716473618637
235,275,302,9.775,0.389514181822772
235,275,302,9.7825,-0.762172673577836
235,275,302,9.79,-1.77364700961387
235,275,302,9.7975,-2.72450207890707
235,275,302,9.805,2.61005476423017
235,275,302,9.8125,2.02775023614509
235,275,302,9.82,0.66232659912773
235,275,302,9.8275,-0.0648948389798281
235,275,302,9.835,-0.6258409553418
235,275,302,9.8425,-1.62918739693172
235,275,302,9.85,-2.28934272221803
235,275,302,9.8575,2.83848195637331
235,275,302,9.865,2.148854947154
235,275,302,9.8725,1.02864984196003
235,275,302,9.88,0.0274031986012674
235,275,302,9.8875,-1.03345350000161
235,275,302,9.895,-1.85291671822311
235,275,302,9.9025,-2.95809541595705
235,275,302,9.91,2.36508506389919
235,275,302,9.9175,1.35177881708119
235,275,302,9.925,0.372405396390439
235,275,302,9.9325,-0.561471563837256
235,275,302,9.94,-1.63104864301498
235,275,302,9.9475,-2.55338554762383
235,275,302,9.955,2.96469649590804
235,275,302,9.9625,2.04135565181224
235,275,302,9.97,1.12881274282358
235,275,302,9.9775,0.841072276903463
235,275,302,9.985,-0.469853887227498
235,275,302,9.9925,-1.18875027770053
235,275,302,10,-2.06918668792584
235,275,302,10.0075,-2.95667640011248
235,275,302,10.015,2.51866586766617
235,275,302,10.0225,1.44519751059435
235,275,302,10.03,0.583889853543817
235,275,302,10.0375,-0.769016867569643
235,275,302,10.045,-1.34355904553207
235,275,302,10.0525,-2.23997500448232
235,275,302,10.06,2.77337346999493
235,275,302,10.0675,2.15680871857865
235,275,302,10.075,1.12418800210151
235,275,302,10.0825,0.0310967897014656
235,275,302,10.09,-0.834943587038496
235,275,302,10.0975,-1.21967118196721
235,275,302,10.105,-2.45664932268805
235,275,302,10.1125,-3.00854005180339
235,275,302,10.12,2.4467493929559
235,275,302,10.1275,1.36387939986292
235,275,302,10.135,0.408432073147095
235,275,302,10.1425,-0.576503791076626
235,275,302,10.15,-1.48071150229421
235,275,302,10.1575,-2.4778923955676
235,275,302,10.165,2.94224491577569
235,275,302,10.1725,1.81905469999806
235,275,302,10.18,0.884643151587524
235,275,302,10.1875,0.093052253030075
235,275,302,10.195,-0.770034586632137
235,275,302,10.2025,-2.02581751966563
235,275,302,10.21,-2.64101287325271
235,275,302,10.2175,2.6993285159636
235,275,302,10.225,1.50010539584739
235,275,302,10.2325,1.40482243427697
235,275,302,10.24,0.824356249738948
235,275,302,10.2475,0.108790753507255
235,275,302,10.255,-0.957339181785236
235,275,302,10.2625,-2.103470689751
235,275,302,10.27,-3.06873198327999
235,275,302,10.2775,2.15694258842334
235,275,302,10.285,1.45799622133443
235,275,302,10.2925,0.645657107185372
235,275,302,10.3,-0.53858671611752
235,275,302,10.3075,-1.42228951644502
235,275,302,10.315,-2.30818256994326
235,275,302,10.3225,2.98266190006322
235,275,302,10.33,2.04287040005217
235,275,302,10.3375,1.07280680638671
235,275,302,10.345,0.166724163199052
235,275,302,10.3525,-0.740800569861153
235,275,302,10.36,-1.78660060491828
235,275,302,10.3675,-2.31634518691968
235,275,302,10.375,2.67263568582707
235,275,302,10.3825,1.85297473705263
235,275,302,10.39,0.876572945891063
235,275,302,10.3975,-0.213348219564503
235,275,302,10.405,-1.09355093139505
235,275,302,10.4125,-2.16549925103737
235,275,302,10.42,-3.13170847018299
235,275,302,10.4275,2.02107940337301
235,275,302,10.435,0.796354599061311
235,275,302,10.4425,-0.182605857119449
235,275,302,10.45,-1.3942848373205
235,275,302,10.4575,-1.86915928842686
235,275,302,10.465,-2.10047447174579
235,275,302,10.4725,0.647285577938711
235,275,302,10.48,-2.55793074514111
235,275,302,10.4875,2.77912801131644
235,275,302,10.495,2.29169571557371
235,275,302,10.5025,1.1334876898281
235,275,302,10.51,-0.0892468596011896
235,275,302,10.5175,-1.10379243455104
235,275,302,10.525,-1.79566222308628
235,275,302,10.5325,3.06559486071445
235,275,302,10.54,2.38245242773593
235,275,302,10.5475,1.59523621014618
235,275,302,10.555,0.673054797072316
235,275,302,10.5625,-0.517833754708217
235,275,302,10.57,-1.49840975296696
235,275,302,10.5775,-2.39706526918067
235,275,302,10.585,2.79797095783034
235,275,302,10.5925,1.55261748110089
235,275,302,10.6,1.11398232370945
235,275,302,10.6075,-0.204172898904244
235,275,302,10.615,-0.758545627172262
235,275,302,10.6225,-1.64036399248253
235,275,302,10.63,-2.54479364538574
235,275,302,10.6375,2.62357183429962
235,275,302,10.645,1.38162843479414
235,275,302,10.6525,0.849666938686308
235,275,302,10.66,-0.270704324158223
235,275,302,10.6675,-1.38116837126578
235,275,302,10.675,-2.13091780441334
235,275,302,10.6825,3.03130730814313
235,275,302,10.69,2.02088986347261
235,275,302,10.6975,0.931337148392813
235,275,302,10.705,0.0453119005414039
235,275,302,10.7125,-0.973335777040769
235,275,302,10.72,-0.79777506227087
235,275,302,10.7275,-1.39878724339305
235,275,302,10.735,-2.79717563754933
235,275,302,10.7425,2.44707385981114
235,275,302,10.75,1.34114233997799
235,275,302,10.7575,0.925173635029733
235,275,302,10.765,-0.517255657351016
235,275,302,10.7725,-0.980680478814856
235,275,302,10.78,-1.24665960174231
235,275,302,10.7875,-2.43134121022385
235,275,302,10.795,2.49671084324066
235,275,302,10.8025,1.66966401520435
235,275,302,10.81,0.695616545187524
235,275,302,10.8175,-0.341991604294619
235,275,302,10.825,-0.816750854940765
235,275,302,10.8325,-2.19666868554509
235,275,302,10.84,-2.89989719787582
235,275,302,10.8475,2.19042466523735
235,275,302,10.855,1.50693563198316
235,275,302,10.8625,0.154598388232241
235,275,302,10.87,-0.814915805818798
235,275,302,10.8775,-1.10598575022194
235,275,302,10.885,-2.68248611828855
235,275,302,10.8925,3.08617082803452
235,275,302,10.9,1.76985136188701
235,275,302,10.9075,0.677650954460585
235,275,302,10.915,-0.378633108651003
235,275,302,10.9225,-0.919781909411618
235,275,302,10.93,-1.62974408323526
235,275,302,10.9375,-2.91588965117875
235,275,302,10.945,2.24307291876394
235,275,302,10.9525,0.647228158099563
235,275,302,10.96,-3.12505059731593
235,275,302,10.9675,-3.09238816172176
235,275,302,10.975,1.26343147503918
235,275,302,10.9825,0.437352717099349
235,275,302,10.99,-0.838442182961377
235,275,302,10.9975,-1.54419536391142
235,275,302,11.005,-3.04105222468709
235,275,302,11.0125,2.00345911554343
235,275,302,11.02,1.30803446298399
235,275,302,11.0275,0.300904265909587
235,275,302,11.035,-0.629622677392826
235,275,302,11.0425,-1.87597696475174
235,275,302,11.05,-2.93270034987753
235,275,302,11.0575,2.63232649146486
235,275,302,11.065,1.36595344852743
235,275,302,11.0725,0.425648867390517
235,275,302,11.08,-0.421996910120358
235,275,302,11.0875,-1.47481944147513
235,275,302,11.095,-2.60630964885696
235,275,302,11.1025,2.73301554122703
235,275,302,11.11,2.2237914135176
235,275,302,11.1175,0.95908613847102
235,275,302,11.125,0.157287034218437
235,275,302,11.1325,-0.943031837354729
235,275,302,11.14,-2.16840355406501
235,275,302,11.1475,-3.13497591182186
235,275,302,11.155,2.22198055942425
235,275,302,11.1625,0.90857943501244
235,275,302,11.17,0.527938398084133
235,275,302,11.1775,-0.643619737680854
235,275,302,11.185,-1.40322096445205
235,275,302,11.1925,-2.11720230939378
235,275,302,11.2,2.32278205122382
235,275,302,11.2075,1.48309362336499
235,275,302,11.215,-0.797615274612589
235,275,302,11.2225,2.74530460839323
235,275,302,11.23,2.41867227328423
235,275,302,11.2375,0.552149484016996
235,275,302,11.245,-0.318790658737985
235,275,302,11.2525,-0.784074827972501
235,275,302,11.26,-2.30824141671468
235,275,302,11.2675,2.72609524417917
235,275,302,11.275,2.15977548613754
235,275,302,11.2825,1.22383121808829
235,275,302,11.29,-0.103962282223153
235,275,302,11.2975,-1.1357536419682
235,275,302,11.305,-2.02656426363429
235,275,302,11.3125,-3.11378494381169
235,275,302,11.32,2.41176406459576
235,275,302,11.3275,1.36159623866683
235,275,302,11.335,0.220780713018733
235,275,302,11.3425,-0.637676085688016
235,275,302,11.35,-1.57982401760047
235,275,302,11.3575,-2.69256627460977
235,275,302,11.365,2.55707795962672
235,275,302,11.3725,1.84098090484829
235,275,302,11.38,1.00255141446329
235,275,302,11.3875,-0.112342683626896
235,275,302,11.395,-0.77201651789735
235,275,302,11.4025,-1.85883869835294
235,275,302,11.41,-2.43666237552536
235,275,302,11.4175,2.99154088200309
235,275,302,11.425,1.65853767272262
235,275,302,11.4325,0.439827234642125
235,275,302,11.44,-0.254567019193026
235,275,302,11.4475,-0.776608838607891
235,275,302,11.455,-1.61675072057876
235,275,302,11.4625,-2.3619247523236
235,275,302,11.47,2.75057337735843
235,275,302,11.4775,1.28620001419568
235,275,302,11.485,0.508392052312505
235,275,302,11.4925,0.105750116126042
235,275,302,11.5,0.409877761138911
235,275,302,11.5075,-0.958351348680565
235,275,302,11.515,-1.72298853392901
235,275,302,11.5225,-2.69626903329193
235,275,302,11.53,2.49382848872521
235,275,302,11.5375,1.16840661937393
235,275,302,11.545,0.272007277660045
235,275,302,11.5525,-0.902708341039893
235,275,302,11.56,-1.76399728055853
235,275,302,11.5675,-2.79381184784624
235,275,302,11.575,2.41019420715857
235,275,302,11.5825,1.55604942466309
235,275,302,11.59,0.640393555261583
235,275,302,11.5975,-0.728555001041125
235,275,302,11.605,-1.47523365862026
235,275,302,11.6125,-2.43523692035781
235,275,302,11.62,-2.97054333591238
235,275,302,11.6275,2.20384852635567
235,275,302,11.635,0.60181929730219
235,275,302,11.6425,1.15039992372743
235,275,302,11.65,-0.246318959513777
235,275,302,11.6575,-1.00579315425522
235,275,302,11.665,-2.393794160965
235,275,302,11.6725,2.93455350653652
235,275,302,11.68,1.78622368726776
235,275,302,11.6875,0.886773973196244
235,275,302,11.695,1.56938502727585
235,275,302,11.7025,0.0457756703513254
235,275,302,11.71,-1.37495540812507
235,275,302,11.7175,-1.35064972420577
235,275,302,11.725,-2.10909564050433
235,275,302,11.7325,-2.51372376369166
235,275,302,11.74,2.76648303373526
235,275,302,11.7475,2.1429199571026
235,275,302,11.755,0.784344028020954
235,275,302,11.7625,-0.279426726866591
235,275,302,11.77,-1.29170007493424
235,275,302,11.7775,-2.3516860239204
235,275,302,11.785,3.00008073706798
235,275,302,11.7925,1.92771112626309
235,275,302,11.8,1.05767563537264
235,275,302,11.8075,-0.133896859543641
235,275,302,11.815,-1.08589418608064
235,275,302,11.8225,-2.11698010655325
235,275,302,11.83,2.98280990885707
235,275,302,11.8375,2.17640842266413
235,275,302,11.845,1.22170483102535
235,275,302,11.8525,-0.00572929057142233
235,275,302,11.86,-0.803942101601178
235,275,302,11.8675,-1.8285855182236
235,275,302,11.875,-2.82570796423133
235,275,302,11.8825,2.56707966160357
235,275,302,11.89,1.42898491142302
235,275,302,11.8975,0.254367328243035
235,275,302,11.905,-0.43042507470003
235,275,302,11.9125,-1.74686296561415
235,275,302,11.92,-1.94444822717336
235,275,302,11.9275,2.96357668282161
235,275,302,11.935,1.26901693396631
235,275,302,11.9425,0.0402736903731819
235,275,302,11.95,-2.64510054172529
235,275,302,11.9575,2.26636981182252
235,275,302,11.965,0.735800141873835
235,275,302,11.9725,-0.24739526019464
235,275,302,11.98,-1.47665112947355
235,275,302,11.9875,-2.56258993752592
235,275,302,11.995,3.04041472817259
235,275,302,12.0025,2.13311353182323
235,275,302,12.01,1.45279717665653
235,275,302,12.0175,0.45222450705003
235,275,302,12.025,-0.823533011387443
235,275,302,12.0325,-2.06556822377803
235,275,302,12.04,-2.78333502097484
235,275,302,12.0475,2.36893641253452
235,275,302,12.055,1.688547550511
235,275,302,12.0625,0.641191551434997
235,275,302,12.07,-0.560924578202847
235,275,302,12.0775,-1.35792749173278
235,275,302,12.085,-2.27415192252366
235,275,302,12.0925,2.90723452160994
235,275,302,12.1,1.77556507727307
235,275,302,12.1075,0.979248215982997
235,275,302,12.115,-0.104516070229257
235,275,302,12.1225,-0.727832678591781
235,275,302,12.13,-2.32357244371571
235,275,302,12.1375,-3.06430950064863
235,275,302,12.145,2.21242437613833
235,275,302,12.1525,1.9056295045541
235,275,302,12.16,1.29304730046283
235,275,302,12.1675,0.920109439650079
235,275,302,12.175,-0.638131670066977
235,275,302,12.1825,-1.20678069396367
235,275,302,12.19,-1.85677181458508
235,275,302,12.1975,2.87943298516863
235,275,302,12.205,2.29243345397178
235,275,302,12.2125,1.41521492119327
235,275,302,12.22,0.774246047241635
235,275,302,12.2275,-0.718941804592975
235,275,302,12.235,-1.005098702193
235,275,302,12.2425,-2.06057409139293
235,275,302,12.25,-3.11329900902035
235,275,302,12.2575,2.4220197148843
235,275,302,12.265,1.40594939300706
235,275,302,12.2725,0.113265242690775
235,275,302,12.28,-0.490778083542153
235,275,302,12.2875,-1.29722120130232
235,275,302,12.295,-2.36640628425426
235,275,302,12.3025,2.99181520427766
235,275,302,12.31,1.95802254180624
235,275,302,12.3175,0.870257554594395
235,275,302,12.325,-0.117732233414982
235,275,302,12.3325,-1.217716966754
235,275,302,12.34,-2.15057241425083
235,275,302,12.3475,3.10199660144191
235,275,302,12.355,1.74924629595783
235,275,302,12.3625,1.35758767577879
235,275,302,12.37,-0.041412366947151
235,275,302,12.3775,-0.186926557275543
235,275,302,12.385,-1.77529618006535
235,275,302,12.3925,-3.09264471738158
235,275,302,12.4,-1.87817542910086
235,275,302,12.4075,2.04003408382505
235,275,302,12.415,2.52300516125615
235,275,302,12.4225,2.93096496842674
235,275,302,12.43,0.824424785804847
235,275,302,12.4375,-0.508751801323581
235,275,302,12.445,-1.2358085340619
235,275,302,12.4525,-2.04912110122214
235,275,302,12.46,-2.78754531334892
235,275,302,12.4675,1.6475293814964
235,275,302,12.475,1.283194610103
235,275,302,12.4825,0.655528227865798
235,275,302,12.49,-0.1938755523626
235,275,302,12.4975,-0.982952291096666
235,275,302,12.505,-2.24365089033646
235,275,302,12.5125,-3.09823617755108
235,275,302,12.52,2.28117273097872
235,275,302,12.5275,1.00293783121508
235,275,302,12.535,0.151320126348104
235,275,302,12.5425,-0.962960545799211
235,275,302,12.55,-1.71327860092717
235,275,302,12.5575,-2.74678112068112
235,275,302,12.565,2.43492743205611
235,275,302,12.5725,1.56691532369132
235,275,302,12.58,0.329793719542028
235,275,302,12.5875,-0.740926318662124
235,275,302,12.595,-1.56657128362081
235,275,302,12.6025,-2.98997120756386
235,275,302,12.61,2.66199270687664
235,275,302,12.6175,1.34481414739526
235,275,302,12.625,0.399774988022653
235,275,302,12.6325,-0.701427916049688
235,275,302,12.64,-1.72063250943984
235,275,302,12.6475,-1.15281715372512
235,275,302,12.655,-2.31327282640055
235,275,302,12.6625,2.6145208627533
235,275,302,12.67,2.41914069366902
235,275,302,12.6775,1.3761327172238
235,275,302,12.685,-0.370380542037607
235,275,302,12.6925,-1.22241621553601
235,275,302,12.7,-1.58186400515503
235,275,302,12.7075,-0.350148941344667
235,275,302,12.715,-2.6894254827234
235,275,302,12.7225,3.0074880911725
235,275,302,12.73,0.975565926729457
235,275,302,12.7375,1.29981382569193
235,275,302,12.745,0.476686002512012
235,275,302,12.7525,-0.0800880650210299
235,275,302,12.76,-1.64837983620919
235,275,302,12.7675,-2.67021395120625
235,275,302,12.775,2.91570244129294
235,275,302,12.7825,1.63876144148129
235,275,302,12.79,0.655671445522546
235,275,302,12.7975,-0.34203189737849
235,275,302,12.805,-1.44354931078188
235,275,302,12.8125,-2.52652264782259
235,275,302,12.82,2.73669558223727
235,275,302,12.8275,1.29883056917918
235,275,302,12.835,0.623845163087558
235,275,302,12.8425,-0.107571368404106
235,275,302,12.85,-1.3194842108495
235,275,302,12.8575,-2.50536241673054
235,275,302,12.865,2.87713647642191
235,275,302,12.8725,2.17779516330951
235,275,302,12.88,1.37311690995091
235,275,302,12.8875,-2.29828493385599
235,275,302,12.895,1.9521299638859
235,275,302,12.9025,0.320710544238804
235,275,302,12.91,-0.17196944863629
235,275,302,12.9175,-2.08680706001045
235,275,302,12.925,2.93680108229826
235,275,302,12.9325,2.49764085335554
235,275,302,12.94,1.63167755033417
235,275,302,12.9475,0.19384018521501
235,275,302,12.955,-0.669690010162403
235,275,302,12.9625,-0.879106644455316
235,275,302,12.97,-2.44145922807906
235,275,302,12.9775,-2.68459927740634
235,275,302,12.985,2.18662792237877
235,275,302,12.9925,1.79985323740598
235,275,302,13,0.327065897574698
235,275,302,13.0075,-0.896107761544419
235,275,302,13.015,-1.80495632382096
235,275,302,13.0225,-2.55014415128592
235,275,302,13.03,3.12081314773876
235,275,302,13.0375,1.59288200300177
235,275,302,13.045,0.50871666155752
235,275,302,13.0525,0.137715714468513
235,275,302,13.06,-1.09221987062054
235,275,302,13.0675,-2.24530388092909
235,275,302,13.075,3.07586557653496
235,275,302,13.0825,1.93268246226967
235,275,302,13.09,0.726419780002435
235,275,302,13.0975,-0.380291689677845
235,275,302,13.105,-1.31024992006242
235,275,302,13.1125,-2.72190769963811
235,275,302,13.12,2.53076319962294
235,275,302,13.1275,1.74201312938322
235,275,302,13.135,-0.392426767116048
235,275,302,13.1425,-1.75266387589807
235,275,302,13.15,2.40516831733024
235,275,302,13.1575,2.49429780911323
235,275,302,13.165,0.697090143107868
235,275,302,13.1725,-0.560897986972575
235,275,302,13.18,-1.85451915125596
235,275,302,13.1875,-2.6703422847572
235,275,302,13.195,2.19828039503569
235,275,302,13.2025,1.6140240469516
235,275,302,13.21,0.815425179463394
235,275,302,13.2175,-0.31522329182273
235,275,302,13.225,-1.49571730548122
235,275,302,13.2325,-2.35194898489352
235,275,302,13.24,3.0239378554228
235,275,302,13.2475,2.62118443232669
235,275,302,13.255,0.932686218838236
235,275,302,13.2625,0.139841729569118
235,275,302,13.27,-0.52798443486001
235,275,302,13.2775,-1.47668075836315
235,275,302,13.285,-2.53775545152249
235,275,302,13.2925,2.70873890315627
235,275,302,13.3,2.0166794919821
235,275,302,13.3075,0.878686217460387
235,275,302,13.315,-0.109775061607635
235,275,302,13.3225,-1.30470306196991
235,275,302,13.33,-2.42818672295356
235,275,302,13.3375,2.73976329412226
235,275,302,13.345,1.819702925839
235,275,302,13.3525,0.965347708725816
235,275,302,13.36,-0.113765283090713
235,275,302,13.3675,-0.824921426469985
235,275,302,13.375,-2.54860677659261
235,275,302,13.3825,-2.83316825815871
235,275,302,13.39,-1.35082465316339
235,275,302,13.3975,-2.44483576785213
235,275,302,13.405,3.14065979240511
235,275,302,13.4125,2.05578368660162
235,275,302,13.42,0.682763527852523
235,275,302,13.4275,0.0388666378418317
235,275,302,13.435,-1.09467483451149
235,275,302,13.4425,-2.64350796322853
235,275,302,13.45,2.67954663088549
235,275,302,13.4575,1.90142724886082
235,275,302,13.465,0.968652630147437
235,275,302,13.4725,0.330219402158022
235,275,302,13.48,-0.885180901267477
235,275,302,13.4875,-1.78045620340218
235,275,302,13.495,-2.58202640928239
235,275,302,13.5025,3.13367659333096
235,275,302,13.51,2.06024735173427
235,275,302,13.5175,1.18436918607556
235,275,302,13.525,-0.472966068498825
235,275,302,13.5325,-0.891869047978506
235,275,302,13.54,-1.90227344182405
235,275,302,13.5475,-3.13468929750346
235,275,302,13.555,2.75025212764094
235,275,302,13.5625,1.28476511299993
235,275,302,13.57,0.446896816968726
235,275,302,13.5775,-0.239022050694773
235,275,302,13.585,-2.20979320608048
235,275,302,13.5925,-2.38879433249023
235,275,302,13.6,2.70396814184669
235,275,302,13.6075,1.49383378782952
235,275,302,13.615,1.55682791509911
235,275,302,13.6225,1.2517792376956
235,275,302,13.63,0.327585382284781
235,275,302,13.6375,-1.4718887086207
235,275,302,13.645,-1.56014875119525
235,275,302,13.6525,-1.90657223064379
235,275,302,13.66,-3.12959798197162
235,275,302,13.6675,2.17718682813148
235,275,302,13.675,1.0722687607549
235,275,302,13.6825,0.176382874501069
235,275,302,13.69,-0.992507978964525
235,275,302,13.6975,-1.83196112364259
235,275,302,13.705,-2.88353571522715
235,275,302,13.7125,2.26033844676152
235,275,302,13.72,1.49774960059567
235,275,302,13.7275,0.533550265777096
235,275,302,13.735,-0.250933266909481
235,275,302,13.7425,-1.09087997429191
235,275,302,13.75,-1.66616866105068
235,275,302,13.7575,-2.69743517912163
235,275,302,13.765,2.75067457412643
235,275,302,13.7725,1.62057693812817
235,275,302,13.78,0.527856760364838
235,275,302,13.7875,-0.506369352998668
235,275,302,13.795,-1.24491064374366
235,275,302,13.8025,-2.41905950437036
235,275,302,13.81,2.78727038964051
235,275,302,13.8175,1.90339752793985
235,275,302,13.825,1.28533174587291
235,275,302,13.8325,0.180572651812402
235,275,302,13.84,-0.562852374486245
235,275,302,13.8475,-2.28815323056255
235,275,302,13.855,-2.47622891328029
235,275,302,13.8625,-2.63598709747891
235,275,302,13.87,-1.69888491840539
235,275,302,13.8775,2.61097954041758
235,275,302,13.885,1.65251003282964
235,275,302,13.8925,0.659058560076767
235,275,302,13.9,-0.00657315547407562
235,275,302,13.9075,-1.34058866123674
235,275,302,13.915,-2.47157406418592
235,275,302,13.9225,2.83489008984869
235,275,302,13.93,1.65206506961127
235,275,302,13.9375,1.19230438647887
235,275,302,13.945,-0.170750242779717
235,275,302,13.9525,-1.37473838944063
235,275,302,13.96,-2.4388323358947
235,275,302,13.9675,3.0159290239554
235,275,302,13.975,2.34142365636912
235,275,302,13.9825,1.10721223765558
235,275,302,13.99,0.198695566069486
235,275,302,13.9975,-0.513617429556217
235,275,302,14.005,-1.7417539004268
235,275,302,14.0125,-2.28992381766454
235,275,302,14.02,2.80941069964402
235,275,302,14.0275,1.74934542395998
235,275,302,14.035,0.934095621115141
235,275,302,14.0425,-0.11844371819331
235,275,302,14.05,-1.46815160832807
235,275,302,14.0575,-1.86863355887354
235,275,302,14.065,-3.04358551963217
235,275,302,14.0725,2.05821996185222
235,275,302,14.08,-0.709749539530214
235,275,302,14.0875,1.3746288110448
235,275,302,14.095,-0.918131707491383
235,275,302,14.1025,-0.807727055084013
235,275,302,14.11,-2.16590132066465
235,275,302,14.1175,-1.97319464992194
235,275,302,14.125,2.31294418748167
235,275,302,14.1325,-2.75060406814105
235,275,302,14.14,1.88024015667143
235,275,302,14.1475,1.07328312237229
235,275,302,14.155,-0.0368779453714916
235,275,302,14.1625,-0.785686442078398
235,275,302,14.17,-2.45302750485786
235,275,302,14.1775,-2.98123188596824
235,275,302,14.185,2.49990005515424
235,275,302,14.1925,1.45283851780865
235,275,302,14.2,-0.0962776803139474
235,275,302,14.2075,-0.675441041545472
235,275,302,14.215,-1.6875697012545
235,275,302,14.2225,-2.63046896614622
235,275,302,14.23,2.74727278247589
235,275,302,14.2375,1.80926991147466
235,275,302,14.245,0.543620111002367
235,275,302,14.2525,-0.200562065038542
235,275,302,14.26,-1.20667041518883
235,275,302,14.2675,-2.37356246913774
235,275,302,14.275,3.05513773550115
235,275,302,14.2825,1.74501059947723
235,275,302,14.29,0.88938594648762
235,275,302,14.2975,-0.0927464534278108
235,275,302,14.305,-0.518727177949783
235,275,302,14.3125,-1.87503792114181
235,275,302,14.32,-2.78778922908441
235,275,302,14.3275,3.00668349685798
235,275,302,14.335,0.757782044382799
235,275,302,14.3425,-0.736611404292844
235,275,302,14.35,-0.0337304126947405
235,275,302,14.3575,-2.6867538056331
235,275,302,14.365,-3.0188846564731
235,275,302,14.3725,0.274164549351004
235,275,302,14.38,-1.3790910805601
235,275,302,14.3875,-2.70063995409919
235,275,302,14.395,2.86119294827828
235,275,302,14.4025,0.924126827783973
235,275,302,14.41,0.231067426036324
235,275,302,14.4175,-0.215834837374695
235,275,302,14.425,-1.33874853279056
235,275,302,14.4325,-2.62289727364813
235,275,302,14.44,2.69609486187635
235,275,302,14.4475,1.42508181613065
235,275,302,14.455,0.726215652617826
235,275,302,14.4625,-0.259755937531143
235,275,302,14.47,-1.49813267971347
235,275,302,14.4775,-2.56826684103471
235,275,302,14.485,2.48216605825553
235,275,302,14.4925,1.92059506705351
235,275,302,14.5,0.771159320328883
235,275,302,14.5075,0.0968167962420768
235,275,302,14.515,-1.16679178339162
235,275,302,14.5225,-1.78266393531383
235,275,302,14.53,-3.09066567570532
235,275,302,14.5375,2.1877254098876
235,275,302,14.545,1.31171429296003
235,275,302,14.5525,0.576989783516365
235,275,302,14.56,-0.929595697481552
235,275,302,14.5675,-1.30163487996605
235,275,302,14.575,-2.285063714338
235,275,302,14.5825,2.34068455563025
235,275,302,14.59,0.681896621659429
235,275,302,14.5975,0.273518747892418
235,275,302,14.605,0.945765605536887
235,275,302,14.6125,0.625261870857987
235,275,302,14.62,2.44986721832211
235,275,302,14.6275,1.90846365647334
235,275,302,14.635,-1.79434710738499
235,275,302,14.6425,-2.02276723201032
235,275,302,14.65,2.63384023080429
235,275,302,14.6575,2.2154287238967
235,275,302,14.665,0.846633197859136
235,275,302,14.6725,-0.911676384890851
235,275,302,14.68,-0.614799272055804
235,275,302,14.6875,-1.29507725851792
235,275,302,14.695,-3.05170712220525
235,275,302,14.7025,2.34142475469954
235,275,302,14.71,1.23559427047705
235,275,302,14.7175,0.703095176859195
235,275,302,14.725,-0.531533561876165
235,275,302,14.7325,-1.65006351949039
235,275,302,14.74,-2.758905430535
235,275,302,14.7475,2.9756067360503
235,275,302,14.755,1.68664387032966
235,275,302,14.7625,1.07703375636627
235,275,302,14.77,-0.0399086685289834
235,275,302,14.7775,-1.05601851002822
235,275,302,14.785,-2.23564173711959
235,275,302,14.7925,-2.7478579273764
235,275,302,14.8,2.81607672310945
235,275,302,14.8075,1.89956649854953
235,275,302,14.815,-0.71724785595718
235,275,302,14.8225,-0.824274593189252
235,275,302,14.83,-0.891854969683416
235,275,302,14.8375,-1.88205772155063
235,275,302,14.845,1.73395344144164
235,275,302,14.8525,1.4098030763947
235,275,302,14.86,1.25445064551117
235,275,302,14.8675,0.866258067374378
235,275,302,14.875,-0.512513684875413
235,275,302,14.8825,0.886745253296528
235,275,302,14.89,-0.313723916126436
235,275,302,14.8975,-0.816538751677423
235,275,302,14.905,-1.66694851938902
235,275,302,14.9125,2.72453346875808
235,275,302,14.92,1.845903761427
235,275,302,14.9275,0.631074864389851
235,275,302,14.935,-0.408615543359956
235,275,302,14.9425,-1.3574528522552
235,275,302,14.95,-2.54897577525513
235,275,302,14.9575,2.75433238871019
235,275,302,14.965,1.68319610517148
235,275,302,14.9725,0.780072927456219
235,275,302,14.98,-0.235552460315903
235,275,302,14.9875,-1.50088302711259
235,275,302,14.995,-2.62057117495611
235,275,302,15.0025,-2.75866317494222
235,275,302,15.01,1.89780462386933
235,275,302,15.0175,0.822011588437569
235,275,302,15.025,-0.269273864819425
235,275,302,15.0325,-0.685545776375442
235,275,302,15.04,-1.93431022615891
235,275,302,15.0475,-2.40395218049242
235,275,302,15.055,2.78778378159679
235,275,302,15.0625,0.575579838651682
235,275,302,15.07,2.86271095791934
235,275,302,15.0775,2.67398696774989
235,275,302,15.085,2.69178996038167
235,275,302,15.0925,-1.16100714075833
235,275,302,15.1,-1.01590419948721
235,275,302,15.1075,-1.85579028546962
235,275,302,15.115,-1.77101872455896
235,275,302,15.1225,-2.40282940486602
235,275,302,15.13,1.0268908790414
235,275,302,15.1375,0.506262174854113
235,275,302,15.145,0.372288859159925
235,275,302,15.1525,-1.27442016607681
235,275,302,15.16,-2.18633219216222
235,275,302,15.1675,-3.11394950142934
235,275,302,15.175,2.59272815253556
235,275,302,15.1825,1.49646919276764
235,275,302,15.19,0.128614847148338
235,275,302,15.1975,-1.16478134643704
235,275,302,15.205,-1.91042778546695
235,275,302,15.2125,-2.50369570419368
235,275,302,15.22,2.67060417782894
235,275,302,15.2275,1.42211277188798
235,275,302,15.235,0.0337055861768333
235,275,302,15.2425,-0.401568691506994
235,275,302,15.25,-1.62928164880717
235,275,302,15.2575,-2.99940843838234
235,275,302,15.265,2.6265601996255
235,275,302,15.2725,1.07004967638707
235,275,302,15.28,0.143842120544904
235,275,302,15.2875,-0.620747162824893
235,275,302,15.295,-1.87982700066832
235,275,302,15.3025,-2.79342404455312
235,275,302,15.31,2.90028157297756
235,275,302,15.3175,-1.31723939079005
235,275,302,15.325,3.14031474745646
235,275,302,15.3325,2.34190177697967
235,275,302,15.34,2.38657213070492
235,275,302,15.3475,-0.495876494732784
235,275,302,15.355,0.442316002198126
235,275,302,15.3625,-1.81220054083418
235,275,302,15.37,-1.06447218980266
235,275,302,15.3775,2.59892493621886
235,275,302,15.385,1.76461630364007
235,275,302,15.3925,0.860057689381619
235,275,302,15.4,1.88232846638896
235,275,302,15.4075,0.00676948397711834
235,275,302,15.415,-0.670670901532389
235,275,302,15.4225,-0.880908257769787
235,275,302,15.43,-3.02556465208998
235,275,302,15.4375,1.87975559573316
235,275,302,15.445,1.7634315538383
235,275,302,15.4525,0.137430009541933
235,275,302,15.46,-1.73071591488409
235,275,302,15.4675,-1.95296891319091
235,275,302,15.475,-3.09275450383297
235,275,302,15.4825,2.30929827634479
235,275,302,15.49,1.52693221145781
235,275,302,15.4975,-0.064606018525318
235,275,302,15.505,-1.44467280069153
235,275,302,15.5125,-2.61694178866884
235,275,302,15.52,-2.62661787002394
235,275,302,15.5275,1.77221566978274
235,275,302,15.535,-3.06383013680526
235,275,302,15.5425,-1.03431815818783
235,275,302,15.55,-1.91933188195912
235,275,302,15.5575,-0.33926480992063
235,275,302,15.565,-1.51277299658642
235,275,302,15.5725,-0.967832453220747
235,275,302,15.58,3.0993890909577
235,275,302,15.5875,2.70028680263759
235,275,302,15.595,1.86353947798147
235,275,302,15.6025,0.295516679841888
235,275,302,15.61,-0.0722774911230056
235,275,302,15.6175,-2.32109756626402
235,275,302,15.625,-1.90978038555761
235,275,302,15.6325,2.73698106653123
235,275,302,15.64,2.46929240445983
235,275,302,15.6475,0.834134687070284
235,275,302,15.655,1.57979727992213
235,275,302,15.6625,-0.588269470686417
235,275,302,15.67,-0.683338328877889
235,275,302,15.6775,-3.12548419665157
235,275,302,15.685,3.01716891353703
235,275,302,15.6925,2.4966941001801
235,275,302,15.7,1.65025577829004
235,275,302,15.7075,-0.184414202647063
235,275,302,15.715,-1.31341702217877
235,275,302,15.7225,-1.72708632562671
235,275,302,15.73,-3.07552419114939
235,275,302,15.7375,2.5366783176741
235,275,302,15.745,1.20097795207741
235,275,302,15.7525,0.231208141343384
235,275,302,15.76,-0.493409369462108
235,275,302,15.7675,-1.41755646241716
235,275,302,15.775,-2.48689645671546
235,275,302,15.7825,0.637000577367596
235,275,302,15.79,1.53850018933742
235,275,302,15.7975,1.41647434335349
235,275,302,15.805,2.4555982513034
235,275,302,15.8125,-0.644167033754047
235,275,302,15.82,-1.20187738394684
235,275,302,15.8275,-0.237957735612943
235,275,302,15.835,-2.0826174270161
235,275,302,15.8425,-2.72348769453199
235,275,302,15.85,2.05787454861352
235,275,302,15.8575,0.77730168993568
235,275,302,15.865,0.399384969025383
235,275,302,15.8725,2.68792674814312
235,275,302,15.88,0.83568308748478
235,275,302,15.8875,2.00641042218737
235,275,302,15.895,-1.58963218518698
235,275,302,15.9025,-2.38465462868034
235,275,302,15.91,0.513173382612279
235,275,302,15.9175,0.643641677303248
235,275,302,15.925,-0.399077254817302
235,275,302,15.9325,-1.33807118797646
235,275,302,15.94,3.0848937642021
235,275,302,15.9475,-3.13100162883384
235,275,302,15.955,1.23062827976206
235,275,302,15.9625,0.944760640155437
235,275,302,15.97,-0.260994043571959
235,275,302,15.9775,-0.740425148394788
235,275,302,15.985,-1.1053890493074
235,275,302,15.9925,-2.54622537666734
235,275,302,16,2.15793726975468
235,275,301,4,-1.18163661333325
235,275,301,4.0075,-2.12457603377889
235,275,301,4.015,3.10607849819288
235,275,301,4.0225,2.09553008911446
235,275,301,4.03,1.27538045199962
235,275,301,4.0375,0.231881203422263
235,275,301,4.045,-0.713398481445729
235,275,301,4.0525,-1.63466302510328
235,275,301,4.06,-2.53329918318385
235,275,301,4.0675,2.81752623927698
235,275,301,4.075,1.97438385848581
235,275,301,4.0825,0.849270535509498
235,275,301,4.09,-0.0432128069256832
235,275,301,4.0975,-1.01570275497359
235,275,301,4.105,-1.9657443584386
235,275,301,4.1125,-2.37599038094435
235,275,301,4.12,2.78977325072605
235,275,301,4.1275,2.11856632646023
235,275,301,4.135,1.15475219190173
235,275,301,4.1425,-0.0142958804738342
235,275,301,4.15,-0.555442942506518
235,275,301,4.1575,-1.52353047851949
235,275,301,4.165,-2.46110140201549
235,275,301,4.1725,-2.654066842251
235,275,301,4.18,2.71458712477427
235,275,301,4.1875,2.24359964083069
235,275,301,4.195,1.28142095361697
235,275,301,4.2025,0.278416820215591
235,275,301,4.21,-0.711120222544091
235,275,301,4.2175,-1.62738703614133
235,275,301,4.225,-2.64806409626943
235,275,301,4.2325,2.60610225584844
235,275,301,4.24,1.55170453036574
235,275,301,4.2475,0.513456641287158
235,275,301,4.255,-0.496798147221787
235,275,301,4.2625,-1.33998552625841
235,275,301,4.27,-2.41400182654349
235,275,301,4.2775,2.90070450854741
235,275,301,4.285,2.13359998819598
235,275,301,4.2925,1.14332247077264
235,275,301,4.3,0.0760846274250816
235,275,301,4.3075,-0.435992416626665
235,275,301,4.315,-1.54631693526119
235,275,301,4.3225,-2.48268548879809
235,275,301,4.33,2.84854141528361
235,275,301,4.3375,1.88001639944806
235,275,301,4.345,0.796950600774092
235,275,301,4.3525,-0.154807151797766
235,275,301,4.36,-1.1571422094724
235,275,301,4.3675,-2.10492353522534
235,275,301,4.375,-3.01824637606236
235,275,301,4.3825,2.44266733783361
235,275,301,4.39,1.26347992996989
235,275,301,4.3975,0.132177331308327
235,275,301,4.405,-0.62991992838536
235,275,301,4.4125,-1.13418911260259
235,275,301,4.42,-1.57788947480562
235,275,301,4.4275,-2.14548096943608
235,275,301,4.435,-2.90184854478467
235,275,301,4.4425,2.58407386884644
235,275,301,4.45,1.63852072493535
235,275,301,4.4575,0.674595514333207
235,275,301,4.465,-0.100606227961454
235,275,301,4.4725,-1.13937169365987
235,275,301,4.48,-2.32220694517753
235,275,301,4.4875,2.87224665920658
235,275,301,4.495,1.94745957774856
235,275,301,4.5025,0.782157795847828
235,275,301,4.51,-0.190395575229157
235,275,301,4.5175,-1.15132019161268
235,275,301,4.525,-2.04082998099308
235,275,301,4.5325,-2.95778694356737
235,275,301,4.54,2.69708886389245
235,275,301,4.5475,1.43992947513886
235,275,301,4.555,0.261852998420193
235,275,301,4.5625,-0.547421962996711
235,275,301,4.57,-1.19434965888415
235,275,301,4.5775,-2.34059932037913
235,275,301,4.585,2.57252958719394
235,275,301,4.5925,1.82612215476957
235,275,301,4.6,0.496389717590396
235,275,301,4.6075,-2.87631115109541
235,275,301,4.615,0.819049087294945
235,275,301,4.6225,0.0776008974191075
235,275,301,4.63,-0.294521660632523
235,275,301,4.6375,-1.09262586784878
235,275,301,4.645,-2.22993089007575
235,275,301,4.6525,2.86133936525228
235,275,301,4.66,1.86945851433565
235,275,301,4.6675,0.90467342559911
235,275,301,4.675,-0.132752072916314
235,275,301,4.6825,-0.860917447817053
235,275,301,4.69,-1.98271550960498
235,275,301,4.6975,-2.99761134168777
235,275,301,4.705,2.28533860349938
235,275,301,4.7125,1.44020599679367
235,275,301,4.72,0.455406567152268
235,275,301,4.7275,-0.608417918409993
235,275,301,4.735,-1.72570314856066
235,275,301,4.7425,-2.79711280772698
235,275,301,4.75,2.51136478804311
235,275,301,4.7575,1.3624465709271
235,275,301,4.765,0.315410872739687
235,275,301,4.7725,-0.51711980808041
235,275,301,4.78,-1.50504641750393
235,275,301,4.7875,-2.50218328864737
235,275,301,4.795,2.78422331218145
235,275,301,4.8025,1.76929108827083
235,275,301,4.81,0.8958898268627
235,275,301,4.8175,-0.0127715143767485
235,275,301,4.825,-1.3387472223078
235,275,301,4.8325,-2.48995856232557
235,275,301,4.84,2.44626920442576
235,275,301,4.8475,1.03617698023376
235,275,301,4.855,-0.0167601767054437
235,275,301,4.8625,2.52844043497272
235,275,301,4.87,2.42143918906041
235,275,301,4.8775,0.660932137506832
235,275,301,4.885,-0.151907615979746
235,275,301,4.8925,-1.4847825013305
235,275,301,4.9,-1.75520620731246
235,275,301,4.9075,-2.89706502117593
235,275,301,4.915,2.46939489016047
235,275,301,4.9225,1.67742067263665
235,275,301,4.93,0.198863175908788
235,275,301,4.9375,-0.414065019634031
235,275,301,4.945,-1.09603654596087
235,275,301,4.9525,-1.5430944933352
235,275,301,4.96,-2.90169622803025
235,275,301,4.9675,2.37665358567139
235,275,301,4.975,1.28122709678507
235,275,301,4.9825,0.29712903819595
235,275,301,4.99,-0.780363747592617
235,275,301,4.9975,-1.75040919024301
235,275,301,5.005,-3.0110397710096
235,275,301,5.0125,2.42006315686589
235,275,301,5.02,1.2675523409663
235,275,301,5.0275,0.441081677041069
235,275,301,5.035,-0.541132877760933
235,275,301,5.0425,-1.4825303522732
235,275,301,5.05,-2.70764908632508
235,275,301,5.0575,2.81179337484047
235,275,301,5.065,1.63647342831658
235,275,301,5.0725,0.953678891559094
235,275,301,5.08,-0.365859240121511
235,275,301,5.0875,-1.38197118319128
235,275,301,5.095,1.72450902971098
235,275,301,5.1025,0.0695657861088325
235,275,301,5.11,-1.42855812181335
235,275,301,5.1175,-2.52771991402295
235,275,301,5.125,2.3962178194704
235,275,301,5.1325,1.02331199983144
235,275,301,5.14,0.091384331189759
235,275,301,5.1475,-1.13667565029904
235,275,301,5.155,-1.78415569067392
235,275,301,5.1625,3.0023099217467
235,275,301,5.17,2.97099411772637
235,275,301,5.1775,1.93173029307998
235,275,301,5.185,1.13820939292534
235,275,301,5.1925,0.312033592342495
235,275,301,5.2,-0.585698654653511
235,275,301,5.2075,-1.60052458149876
235,275,301,5.215,-2.57717730592823
235,275,301,5.2225,2.87092038219502
235,275,301,5.23,1.89299152443261
235,275,301,5.2375,0.706908242578773
235,275,301,5.245,-0.501639975353259
235,275,301,5.2525,-1.32652778667074
235,275,301,5.26,-2.65224943508152
235,275,301,5.2675,2.49374607515899
235,275,301,5.275,1.34234187655447
235,275,301,5.2825,0.363182264217399
235,275,301,5.29,-1.02450142752565
235,275,301,5.2975,-2.47879480617858
235,275,301,5.305,2.15454901420553
235,275,301,5.3125,1.44822157772228
235,275,301,5.32,-0.416418525854724
235,275,301,5.3275,-1.26440154413082
235,275,301,5.335,-2.61619349711693
235,275,301,5.3425,2.6929051851352
235,275,301,5.35,1.40221344679639
235,275,301,5.3575,0.128518665625553
235,275,301,5.365,-0.892417823648502
235,275,301,5.3725,-1.67343279531762
235,275,301,5.38,-2.80345505938627
235,275,301,5.3875,2.3933099418054
235,275,301,5.395,1.3456042577798
235,275,301,5.4025,0.485216816837822
235,275,301,5.41,-0.422189879531076
235,275,301,5.4175,-1.23688315858623
235,275,301,5.425,-2.33599939676295
235,275,301,5.4325,2.76188761276531
235,275,301,5.44,1.72231092832088
235,275,301,5.4475,0.820246859749256
235,275,301,5.455,-0.124493835991829
235,275,301,5.4625,-1.26637099330464
235,275,301,5.47,-2.06041350712137
235,275,301,5.4775,3.0672165411662
235,275,301,5.485,1.85408493839062
235,275,301,5.4925,0.843917797317432
235,275,301,5.5,-0.0631941788627963
235,275,301,5.5075,-1.18693290414259
235,275,301,5.515,-2.01434270915132
235,275,301,5.5225,-2.62343508713782
235,275,301,5.53,2.6219691404229
235,275,301,5.5375,2.12961470189889
235,275,301,5.545,1.6723023593473
235,275,301,5.5525,0.500829925794424
235,275,301,5.56,-0.516184243874877
235,275,301,5.5675,-0.549311561214086
235,275,301,5.575,-2.50600460555606
235,275,301,5.5825,-1.17711385559101
235,275,301,5.59,-2.83858932070417
235,275,301,5.5975,2.85159341373643
235,275,301,5.605,1.2332945912875
235,275,301,5.6125,0.689398516583545
235,275,301,5.62,-0.240794229500985
235,275,301,5.6275,-1.39448889826923
235,275,301,5.635,-2.53953713148931
235,275,301,5.6425,2.7588328885642
235,275,301,5.65,1.89400866660977
235,275,301,5.6575,1.02384228011112
235,275,301,5.665,0.420773637252016
235,275,301,5.6725,-0.569726853681558
235,275,301,5.68,-1.26237139056942
235,275,301,5.6875,-2.40672004730304
235,275,301,5.695,2.72305134684567
235,275,301,5.7025,1.61835346337247
235,275,301,5.71,0.666840572154994
235,275,301,5.7175,-0.538139257595769
235,275,301,5.725,-1.48187464627467
235,275,301,5.7325,-2.47575111504381
235,275,301,5.74,3.06973023343009
235,275,301,5.7475,1.57532472549886
235,275,301,5.755,1.85593968749216
235,275,301,5.7625,0.979156316302033
235,275,301,5.77,-0.106506666405959
235,275,301,5.7775,-1.06303603242897
235,275,301,5.785,-1.879342869827
235,275,301,5.7925,-3.06564654562888
235,275,301,5.8,2.06012844887232
235,275,301,5.8075,1.60354000000564
235,275,301,5.815,0.482910413179965
235,275,301,5.8225,-0.81745678175722
235,275,301,5.83,-0.536237783231318
235,275,301,5.8375,-0.893687695248132
235,275,301,5.845,-2.31646326874846
235,275,301,5.8525,-2.66418212306077
235,275,301,5.86,2.3613657370266
235,275,301,5.8675,1.31698081327935
235,275,301,5.875,0.122771572915166
235,275,301,5.8825,-0.966416007582034
235,275,301,5.89,-1.80001963420275
235,275,301,5.8975,-3.00629891502263
235,275,301,5.905,2.33855079604697
235,275,301,5.9125,1.23512308959367
235,275,301,5.92,0.273663784572729
235,275,301,5.9275,-0.737882379262078
235,275,301,5.935,-1.3902140106674
235,275,301,5.9425,-2.67188572948921
235,275,301,5.95,2.57864230194868
235,275,301,5.9575,1.47904288224728
235,275,301,5.965,0.60396416412456
235,275,301,5.9725,-0.753419700441094
235,275,301,5.98,-1.78492894196194
235,275,301,5.9875,2.9402167128595
235,275,301,5.995,0.961638454248793
235,275,301,6.0025,0.226670174579385
235,275,301,6.01,-0.71840472837954
235,275,301,6.0175,-2.67170139952529
235,275,301,6.025,3.00577114387505
235,275,301,6.0325,1.69797961745682
235,275,301,6.04,0.163610286791453
235,275,301,6.0475,-0.521500049516007
235,275,301,6.055,-1.68445377678507
235,275,301,6.0625,-2.63289222875398
235,275,301,6.07,2.76032052700317
235,275,301,6.0775,1.61486204451817
235,275,301,6.085,0.857375749583958
235,275,301,6.0925,-0.294927264434324
235,275,301,6.1,-1.24521402615679
235,275,301,6.1075,-2.24415662991141
235,275,301,6.115,2.89049276253508
235,275,301,6.1225,1.88261121125072
235,275,301,6.13,0.918411966620134
235,275,301,6.1375,-0.333873101617986
235,275,301,6.145,-1.1804042418096
235,275,301,6.1525,-2.25523076918519
235,275,301,6.16,2.79139628120828
235,275,301,6.1675,1.95015516005921
235,275,301,6.175,0.845980472984862
235,275,301,6.1825,-0.194192965879624
235,275,301,6.19,-0.977798010877264
235,275,301,6.1975,-1.77923166462852
235,275,301,6.205,-3.08030605539492
235,275,301,6.2125,2.53588780715551
235,275,301,6.22,-0.544614939248036
235,275,301,6.2275,-2.89645657354391
235,275,301,6.235,2.08296518469969
235,275,301,6.2425,0.347845674569019
235,275,301,6.25,-0.700476547664816
235,275,301,6.2575,-1.80985634936846
235,275,301,6.265,3.07310722930851
235,275,301,6.2725,2.7820771145662
235,275,301,6.28,2.0746737684159
235,275,301,6.2875,0.801960923071563
235,275,301,6.295,-0.0926906089376621
235,275,301,6.3025,-1.32067636641848
235,275,301,6.31,-1.49894326941592
235,275,301,6.3175,-2.50034647145939
235,275,301,6.325,2.664951345509
235,275,301,6.3325,1.7164293211591
235,275,301,6.34,0.781558720411978
235,275,301,6.3475,-0.159316301806181
235,275,301,6.355,-0.755207386285743
235,275,301,6.3625,-1.83962287647889
235,275,301,6.37,-3.02251945518405
235,275,301,6.3775,2.44002546279169
235,275,301,6.385,1.38008948844017
235,275,301,6.3925,-0.0291995388684478
235,275,301,6.4,-0.898879205168627
235,275,301,6.4075,-1.59244185250421
235,275,301,6.415,-2.44230591499615
235,275,301,6.4225,2.89517934443446
235,275,301,6.43,2.19435879181054
235,275,301,6.4375,1.35681872661895
235,275,301,6.445,1.04854392278389
235,275,301,6.4525,-0.469263257853087
235,275,301,6.46,-1.21602824950497
235,275,301,6.4675,-1.90622786556724
235,275,301,6.475,-2.67543726460623
235,275,301,6.4825,2.68849251547667
235,275,301,6.49,1.57782472186916
235,275,301,6.4975,0.446892737600001
235,275,301,6.505,-0.172495504577394
235,275,301,6.5125,-1.34748764530413
235,275,301,6.52,-1.99515548908427
235,275,301,6.5275,-2.92913507009894
235,275,301,6.535,2.33615825399669
235,275,301,6.5425,1.34981049650072
235,275,301,6.55,0.384636246554441
235,275,301,6.5575,-0.116418925517655
235,275,301,6.565,-0.527250487011752
235,275,301,6.5725,-1.69182177899814
235,275,301,6.58,-2.77942208914196
235,275,301,6.5875,2.84736852458392
235,275,301,6.595,1.84513463551542
235,275,301,6.6025,0.702889722149425
235,275,301,6.61,-0.205725159641797
235,275,301,6.6175,-1.10074437838656
235,275,301,6.625,-2.40735861363348
235,275,301,6.6325,2.77860237017741
235,275,301,6.64,1.94636355537232
235,275,301,6.6475,1.13225656199512
235,275,301,6.655,-0.0165037878368543
235,275,301,6.6625,-0.766585613854447
235,275,301,6.67,-1.74935920990082
235,275,301,6.6775,-2.63974682775643
235,275,301,6.685,2.44522391630512
235,275,301,6.6925,1.57539993894859
235,275,301,6.7,0.77325207881399
235,275,301,6.7075,-0.29332463411153
235,275,301,6.715,-1.17631157714587
235,275,301,6.7225,-1.60014398205039
235,275,301,6.73,-2.34675482504444
235,275,301,6.7375,-3.11490853544373
235,275,301,6.745,2.02234893013218
235,275,301,6.7525,1.95820896118706
235,275,301,6.76,0.851423585456222
235,275,301,6.7675,0.373298190557877
235,275,301,6.775,-0.760907694034733
235,275,301,6.7825,-1.98553082111855
235,275,301,6.79,-2.5004669792391
235,275,301,6.7975,2.58838209114543
235,275,301,6.805,1.48754588761716
235,275,301,6.8125,0.622100116232584
235,275,301,6.82,-0.549665968741204
235,275,301,6.8275,-1.10581652683414
235,275,301,6.835,-2.19093764235514
235,275,301,6.8425,3.09153829303098
235,275,301,6.85,2.30393404877635
235,275,301,6.8575,1.32281464810979
235,275,301,6.865,0.095111748088521
235,275,301,6.8725,-0.810215683218435
235,275,301,6.88,-1.92141935274862
235,275,301,6.8875,-2.87336823822414
235,275,301,6.895,2.43841571151028
235,275,301,6.9025,1.38317600455696
235,275,301,6.91,0.453136133536123
235,275,301,6.9175,-0.593455130658004
235,275,301,6.925,-1.41593507516924
235,275,301,6.9325,-2.17574316755836
235,275,301,6.94,-3.12203075215665
235,275,301,6.9475,2.0564355897156
235,275,301,6.955,0.889752705259092
235,275,301,6.9625,-0.104315355938984
235,275,301,6.97,0.136593464024994
235,275,301,6.9775,-0.228711935647568
235,275,301,6.985,-1.36923603322947
235,275,301,6.9925,-2.18083818491772
235,275,301,7,3.07896588088287
235,275,301,7.0075,2.10427866789519
235,275,301,7.015,1.32241610122641
235,275,301,7.0225,0.165616501630306
235,275,301,7.03,-0.845466285905425
235,275,301,7.0375,-1.77653903848627
235,275,301,7.045,-2.60615039230205
235,275,301,7.0525,2.52798067970717
235,275,301,7.06,1.76269778294958
235,275,301,7.0675,0.604356750886865
235,275,301,7.075,-0.177925617374565
235,275,301,7.0825,-1.04996251545132
235,275,301,7.09,-1.5572282802393
235,275,301,7.0975,-2.5786160622622
235,275,301,7.105,2.79852286545854
235,275,301,7.1125,1.83415855781242
235,275,301,7.12,0.709711811831843
235,275,301,7.1275,-0.158380839999727
235,275,301,7.135,-1.25055706510156
235,275,301,7.1425,-2.24269892319015
235,275,301,7.15,-3.06267790410214
235,275,301,7.1575,2.19879313362211
235,275,301,7.165,1.26183660567742
235,275,301,7.1725,0.197290009344731
235,275,301,7.18,-0.804016971457269
235,275,301,7.1875,-1.35390642429274
235,275,301,7.195,-2.1770836631384
235,275,301,7.2025,3.06180443713417
235,275,301,7.21,2.34002855509453
235,275,301,7.2175,1.57223628497447
235,275,301,7.225,0.789811451081931
235,275,301,7.2325,-0.256225042609582
235,275,301,7.24,-1.0412761567802
235,275,301,7.2475,-1.99729366025941
235,275,301,7.255,-3.04494168482532
235,275,301,7.2625,2.50379900923386
235,275,301,7.27,1.33858706387944
235,275,301,7.2775,0.217998244994577
235,275,301,7.285,-0.400425299102149
235,275,301,7.2925,-1.27377258340075
235,275,301,7.3,-2.30171683147779
235,275,301,7.3075,3.0585660518234
235,275,301,7.315,2.04545340402342
235,275,301,7.3225,1.4863806731773
235,275,301,7.33,0.619003817833232
235,275,301,7.3375,-0.168103176554179
235,275,301,7.345,-1.14946540639814
235,275,301,7.3525,-2.12254088766058
235,275,301,7.36,-2.83054340417864
235,275,301,7.3675,2.34607747289209
235,275,301,7.375,1.31529927390307
235,275,301,7.3825,0.35792226700789
235,275,301,7.39,-0.752187322629233
235,275,301,7.3975,-1.73143677394477
235,275,301,7.405,-2.62723618828398
235,275,301,7.4125,2.42036570444782
235,275,301,7.42,1.53474586862247
235,275,301,7.4275,0.564439147311321
235,275,301,7.435,-0.584831713576653
235,275,301,7.4425,-1.40832582233824
235,275,301,7.45,-2.21070723212023
235,275,301,7.4575,-3.01442829359698
235,275,301,7.465,2.7239936934857
235,275,301,7.4725,1.79122679980614
235,275,301,7.48,0.72403252531398
235,275,301,7.4875,0.303776582062569
235,275,301,7.495,-0.869307887247003
235,275,301,7.5025,-1.14857134304287
235,275,301,7.51,-2.22696614975754
235,275,301,7.5175,3.13225942974549
235,275,301,7.525,2.00388030740446
235,275,301,7.5325,1.22440720219239
235,275,301,7.54,0.361048212261764
235,275,301,7.5475,-0.579938020059124
235,275,301,7.555,-1.31738352832676
235,275,301,7.5625,-2.49433411696439
235,275,301,7.57,3.00184240012959
235,275,301,7.5775,2.12369202986297
235,275,301,7.585,1.11542160241686
235,275,301,7.5925,0.349192170250526
235,275,301,7.6,-0.802928621458021
235,275,301,7.6075,-1.82556890199058
235,275,301,7.615,-2.43496406409237
235,275,301,7.6225,2.71253073548347
235,275,301,7.63,1.67913681163974
235,275,301,7.6375,0.866015677660486
235,275,301,7.645,-0.159636041975504
235,275,301,7.6525,-1.17996233921844
235,275,301,7.66,-2.09047146446369
235,275,301,7.6675,3.13519659521938
235,275,301,7.675,2.15851397448984
235,275,301,7.6825,1.17399582355234
235,275,301,7.69,0.155505498522915
235,275,301,7.6975,-0.501632218648477
235,275,301,7.705,-0.765977958980062
235,275,301,7.7125,-1.73448193918719
235,275,301,7.72,-2.49722941744883
235,275,301,7.7275,2.9593252854608
235,275,301,7.735,2.02606563193579
235,275,301,7.7425,1.09658269706946
235,275,301,7.75,-0.0519517290793351
235,275,301,7.7575,-0.742864733337022
235,275,301,7.765,-1.85993809355093
235,275,301,7.7725,-2.92175646542724
235,275,301,7.78,2.38776306380246
235,275,301,7.7875,1.46443122799724
235,275,301,7.795,0.521014113937167
235,275,301,7.8025,-0.594050761490203
235,275,301,7.81,-1.50768401732894
235,275,301,7.8175,-2.24955040896931
235,275,301,7.825,-2.83043278053206
235,275,301,7.8325,2.47044520543778
235,275,301,7.84,1.59360575127542
235,275,301,7.8475,0.910816143949927
235,275,301,7.855,-0.0731835461744934
235,275,301,7.8625,-1.17279662312631
235,275,301,7.87,-1.8960940893861
235,275,301,7.8775,-3.01713955240857
235,275,301,7.885,2.43505538121443
235,275,301,7.8925,1.43897586221643
235,275,301,7.9,0.433460175909648
235,275,301,7.9075,-0.533584538388742
235,275,301,7.915,-1.5948137198816
235,275,301,7.9225,-2.66757889100086
235,275,301,7.93,2.74518460757161
235,275,301,7.9375,1.73681632414445
235,275,301,7.945,0.728863624965424
235,275,301,7.9525,0.0231118224621902
235,275,301,7.96,-0.486591613529745
235,275,301,7.9675,-1.18158752606698
235,275,301,7.975,-1.99707560635302
235,275,301,7.9825,-2.64388361520021
235,275,301,7.99,2.84974881814431
235,275,301,7.9975,1.62095007302211
235,275,301,8.005,0.927004126940403
235,275,301,8.0125,-0.222843435369437
235,275,301,8.02,-1.14661554365978
235,275,301,8.0275,-2.02243713035845
235,275,301,8.035,-2.9622096709871
235,275,301,8.0425,2.6250106752757
235,275,301,8.05,1.29694401391612
235,275,301,8.0575,0.392762732563914
235,275,301,8.065,-0.380068489139141
235,275,301,8.0725,-1.54746361747859
235,275,301,8.08,-2.05013825810418
235,275,301,8.0875,-2.90009731273492
235,275,301,8.095,2.31212180196509
235,275,301,8.1025,1.60345508224439
235,275,301,8.11,0.53160407687357
235,275,301,8.1175,-0.553375981388014
235,275,301,8.125,-1.46202359372531
235,275,301,8.1325,-2.35536049359562
235,275,301,8.14,2.95332682821763
235,275,301,8.1475,1.89198809099113
235,275,301,8.155,0.87487357334566
235,275,301,8.1625,-0.102014581798191
235,275,301,8.17,-1.1027023989734
235,275,301,8.1775,-2.0340548724238
235,275,301,8.185,-3.09576041604575
235,275,301,8.1925,2.37185508270686
235,275,301,8.2,1.28072161598973
235,275,301,8.2075,0.549962792321006
235,275,301,8.215,-0.482395918941734
235,275,301,8.2225,-1.20109131057962
235,275,301,8.23,-1.42553718359111
235,275,301,8.2375,-2.18333235166868
235,275,301,8.245,-3.13005136765445
235,275,301,8.2525,2.16986803267501
235,275,301,8.26,1.22216032171854
235,275,301,8.2675,0.397222455051765
235,275,301,8.275,-0.536127680381939
235,275,301,8.2825,-1.91914051709768
235,275,301,8.29,-2.5664011521008
235,275,301,8.2975,2.84954276148151
235,275,301,8.305,2.09150514479874
235,275,301,8.3125,1.1440790605435
235,275,301,8.32,0.219951888774458
235,275,301,8.3275,-0.53255570351592
235,275,301,8.335,-1.48403516486209
235,275,301,8.3425,-2.54697062297242
235,275,301,8.35,2.85096147966326
235,275,301,8.3575,2.21127798126337
235,275,301,8.365,1.17671715681047
235,275,301,8.3725,0.19557070625331
235,275,301,8.38,-0.905741068387085
235,275,301,8.3875,-1.84722053042207
235,275,301,8.395,-2.83880891121858
235,275,301,8.4025,2.5364503118788
235,275,301,8.41,1.63218033568168
235,275,301,8.4175,0.498396103411671
235,275,301,8.425,-0.397904749301451
235,275,301,8.4325,-1.63398485688712
235,275,301,8.44,-2.62323050098559
235,275,301,8.4475,-3.13654491593526
235,275,301,8.455,2.34164607656782
235,275,301,8.4625,1.92832022444528
235,275,301,8.47,0.630741590465868
235,275,301,8.4775,-0.120051968645213
235,275,301,8.485,-0.886965903101756
235,275,301,8.4925,-1.82530416999599
235,275,301,8.5,-2.65122961155683
235,275,301,8.5075,2.62246051259032
235,275,301,8.515,1.65119064705793
235,275,301,8.5225,0.7749020339863
235,275,301,8.53,-0.196088266236769
235,275,301,8.5375,-1.17249819655161
235,275,301,8.545,-2.37345357916946
235,275,301,8.5525,2.77874023198079
235,275,301,8.56,1.9768293052572
235,275,301,8.5675,0.940738270227443
235,275,301,8.575,0.504177393018308
235,275,301,8.5825,-0.3892317254228
235,275,301,8.59,-1.62302910637265
235,275,301,8.5975,-1.50349823425267
235,275,301,8.605,-2.85364285015851
235,275,301,8.6125,2.59515532351282
235,275,301,8.62,1.58433074202033
235,275,301,8.6275,0.490490294780756
235,275,301,8.635,-0.385099574154737
235,275,301,8.6425,-1.2210830674748
235,275,301,8.65,-2.40332491993128
235,275,301,8.6575,2.87503989685978
235,275,301,8.665,1.81717242091487
235,275,301,8.6725,0.975281105619987
235,275,301,8.68,-0.00429921631525108
235,275,301,8.6875,-1.14395156779791
235,275,301,8.695,-2.25560987425535
235,275,301,8.7025,3.08153919732302
235,275,301,8.71,1.68692766791787
235,275,301,8.7175,-2.68238506516889
235,275,301,8.725,2.27839983267691
235,275,301,8.7325,1.50417137712341
235,275,301,8.74,0.238778207350945
235,275,301,8.7475,-0.775824049665039
235,275,301,8.755,-1.53564245428899
235,275,301,8.7625,-2.65661160213641
235,275,301,8.77,2.50353951907041
235,275,301,8.7775,1.6246601369242
235,275,301,8.785,0.388957778093324
235,275,301,8.7925,-0.43096616553668
235,275,301,8.8,-1.22671705558999
235,275,301,8.8075,-2.31953377437782
235,275,301,8.815,2.95470845896796
235,275,301,8.8225,2.06749849617911
235,275,301,8.83,1.3595788292917
235,275,301,8.8375,0.536202326163127
235,275,301,8.845,-0.333214663168719
235,275,301,8.8525,-1.35382764766451
235,275,301,8.86,-2.12608971722604
235,275,301,8.8675,3.03293470989408
235,275,301,8.875,2.15602558682718
235,275,301,8.8825,0.991249532133693
235,275,301,8.89,0.0494383492210089
235,275,301,8.8975,-0.829608910436012
235,275,301,8.905,-1.98250954224538
235,275,301,8.9125,-2.89428104222099
235,275,301,8.92,2.42302472171668
235,275,301,8.9275,1.644923342133
235,275,301,8.935,0.658809866795489
235,275,301,8.9425,-0.553813927444077
235,275,301,8.95,-1.2579116737283
235,275,301,8.9575,-1.51261132223304
235,275,301,8.965,-2.31565372435013
235,275,301,8.9725,3.02496844229195
235,275,301,8.98,2.2169388994394
235,275,301,8.9875,1.37667454821345
235,275,301,8.995,0.387013879387312
235,275,301,9.0025,-0.481152265783552
235,275,301,9.01,-1.18771972021509
235,275,301,9.0175,-2.41404991210896
235,275,301,9.025,2.83393921751992
235,275,301,9.0325,1.863635260657
235,275,301,9.04,0.881668436450345
235,275,301,9.0475,-0.252939851987942
235,275,301,9.055,-0.930667955419023
235,275,301,9.0625,-2.16332313527505
235,275,301,9.07,-2.79388186097324
235,275,301,9.0775,2.52383207959539
235,275,301,9.085,1.956370870384
235,275,301,9.0925,0.927865316988791
235,275,301,9.1,0.57953407321419
235,275,301,9.1075,-0.354500683688576
235,275,301,9.115,-1.53915127519682
235,275,301,9.1225,-2.51758075741256
235,275,301,9.13,2.7669842617323
235,275,301,9.1375,1.52032214395783
235,275,301,9.145,0.9902740132367
235,275,301,9.1525,-0.259013295574668
235,275,301,9.16,-1.13176193302733
235,275,301,9.1675,-2.07562175158658
235,275,301,9.175,3.11677743132127
235,275,301,9.1825,2.52689262832891
235,275,301,9.19,1.65028221881668
235,275,301,9.1975,0.740767917631496
235,275,301,9.205,0.0705007726735388
235,275,301,9.2125,-1.02233265694143
235,275,301,9.22,-1.90434681763805
235,275,301,9.2275,-2.5851853039985
235,275,301,9.235,2.50967641346515
235,275,301,9.2425,1.88374956328338
235,275,301,9.25,0.763637512071358
235,275,301,9.2575,-0.292273995630716
235,275,301,9.265,-0.849702331603932
235,275,301,9.2725,-1.98282425664035
235,275,301,9.28,-2.92414291059962
235,275,301,9.2875,2.59804936040581
235,275,301,9.295,1.4137276248763
235,275,301,9.3025,0.609135102894668
235,275,301,9.31,-0.534528056783002
235,275,301,9.3175,-1.41367352202961
235,275,301,9.325,-2.43556357430317
235,275,301,9.3325,3.05321308217226
235,275,301,9.34,2.15490447162465
235,275,301,9.3475,1.09923351360615
235,275,301,9.355,0.0852703736593493
235,275,301,9.3625,-0.413532808304299
235,275,301,9.37,-1.4991938126579
235,275,301,9.3775,-2.03517950643159
235,275,301,9.385,3.1314429753723
235,275,301,9.3925,2.21919017620689
235,275,301,9.4,1.36519314465517
235,275,301,9.4075,0.208111584799328
235,275,301,9.415,-1.13047654086553
235,275,301,9.4225,-1.79911893769923
235,275,301,9.43,-2.77670124625598
235,275,301,9.4375,2.88592972878737
235,275,301,9.445,2.16451781306165
235,275,301,9.4525,1.2502130130276
235,275,301,9.46,0.232064455173313
235,275,301,9.4675,-0.428346919840994
235,275,301,9.475,-1.17019616446808
235,275,301,9.4825,-1.90890250760001
235,275,301,9.49,-2.79051344506854
235,275,301,9.4975,2.77236962135002
235,275,301,9.505,1.47533467356336
235,275,301,9.5125,0.905428469925365
235,275,301,9.52,-0.125057833478592
235,275,301,9.5275,-0.998910592477471
235,275,301,9.535,-2.14856485953491
235,275,301,9.5425,-2.88315847386313
235,275,301,9.55,2.2601389898525
235,275,301,9.5575,1.33611747140332
235,275,301,9.565,0.531550448396144
235,275,301,9.5725,-0.6993528840425
235,275,301,9.58,-1.26656864803889
235,275,301,9.5875,-2.50145640437386
235,275,301,9.595,-3.04488473211121
235,275,301,9.6025,2.02439921699848
235,275,301,9.61,1.16288838203623
235,275,301,9.6175,0.195855214295573
235,275,301,9.625,-0.481008894081201
235,275,301,9.6325,-1.41468546317258
235,275,301,9.64,-2.53046274189845
235,275,301,9.6475,2.95683439272788
235,275,301,9.655,1.88874613361632
235,275,301,9.6625,0.855981108011149
235,275,301,9.67,-0.262896253197975
235,275,301,9.6775,-1.15730827987666
235,275,301,9.685,-2.12795937286867
235,275,301,9.6925,3.03471965184485
235,275,301,9.7,2.03203010940908
235,275,301,9.7075,0.902288937713791
235,275,301,9.715,0.302470930735839
235,275,301,9.7225,-0.0850732095286144
235,275,301,9.73,-0.283766817446112
235,275,301,9.7375,-0.936867639826812
235,275,301,9.745,-2.09294124826628
235,275,301,9.7525,-3.06396772357979
235,275,301,9.76,2.03293337458239
235,275,301,9.7675,1.12144256855817
235,275,301,9.775,0.0166996368306939
235,275,301,9.7825,-0.893858265287799
235,275,301,9.79,-1.79367666025757
235,275,301,9.7975,-2.62681589601718
235,275,301,9.805,2.70975713907476
235,275,301,9.8125,1.5808851460656
235,275,301,9.82,0.681365954167911
235,275,301,9.8275,-0.204919110261024
235,275,301,9.835,-0.794371201902958
235,275,301,9.8425,-1.75288000276969
235,275,301,9.85,-2.71762036879312
235,275,301,9.8575,2.43593017364304
235,275,301,9.865,1.69185563227221
235,275,301,9.8725,0.937807208226419
235,275,301,9.88,0.00288635441973356
235,275,301,9.8875,-1.1387700450635
235,275,301,9.895,-1.89483698051175
235,275,301,9.9025,-2.79251834475164
235,275,301,9.91,2.35238886954341
235,275,301,9.9175,1.44775764929949
235,275,301,9.925,0.526341348721905
235,275,301,9.9325,-0.522929288530917
235,275,301,9.94,-1.39949887062882
235,275,301,9.9475,-2.50751473262331
235,275,301,9.955,-2.4127185635339
235,275,301,9.9625,2.38151739329701
235,275,301,9.97,1.9174520152108
235,275,301,9.9775,1.33367983785612
235,275,301,9.985,0.443424039070155
235,275,301,9.9925,-0.495563000362725
235,275,301,10,-1.61327160595926
235,275,301,10.0075,-2.62969367368067
235,275,301,10.015,2.65338813346281
235,275,301,10.0225,1.73252560845031
235,275,301,10.03,0.721334832188037
235,275,301,10.0375,-0.455939662798518
235,275,301,10.045,-1.34464971928641
235,275,301,10.0525,-2.3996876440505
235,275,301,10.06,2.88225303351584
235,275,301,10.0675,2.06194922455589
235,275,301,10.075,1.26580153652969
235,275,301,10.0825,0.27096498389033
235,275,301,10.09,-0.802636106110428
235,275,301,10.0975,-1.78021205000282
235,275,301,10.105,-2.89608877528589
235,275,301,10.1125,2.84377857387487
235,275,301,10.12,1.94318484956841
235,275,301,10.1275,0.881415677896614
235,275,301,10.135,0.128704015297223
235,275,301,10.1425,-0.938629336661665
235,275,301,10.15,-1.68704117287823
235,275,301,10.1575,-2.75160515888142
235,275,301,10.165,2.45391138977204
235,275,301,10.1725,1.56694989130375
235,275,301,10.18,1.16013925424829
235,275,301,10.1875,0.00557413907313719
235,275,301,10.195,-0.482356356082825
235,275,301,10.2025,-1.37817774083865
235,275,301,10.21,-2.20536026744614
235,275,301,10.2175,-2.66512277872569
235,275,301,10.225,2.90214405996216
235,275,301,10.2325,2.21461417626576
235,275,301,10.24,1.09520838254543
235,275,301,10.2475,0.0971981259263511
235,275,301,10.255,-0.946313308518646
235,275,301,10.2625,-1.93690210663801
235,275,301,10.27,-2.62544246334563
235,275,301,10.2775,2.30481454650568
235,275,301,10.285,1.52491930249272
235,275,301,10.2925,0.305067657618975
235,275,301,10.3,-0.693301152399201
235,275,301,10.3075,-1.45151673948752
235,275,301,10.315,-2.26453238472947
235,275,301,10.3225,2.88566857839282
235,275,301,10.33,1.90665620023245
235,275,301,10.3375,0.834517247390946
235,275,301,10.345,0.244240090773271
235,275,301,10.3525,-0.66549957102426
235,275,301,10.36,-1.78405457874965
235,275,301,10.3675,-2.94792474808471
235,275,301,10.375,2.91276536861171
235,275,301,10.3825,1.8197680608314
235,275,301,10.39,1.05656091566652
235,275,301,10.3975,-0.343516414736135
235,275,301,10.405,-1.13378038666212
235,275,301,10.4125,-1.94313587458587
235,275,301,10.42,2.91288175213074
235,275,301,10.4275,2.00619760299113
235,275,301,10.435,0.719866778160315
235,275,301,10.4425,-0.284223418088101
235,275,301,10.45,0.623941434160046
235,275,301,10.4575,-0.432508332258815
235,275,301,10.465,-1.28007412725107
235,275,301,10.4725,-1.55655374567978
235,275,301,10.48,-2.9424601556377
235,275,301,10.4875,2.37075639412037
235,275,301,10.495,1.70912773992763
235,275,301,10.5025,0.482795730976048
235,275,301,10.51,-0.573941507600558
235,275,301,10.5175,-1.14833011461942
235,275,301,10.525,-2.37344971454319
235,275,301,10.5325,3.00348992661954
235,275,301,10.54,2.11981967899853
235,275,301,10.5475,0.968834023896764
235,275,301,10.555,0.129913943801737
235,275,301,10.5625,-0.842367485347754
235,275,301,10.57,-1.85908467263209
235,275,301,10.5775,-3.03822232334521
235,275,301,10.585,2.46926665034127
235,275,301,10.5925,1.43189391705841
235,275,301,10.6,0.050632890324616
235,275,301,10.6075,-0.39800672639249
235,275,301,10.615,-1.37794137290144
235,275,301,10.6225,-2.5527235029744
235,275,301,10.63,2.64717065869876
235,275,301,10.6375,1.90449081059277
235,275,301,10.645,1.89063516415304
235,275,301,10.6525,1.56111933932321
235,275,301,10.66,0.124385417373456
235,275,301,10.6675,-0.220268106541376
235,275,301,10.675,-0.735840287431578
235,275,301,10.6825,-2.44403939537916
235,275,301,10.69,-3.0999482810415
235,275,301,10.6975,2.52105070360973
235,275,301,10.705,1.05242671565531
235,275,301,10.7125,1.16528493495711
235,275,301,10.72,-0.163428526638295
235,275,301,10.7275,-0.845195114656262
235,275,301,10.735,-2.07589861509655
235,275,301,10.7425,-3.06276776614244
235,275,301,10.75,1.8142166963092
235,275,301,10.7575,1.21267742241793
235,275,301,10.765,0.184773115984276
235,275,301,10.7725,-0.840496070252009
235,275,301,10.78,-2.02779604495243
235,275,301,10.7875,-2.87641781354555
235,275,301,10.795,2.3993421289287
235,275,301,10.8025,1.58724636717055
235,275,301,10.81,0.385700435579347
235,275,301,10.8175,-0.176891694889599
235,275,301,10.825,-1.40824118231219
235,275,301,10.8325,-2.50776839379731
235,275,301,10.84,2.56660273605431
235,275,301,10.8475,1.6552621426618
235,275,301,10.855,0.959897464289734
235,275,301,10.8625,-0.376176449907276
235,275,301,10.87,-1.48787829677499
235,275,301,10.8775,-2.61879459774283
235,275,301,10.885,-2.9382949340818
235,275,301,10.8925,2.02973406885544
235,275,301,10.9,1.33763254284833
235,275,301,10.9075,-1.78547295751092
235,275,301,10.915,-1.42007359003797
235,275,301,10.9225,-0.154642649991912
235,275,301,10.93,-0.898249645151933
235,275,301,10.9375,-2.97679106839056
235,275,301,10.945,-2.3190645859857
235,275,301,10.9525,-3.058712423399
235,275,301,10.96,-2.90052229909767
235,275,301,10.9675,2.66456653034732
235,275,301,10.975,0.645865031939486
235,275,301,10.9825,-0.185096118484711
235,275,301,10.99,-1.17224785849021
235,275,301,10.9975,-2.4663593441682
235,275,301,11.005,3.01709264925747
235,275,301,11.0125,1.88288759508365
235,275,301,11.02,1.05197928469522
235,275,301,11.0275,-0.14275125278082
235,275,301,11.035,-0.991542440155881
235,275,301,11.0425,-2.09336536318374
235,275,301,11.05,-2.93965912897693
235,275,301,11.0575,2.20170790166399
235,275,301,11.065,1.03390115119505
235,275,301,11.0725,0.0481790990711931
235,275,301,11.08,-0.842532535036888
235,275,301,11.0875,-1.97218961588718
235,275,301,11.095,-2.82178454279308
235,275,301,11.1025,2.32241331022532
235,275,301,11.11,1.86563519748366
235,275,301,11.1175,0.981829352917043
235,275,301,11.125,0.218063491089189
235,275,301,11.1325,-0.731842925716154
235,275,301,11.14,-2.10167601549131
235,275,301,11.1475,-2.84756084490614
235,275,301,11.155,2.83926626835958
235,275,301,11.1625,2.31597552017253
235,275,301,11.17,1.47078848922302
235,275,301,11.1775,-0.564940181274196
235,275,301,11.185,0.187735177346979
235,275,301,11.1925,-1.18492014548691
235,275,301,11.2,-2.0611138037093
235,275,301,11.2075,-3.00064873025213
235,275,301,11.215,1.81006600536624
235,275,301,11.2225,1.25333536443443
235,275,301,11.23,1.1147256174591
235,275,301,11.2375,-0.107748281668208
235,275,301,11.245,-0.937086844190757
235,275,301,11.2525,-1.90190546542934
235,275,301,11.26,-2.83572676066754
235,275,301,11.2675,2.47659181988236
235,275,301,11.275,1.41341378175344
235,275,301,11.2825,0.233901275260795
235,275,301,11.29,-0.568061515891263
235,275,301,11.2975,-1.86410064538248
235,275,301,11.305,-2.51904915645568
235,275,301,11.3125,2.53016021220918
235,275,301,11.32,1.3945036472992
235,275,301,11.3275,0.635579922531799
235,275,301,11.335,-0.398711340715357
235,275,301,11.3425,-1.67607714598916
235,275,301,11.35,-2.26760698796764
235,275,301,11.3575,2.70300691741644
235,275,301,11.365,1.32186989128403
235,275,301,11.3725,-2.3203356904991
235,275,301,11.38,2.5494173202402
235,275,301,11.3875,2.21922735241955
235,275,301,11.395,0.705066573017182
235,275,301,11.4025,-0.913222791201243
235,275,301,11.41,-1.04591857489237
235,275,301,11.4175,-2.88506082068098
235,275,301,11.425,2.86816851711353
235,275,301,11.4325,1.82079054247613
235,275,301,11.44,0.637226965899771
235,275,301,11.4475,-0.207314122901758
235,275,301,11.455,-0.885800536298252
235,275,301,11.4625,-1.8960238193858
235,275,301,11.47,-2.90627669852369
235,275,301,11.4775,2.32816798439673
235,275,301,11.485,1.27148627218188
235,275,301,11.4925,0.321078972488782
235,275,301,11.5,-0.619973327357785
235,275,301,11.5075,-1.41206184458566
235,275,301,11.515,-2.64271182445162
235,275,301,11.5225,2.97137118447323
235,275,301,11.53,2.30811849051857
235,275,301,11.5375,0.833867878895533
235,275,301,11.545,-0.186465566738029
235,275,301,11.5525,-1.26070356675967
235,275,301,11.56,-2.16190518062065
235,275,301,11.5675,-3.14036695681762
235,275,301,11.575,2.17920381376952
235,275,301,11.5825,1.18317640201933
235,275,301,11.59,0.0387374981799603
235,275,301,11.5975,-0.595215789766921
235,275,301,11.605,-1.63457379721042
235,275,301,11.6125,-3.10118011476902
235,275,301,11.62,2.58208429306024
235,275,301,11.6275,1.84351847039238
235,275,301,11.635,0.741158993970376
235,275,301,11.6425,0.574411515644123
235,275,301,11.65,0.67359664476031
235,275,301,11.6575,-0.118194690926463
235,275,301,11.665,-1.26905028415382
235,275,301,11.6725,-2.21256810647057
235,275,301,11.68,2.73365866920383
235,275,301,11.6875,1.90738454077823
235,275,301,11.695,1.40213479236081
235,275,301,11.7025,0.237588849221163
235,275,301,11.71,-0.384077976706932
235,275,301,11.7175,-1.19503055883766
235,275,301,11.725,-2.14279008135657
235,275,301,11.7325,-3.04852545103515
235,275,301,11.74,2.15372630710268
235,275,301,11.7475,1.33146279006675
235,275,301,11.755,0.327292724066719
235,275,301,11.7625,-0.627485686511267
235,275,301,11.77,-1.61474335462953
235,275,301,11.7775,-2.54460493291752
235,275,301,11.785,2.97664317820776
235,275,301,11.7925,1.8080234946392
235,275,301,11.8,0.75105092286013
235,275,301,11.8075,-0.333601729685435
235,275,301,11.815,-1.3518267449827
235,275,301,11.8225,-2.24420187791431
235,275,301,11.83,2.76733458594491
235,275,301,11.8375,1.86917959481066
235,275,301,11.845,1.09933158776904
235,275,301,11.8525,-0.488579404748318
235,275,301,11.86,-1.4020987062766
235,275,301,11.8675,-1.89632662530643
235,275,301,11.875,-2.43483417681301
235,275,301,11.8825,2.68183183952132
235,275,301,11.89,2.69179607708944
235,275,301,11.8975,1.95354778776517
235,275,301,11.905,1.38374698468295
235,275,301,11.9125,0.38876760405862
235,275,301,11.92,-0.744413568549366
235,275,301,11.9275,-1.65149882693637
235,275,301,11.935,-2.38664003372865
235,275,301,11.9425,2.50367506805992
235,275,301,11.95,1.71044826550642
235,275,301,11.9575,0.797152583832488
235,275,301,11.965,-0.428384303799144
235,275,301,11.9725,-1.0219202449653
235,275,301,11.98,-2.11721156459892
235,275,301,11.9875,3.10693329167698
235,275,301,11.995,2.39924786831377
235,275,301,12.0025,0.923711645267823
235,275,301,12.01,0.346709788252819
235,275,301,12.0175,-0.384633345388345
235,275,301,12.025,-1.42458206475214
235,275,301,12.0325,-2.41019540435315
235,275,301,12.04,2.71533235404675
235,275,301,12.0475,1.94807434729334
235,275,301,12.055,0.853283894991227
235,275,301,12.0625,-0.253583531252985
235,275,301,12.07,-0.88674441117593
235,275,301,12.0775,-1.96539238446795
235,275,301,12.085,3.07488408023882
235,275,301,12.0925,1.89005419797015
235,275,301,12.1,1.18888818617653
235,275,301,12.1075,-0.608683028376891
235,275,301,12.115,-2.70499420150541
235,275,301,12.1225,1.36083422412024
235,275,301,12.13,-0.0496815228713142
235,275,301,12.1375,-1.2085641678579
235,275,301,12.145,-2.11246584251791
235,275,301,12.1525,-2.92795579617203
235,275,301,12.16,2.46496005672621
235,275,301,12.1675,1.35014643811277
235,275,301,12.175,0.169812185137505
235,275,301,12.1825,-0.826216356085873
235,275,301,12.19,-1.81529619444081
235,275,301,12.1975,-2.9373945038255
235,275,301,12.205,2.43620942661405
235,275,301,12.2125,1.35368667261969
235,275,301,12.22,0.389346100618584
235,275,301,12.2275,-0.448035916925598
235,275,301,12.235,-1.36815857120334
235,275,301,12.2425,-2.56777910157249
235,275,301,12.25,2.68372104085226
235,275,301,12.2575,2.1987126648906
235,275,301,12.265,1.04815804705407
235,275,301,12.2725,0.00501398321758599
235,275,301,12.28,-0.995344802872948
235,275,301,12.2875,-1.77322453753379
235,275,301,12.295,-3.03213600116948
235,275,301,12.3025,2.51178249605058
235,275,301,12.31,1.25626129472042
235,275,301,12.3175,0.581378743355402
235,275,301,12.325,-0.127408783375623
235,275,301,12.3325,-1.61750902340494
235,275,301,12.34,-2.49508903031411
235,275,301,12.3475,2.68798040733557
235,275,301,12.355,1.31151153906969
235,275,301,12.3625,1.57520419227341
235,275,301,12.37,-1.52231561450553
235,275,301,12.3775,2.81533339963447
235,275,301,12.385,0.270467320727855
235,275,301,12.3925,-0.69343175521683
235,275,301,12.4,-1.32570690447053
235,275,301,12.4075,-2.17791082860727
235,275,301,12.415,2.93651017362687
235,275,301,12.4225,1.51744778539841
235,275,301,12.43,0.377088878702045
235,275,301,12.4375,-0.520800652223233
235,275,301,12.445,-1.56540427121942
235,275,301,12.4525,-2.41259125862822
235,275,301,12.46,2.93393022802491
235,275,301,12.4675,1.92141909604967
235,275,301,12.475,0.786664176254733
235,275,301,12.4825,0.165589618131188
235,275,301,12.49,-1.0484708931998
235,275,301,12.4975,-2.07420402385396
235,275,301,12.505,3.09102240002478
235,275,301,12.5125,2.52407127624093
235,275,301,12.52,1.74629841493046
235,275,301,12.5275,0.889233368504293
235,275,301,12.535,0.239232140558574
235,275,301,12.5425,-1.16995490158405
235,275,301,12.55,-2.25925583591579
235,275,301,12.5575,2.88183564556169
235,275,301,12.565,2.14276467111688
235,275,301,12.5725,1.48252811005477
235,275,301,12.58,0.593627355852209
235,275,301,12.5875,-0.715283281051045
235,275,301,12.595,-1.69086886333133
235,275,301,12.6025,-1.92900458562588
235,275,301,12.61,2.37739566532169
235,275,301,12.6175,2.78497918878341
235,275,301,12.625,2.58116891660876
235,275,301,12.6325,1.2757636120032
235,275,301,12.64,0.500850446299761
235,275,301,12.6475,-0.270738419585817
235,275,301,12.655,-1.1308621140681
235,275,301,12.6625,-2.07068203978882
235,275,301,12.67,3.02081189635826
235,275,301,12.6775,2.12763167316349
235,275,301,12.685,0.786494572124536
235,275,301,12.6925,-0.366456469121223
235,275,301,12.7,-1.19570054531332
235,275,301,12.7075,-2.1973136809954
235,275,301,12.715,3.01884223054903
235,275,301,12.7225,1.807180691956
235,275,301,12.73,0.995388333343656
235,275,301,12.7375,0.224070149918739
235,275,301,12.745,-0.504291920833791
235,275,301,12.7525,-1.79902607487656
235,275,301,12.76,-2.69781336253648
235,275,301,12.7675,3.09215545779271
235,275,301,12.775,1.37590807688554
235,275,301,12.7825,0.795961113179627
235,275,301,12.79,-0.857391135241805
235,275,301,12.7975,-2.00400403026108
235,275,301,12.805,-2.14225116131303
235,275,301,12.8125,2.75608502693711
235,275,301,12.82,2.04658894189184
235,275,301,12.8275,0.454522886915273
235,275,301,12.835,0.690107485179404
235,275,301,12.8425,-1.14613096826817
235,275,301,12.85,1.9794639224572
235,275,301,12.8575,-0.143839868490312
235,275,301,12.865,-0.878453875113497
235,275,301,12.8725,-0.978020840622333
235,275,301,12.88,-2.20346190715972
235,275,301,12.8875,1.99885769598419
235,275,301,12.895,1.5731401938217
235,275,301,12.9025,-0.0427996534219933
235,275,301,12.91,-0.168804433193148
235,275,301,12.9175,-1.77476467752402
235,275,301,12.925,-2.5719006151774
235,275,301,12.9325,2.53303885430536
235,275,301,12.94,1.6871262200752
235,275,301,12.9475,0.445828037936464
235,275,301,12.955,-0.43870633684018
235,275,301,12.9625,-1.24316357775813
235,275,301,12.97,-2.16535177482403
235,275,301,12.9775,-3.12428467639873
235,275,301,12.985,1.71668874601988
235,275,301,12.9925,1.09562729477878
235,275,301,13,0.248165528322975
235,275,301,13.0075,-0.820909853791187
235,275,301,13.015,-2.42779772349107
235,275,301,13.0225,-2.91225307134768
235,275,301,13.03,2.03452616669514
235,275,301,13.0375,0.560109289892567
235,275,301,13.045,-0.0766068422074482
235,275,301,13.0525,-0.982100214637936
235,275,301,13.06,-2.39123788367561
235,275,301,13.0675,-1.35948783151286
235,275,301,13.075,-2.8697001690587
235,275,301,13.0825,2.13536422535639
235,275,301,13.09,1.61380451848288
235,275,301,13.0975,-1.29786378454148
235,275,301,13.105,-2.31456845405607
235,275,301,13.1125,-3.12301216985297
235,275,301,13.12,-0.786583786548407
235,275,301,13.1275,-0.169783012155213
235,275,301,13.135,-1.91518008329211
235,275,301,13.1425,-2.85300886396238
235,275,301,13.15,1.68568725027773
235,275,301,13.1575,0.807027056004864
235,275,301,13.165,0.326948788635237
235,275,301,13.1725,-0.81886035521049
235,275,301,13.18,-2.44255061723581
235,275,301,13.1875,-3.00333201545194
235,275,301,13.195,1.99983850421145
235,275,301,13.2025,1.01622514873003
235,275,301,13.21,-0.143004140480693
235,275,301,13.2175,-1.40615303155775
235,275,301,13.225,-2.22001887477668
235,275,301,13.2325,3.01604071068121
235,275,301,13.24,1.90473761020927
235,275,301,13.2475,1.77535179206865
235,275,301,13.255,0.412296967840391
235,275,301,13.2625,-0.432045331998403
235,275,301,13.27,0.570077568165038
235,275,301,13.2775,-1.13465290372172
235,275,301,13.285,-1.41064185688649
235,275,301,13.2925,3.1100149527498
235,275,301,13.3,1.85143519567104
235,275,301,13.3075,1.13611049710832
235,275,301,13.315,0.375733457402462
235,275,301,13.3225,-0.12447288176909
235,275,301,13.33,-1.3609098013616
235,275,301,13.3375,-2.79481448754923
235,275,301,13.345,-2.70851692969771
235,275,301,13.3525,2.24250637449737
235,275,301,13.36,1.27868013342357
235,275,301,13.3675,0.779283564314851
235,275,301,13.375,-0.255369977164857
235,275,301,13.3825,-1.29294367071372
235,275,301,13.39,-2.25721524619852
235,275,301,13.3975,3.08008337418726
235,275,301,13.405,2.29570509747634
235,275,301,13.4125,1.44566008417296
235,275,301,13.42,0.278467101747143
235,275,301,13.4275,-0.695852883544096
235,275,301,13.435,-1.89407681170374
235,275,301,13.4425,-2.93446547583624
235,275,301,13.45,2.3852877522621
235,275,301,13.4575,1.57490948294155
235,275,301,13.465,-0.032912317347082
235,275,301,13.4725,-0.457168639827702
235,275,301,13.48,-1.60037909376771
235,275,301,13.4875,-2.53576241438705
235,275,301,13.495,2.65474756950049
235,275,301,13.5025,1.06432361646867
235,275,301,13.51,0.9497149030196
235,275,301,13.5175,-0.339328343968923
235,275,301,13.525,-0.633488350142048
235,275,301,13.5325,0.0119741108721512
235,275,301,13.54,-0.853101702681121
235,275,301,13.5475,-3.10658288794135
235,275,301,13.555,-3.1059271189996
235,275,301,13.5625,1.64967084864056
235,275,301,13.57,0.635773619452018
235,275,301,13.5775,0.00116586243197063
235,275,301,13.585,-1.70002516284069
235,275,301,13.5925,-1.20212543415492
235,275,301,13.6,-2.41858181032755
235,275,301,13.6075,-2.76947063249918
235,275,301,13.615,2.89230938857124
235,275,301,13.6225,1.52557177622628
235,275,301,13.63,0.732286441405558
235,275,301,13.6375,-0.105945847448485
235,275,301,13.645,-0.923188226349774
235,275,301,13.6525,-2.06752894417098
235,275,301,13.66,2.94661524451467
235,275,301,13.6675,2.08665164344134
235,275,301,13.675,1.32514454645635
235,275,301,13.6825,0.059588613077411
235,275,301,13.69,-0.717541326409448
235,275,301,13.6975,-1.89887405792601
235,275,301,13.705,-2.88381169431052
235,275,301,13.7125,2.38318943385511
235,275,301,13.72,1.46540987460561
235,275,301,13.7275,0.558252773632631
235,275,301,13.735,-0.879476779616829
235,275,301,13.7425,-1.54224357824316
235,275,301,13.75,-2.99977525866956
235,275,301,13.7575,2.60698842752625
235,275,301,13.765,1.9530885060099
235,275,301,13.7725,1.61841600852289
235,275,301,13.78,0.674572706457492
235,275,301,13.7875,-0.659967501376364
235,275,301,13.795,-1.00038829576816
235,275,301,13.8025,-2.18588350434949
235,275,301,13.81,-2.80634820407669
235,275,301,13.8175,2.57889219441032
235,275,301,13.825,1.818971451716
235,275,301,13.8325,0.984078598361866
235,275,301,13.84,-1.11825114676332
235,275,301,13.8475,-1.04577795325354
235,275,301,13.855,-1.44592604610406
235,275,301,13.8625,-2.01861183468727
235,275,301,13.87,-3.10540375783942
235,275,301,13.8775,2.02870297867047
235,275,301,13.885,1.05813025140304
235,275,301,13.8925,0.503239126666305
235,275,301,13.9,-0.516534649505502
235,275,301,13.9075,-1.9980022354625
235,275,301,13.915,-2.70808479059483
235,275,301,13.9225,2.45597511031339
235,275,301,13.93,1.03884870623082
235,275,301,13.9375,0.152926167417176
235,275,301,13.945,-0.535467026981308
235,275,301,13.9525,-1.61246464955821
235,275,301,13.96,-2.49394239826539
235,275,301,13.9675,2.73940505100678
235,275,301,13.975,1.79391681005048
235,275,301,13.9825,0.474339462035639
235,275,301,13.99,-0.271053823334075
235,275,301,13.9975,-1.23108000582138
235,275,301,14.005,3.00291915999254
235,275,301,14.0125,-3.09582978231828
235,275,301,14.02,0.183521769432662
235,275,301,14.0275,0.764372021542184
235,275,301,14.035,1.00756141780297
235,275,301,14.0425,2.0265931722868
235,275,301,14.05,0.402640760683559
235,275,301,14.0575,2.6744408316126
235,275,301,14.065,-1.24691539752991
235,275,301,14.0725,-2.28027529967807
235,275,301,14.08,-2.63795858845966
235,275,301,14.0875,1.91460440685908
235,275,301,14.095,0.63021658656581
235,275,301,14.1025,0.136180651392273
235,275,301,14.11,-1.27206887588013
235,275,301,14.1175,-2.43432023557038
235,275,301,14.125,-2.89149856646975
235,275,301,14.1325,2.2082657407222
235,275,301,14.14,1.61271106160096
235,275,301,14.1475,0.484954360558517
235,275,301,14.155,-0.461743877702603
235,275,301,14.1625,-1.33094537251584
235,275,301,14.17,-2.45542518024089
235,275,301,14.1775,3.09703894704642
235,275,301,14.185,1.50203500394287
235,275,301,14.1925,0.80953713356447
235,275,301,14.2,-0.0850381235882684
235,275,301,14.2075,-1.06034132182529
235,275,301,14.215,-2.14563931212493
235,275,301,14.2225,2.78659819778898
235,275,301,14.23,1.76952778686602
235,275,301,14.2375,0.948576972390386
235,275,301,14.245,-0.383017452513273
235,275,301,14.2525,-0.938305191946881
235,275,301,14.26,3.03170112328065
235,275,301,14.2675,-3.0774455848091
235,275,301,14.275,1.31384325557033
235,275,301,14.2825,1.89560670858421
235,275,301,14.29,-2.31950765414228
235,275,301,14.2975,-1.91226510320085
235,275,301,14.305,0.221926482267835
235,275,301,14.3125,0.849713225893035
235,275,301,14.32,1.84802475447997
235,275,301,14.3275,-2.73079040540309
235,275,301,14.335,-2.49807703090124
235,275,301,14.3425,2.72343258693791
235,275,301,14.35,1.33176951271073
235,275,301,14.3575,0.40426329577809
235,275,301,14.365,-1.0625147891286
235,275,301,14.3725,-0.583368236440133
235,275,301,14.38,-2.18485088578609
235,275,301,14.3875,-3.09382843314258
235,275,301,14.395,1.83840039128723
235,275,301,14.4025,0.852407890595931
235,275,301,14.41,-0.035754793233047
235,275,301,14.4175,-0.885603998353522
235,275,301,14.425,-1.8662893232402
235,275,301,14.4325,-2.73253099634421
235,275,301,14.44,2.40286210554695
235,275,301,14.4475,1.24464070618239
235,275,301,14.455,0.0733194373597846
235,275,301,14.4625,-0.754758781254899
235,275,301,14.47,-2.00611067669028
235,275,301,14.4775,-3.04878791099144
235,275,301,14.485,1.41567366174751
235,275,301,14.4925,0.844671607705929
235,275,301,14.5,0.457610173597449
235,275,301,14.5075,-0.744446935775098
235,275,301,14.515,-2.36176438723696
235,275,301,14.5225,0.423450404515046
235,275,301,14.53,1.31794681374407
235,275,301,14.5375,-1.27898880767303
235,275,301,14.545,1.98280206120856
235,275,301,14.5525,1.80242170254743
235,275,301,14.56,-2.5829047546578
235,275,301,14.5675,0.663425165393012
235,275,301,14.575,-0.768643298659451
235,275,301,14.5825,-2.2045977817274
235,275,301,14.59,2.98467025692756
235,275,301,14.5975,2.70587050749905
235,275,301,14.605,1.42683433008712
235,275,301,14.6125,0.837913350238748
235,275,301,14.62,-0.374217979290928
235,275,301,14.6275,-1.02398266776324
235,275,301,14.635,-1.88002271664715
235,275,301,14.6425,-3.09058915069791
235,275,301,14.65,1.89652478052418
235,275,301,14.6575,1.5164376952591
235,275,301,14.665,0.558200243583462
235,275,301,14.6725,-0.468861821151995
235,275,301,14.68,-1.40318089623482
235,275,301,14.6875,-2.85881657457963
235,275,301,14.695,-3.07945630890151
235,275,301,14.7025,1.77133586786989
235,275,301,14.71,0.684369598799033
235,275,301,14.7175,-0.530099909079919
235,275,301,14.725,-1.30254922325153
235,275,301,14.7325,-2.07365987060474
235,275,301,14.74,3.13358327971619
235,275,301,14.7475,2.58751548784721
235,275,301,14.755,0.153328104389688
235,275,301,14.7625,0.437754511527756
235,275,301,14.77,0.158525374839144
235,275,301,14.7775,-0.254966080002803
235,275,301,14.785,-1.62612851430302
235,275,301,14.7925,-2.42680845393619
235,275,301,14.8,3.04081579056451
235,275,301,14.8075,1.12636741004715
235,275,301,14.815,1.67332133628372
235,275,301,14.8225,0.0219376200832013
235,275,301,14.83,-1.55183822302401
235,275,301,14.8375,-0.53433632919548
235,275,301,14.845,-0.921633871697624
235,275,301,14.8525,-2.21812090710141
235,275,301,14.86,2.67356897888983
235,275,301,14.8675,1.90362633245094
235,275,301,14.875,0.938269832625455
235,275,301,14.8825,0.273959470726196
235,275,301,14.89,-0.728656644255859
235,275,301,14.8975,-1.95942669337661
235,275,301,14.905,3.06794838659985
235,275,301,14.9125,2.00122272568089
235,275,301,14.92,1.26999624284731
235,275,301,14.9275,0.0606143741523545
235,275,301,14.935,-1.30062885888492
235,275,301,14.9425,-2.01650252331072
235,275,301,14.95,3.0893427101975
235,275,301,14.9575,2.63783702124083
235,275,301,14.965,1.37096461053644
235,275,301,14.9725,0.225377412866401
235,275,301,14.98,-0.888313436719014
235,275,301,14.9875,-1.82877323323406
235,275,301,14.995,-2.59285082934884
235,275,301,15.0025,2.82668065763121
235,275,301,15.01,1.50782629567649
235,275,301,15.0175,-0.151544171036245
235,275,301,15.025,-1.93705236910766
235,275,301,15.0325,0.5253977636473
235,275,301,15.04,1.2532808569445
235,275,301,15.0475,-1.78771134577558
235,275,301,15.055,-1.87806423087135
235,275,301,15.0625,1.40846461342297
235,275,301,15.07,-2.78284872907924
235,275,301,15.0775,1.45883598379476
235,275,301,15.085,0.381489553312498
235,275,301,15.0925,-0.17229397655891
235,275,301,15.1,-1.2269466131238
235,275,301,15.1075,-2.21316882649331
235,275,301,15.115,2.8117098036487
235,275,301,15.1225,1.75131236617815
235,275,301,15.13,1.08343907671928
235,275,301,15.1375,-0.141250610015922
235,275,301,15.145,-1.32404129776811
235,275,301,15.1525,-1.97634164984606
235,275,301,15.16,2.94778111117527
235,275,301,15.1675,2.14280681490966
235,275,301,15.175,1.79557399275497
235,275,301,15.1825,0.304330652794325
235,275,301,15.19,-0.443087024561257
235,275,301,15.1975,-1.96272512361972
235,275,301,15.205,-1.63629618280467
235,275,301,15.2125,2.52655030300062
235,275,301,15.22,1.54003230175554
235,275,301,15.2275,1.79412487691951
235,275,301,15.235,0.0773136887061324
235,275,301,15.2425,-1.32481398655511
235,275,301,15.25,-2.91710068841547
235,275,301,15.2575,1.21124645074032
235,275,301,15.265,0.623857047772312
235,275,301,15.2725,2.63502473333366
235,275,301,15.28,3.08892425727972
235,275,301,15.2875,2.38918912991746
235,275,301,15.295,1.12180729675022
235,275,301,15.3025,0.0456858560618839
235,275,301,15.31,-0.865437271520767
235,275,301,15.3175,-2.57970219957135
235,275,301,15.325,3.11700576020601
235,275,301,15.3325,1.75760369769491
235,275,301,15.34,0.744742731730843
235,275,301,15.3475,0.245058962833676
235,275,301,15.355,-1.20670682864057
235,275,301,15.3625,-2.30365252236413
235,275,301,15.37,-2.94826507680503
235,275,301,15.3775,2.49003833020824
235,275,301,15.385,0.741664019921841
235,275,301,15.3925,-0.685344817930504
235,275,301,15.4,0.621294838870461
235,275,301,15.4075,-2.50687538778177
235,275,301,15.415,2.90552417808267
235,275,301,15.4225,2.76425242523071
235,275,301,15.43,-1.61832717261261
235,275,301,15.4375,3.11944741634535
235,275,301,15.445,1.95339749631041
235,275,301,15.4525,-0.0713536502023445
235,275,301,15.46,-1.40731904410102
235,275,301,15.4675,-1.70218204888064
235,275,301,15.475,2.62491724124875
235,275,301,15.4825,0.829456781957798
235,275,301,15.49,0.839522047350449
235,275,301,15.4975,2.78139267349596
235,275,301,15.505,1.22511337191753
235,275,301,15.5125,3.03849507297609
235,275,301,15.52,-1.04234144622252
235,275,301,15.5275,-2.17466992401214
235,275,301,15.535,-3.07122262189
235,275,301,15.5425,2.48476264737701
235,275,301,15.55,0.237921204997475
235,275,301,15.5575,-0.103323915727912
235,275,301,15.565,-1.64062271972244
235,275,301,15.5725,-2.07460787335556
235,275,301,15.58,2.73249263320454
235,275,301,15.5875,2.01303719067874
235,275,301,15.595,2.38002207749955
235,275,301,15.6025,0.337896744414825
235,275,301,15.61,-0.986941801441621
235,275,301,15.6175,-1.46502330128339
235,275,301,15.625,-1.91063758370976
235,275,301,15.6325,2.85979741721339
235,275,301,15.64,2.22010487311102
235,275,301,15.6475,-0.566037120955642
235,275,301,15.655,1.16064541143792
235,275,301,15.6625,-0.491360116552376
235,275,301,15.67,-2.22298226883335
235,275,301,15.6775,-0.733126616667511
235,275,301,15.685,-3.02279044504714
235,275,301,15.6925,2.47438898178879
235,275,301,15.7,1.96306912207952
235,275,301,15.7075,0.618361274279488
235,275,301,15.715,-0.450901265242033
235,275,301,15.7225,-2.4718855451144
235,275,301,15.73,-2.46095324982303
235,275,301,15.7375,2.42058019507748
235,275,301,15.745,0.915430748844293
235,275,301,15.7525,0.629489371330925
235,275,301,15.76,-0.6752875170798
235,275,301,15.7675,-1.34109563089319
235,275,301,15.775,-2.90615012116491
235,275,301,15.7825,-2.33714822141418
235,275,301,15.79,-1.9950362986502
235,275,301,15.7975,-1.20879366469223
235,275,301,15.805,2.76724979072332
235,275,301,15.8125,0.00920337465849507
235,275,301,15.82,-0.114930113748374
235,275,301,15.8275,-0.869998889719252
235,275,301,15.835,2.93744778199403
235,275,301,15.8425,-1.94483174396988
235,275,301,15.85,1.66587476161694
235,275,301,15.8575,1.13742839556729
235,275,301,15.865,0.0516506870759581
235,275,301,15.8725,-1.30911045480182
235,275,301,15.88,-1.90692582705186
235,275,301,15.8875,-2.75982542120442
235,275,301,15.895,2.48264064311507
235,275,301,15.9025,-0.132016333779236
235,275,301,15.91,2.11514332935786
235,275,301,15.9175,0.435223655451223
235,275,301,15.925,0.674790679430606
235,275,301,15.9325,0.319182181830041
235,275,301,15.94,-2.00591901549526
235,275,301,15.9475,1.88265138438189
235,275,301,15.955,3.09322197885913
235,275,301,15.9625,0.302558087003939
235,275,301,15.97,-1.21107584649709
235,275,301,15.9775,-2.25548509937332
235,275,301,15.985,-2.90651264294497
235,275,301,15.9925,-3.10842326782129
235,275,301,16,1.14096173288355
235,275,300,4,-1.2019985083239
235,275,300,4.0075,-2.17588746812476
235,275,300,4.015,3.11681730896256
235,275,300,4.0225,2.11848446157987
235,275,300,4.03,1.25494959286965
235,275,300,4.0375,0.272205669475889
235,275,300,4.045,-0.652089324033055
235,275,300,4.0525,-1.61201111017702
235,275,300,4.06,-2.49020254528222
235,275,300,4.0675,2.94883957826893
235,275,300,4.075,2.04049185907514
235,275,300,4.0825,0.889358436960754
235,275,300,4.09,0.0489785294914177
235,275,300,4.0975,-0.841080021291873
235,275,300,4.105,-1.8193994392979
235,275,300,4.1125,-2.36587248422139
235,275,300,4.12,2.88180962821872
235,275,300,4.1275,2.58898972834402
235,275,300,4.135,1.48293238863299
235,275,300,4.1425,0.478440552613058
235,275,300,4.15,-0.28452103903043
235,275,300,4.1575,-1.50658401502635
235,275,300,4.165,-2.13788183028124
235,275,300,4.1725,-2.75518996275367
235,275,300,4.18,2.75205082818249
235,275,300,4.1875,1.96587739234124
235,275,300,4.195,1.01601632528552
235,275,300,4.2025,0.0873626045775101
235,275,300,4.21,-0.835112951911418
235,275,300,4.2175,-1.74823711967802
235,275,300,4.225,-2.75641885980411
235,275,300,4.2325,2.3964269649639
235,275,300,4.24,1.41148213776578
235,275,300,4.2475,0.285948202206327
235,275,300,4.255,-0.659828182773755
235,275,300,4.2625,-1.64505568387416
235,275,300,4.27,-2.55504930932755
235,275,300,4.2775,2.89479867043109
235,275,300,4.285,2.07387283264216
235,275,300,4.2925,1.28592468918123
235,275,300,4.3,0.200229678273176
235,275,300,4.3075,-0.557301890527495
235,275,300,4.315,-1.47121645203424
235,275,300,4.3225,-2.47835122247096
235,275,300,4.33,2.86844167127999
235,275,300,4.3375,1.87640434010769
235,275,300,4.345,1.05299715410286
235,275,300,4.3525,-0.00371083932894962
235,275,300,4.36,-0.867443463612154
235,275,300,4.3675,-1.6773392362894
235,275,300,4.375,-2.34985352433626
235,275,300,4.3825,-3.092386660329
235,275,300,4.39,2.10931475152519
235,275,300,4.3975,1.13780329063463
235,275,300,4.405,0.259627777151066
235,275,300,4.4125,-0.388201880926766
235,275,300,4.42,-1.37782166311438
235,275,300,4.4275,-2.0317100502508
235,275,300,4.435,-3.01443752969526
235,275,300,4.4425,2.39276772245104
235,275,300,4.45,1.43426129521974
235,275,300,4.4575,0.582698974143852
235,275,300,4.465,-0.429319437994985
235,275,300,4.4725,-1.45222432275915
235,275,300,4.48,-2.50472742983699
235,275,300,4.4875,2.72057363184561
235,275,300,4.495,1.59301770413789
235,275,300,4.5025,0.619780302189073
235,275,300,4.51,-0.378751924661051
235,275,300,4.5175,-1.36754347587817
235,275,300,4.525,-2.32798253973475
235,275,300,4.5325,2.97579513627549
235,275,300,4.54,2.30084549941269
235,275,300,4.5475,1.26685415619745
235,275,300,4.555,0.0969448952656042
235,275,300,4.5625,-0.840952185821476
235,275,300,4.57,-1.93257361275004
235,275,300,4.5775,-3.05760466237866
235,275,300,4.585,2.26602380049856
235,275,300,4.5925,1.22804407637734
235,275,300,4.6,-0.0635360279073335
235,275,300,4.6075,-2.42035295760581
235,275,300,4.615,2.2450262958342
235,275,300,4.6225,0.840842932245996
235,275,300,4.63,-0.111195445024111
235,275,300,4.6375,-1.26429969318037
235,275,300,4.645,-2.20328379989722
235,275,300,4.6525,3.10715136535702
235,275,300,4.66,2.02516910849393
235,275,300,4.6675,0.853240591619889
235,275,300,4.675,-0.120206948511613
235,275,300,4.6825,-1.15075682061527
235,275,300,4.69,-1.95555758747643
235,275,300,4.6975,-3.00562134049437
235,275,300,4.705,2.30246544512954
235,275,300,4.7125,1.31574561051039
235,275,300,4.72,0.290948218317279
235,275,300,4.7275,-0.743048930557416
235,275,300,4.735,-1.77269153082194
235,275,300,4.7425,-2.7398821042729
235,275,300,4.75,2.46279468437399
235,275,300,4.7575,1.38411625644743
235,275,300,4.765,0.317316508111234
235,275,300,4.7725,-0.655032007134466
235,275,300,4.78,-1.74368793859573
235,275,300,4.7875,-2.74056116037644
235,275,300,4.795,2.52706560397709
235,275,300,4.8025,1.48234339258897
235,275,300,4.81,0.857495896542441
235,275,300,4.8175,-0.523467755389667
235,275,300,4.825,-1.35624408507815
235,275,300,4.8325,-2.73432561460705
235,275,300,4.84,1.84403944093972
235,275,300,4.8475,0.17689284114194
235,275,300,4.855,-1.4915792783147
235,275,300,4.8625,3.12138039513702
235,275,300,4.87,1.66721895002548
235,275,300,4.8775,0.624062740653526
235,275,300,4.885,-0.569884912220848
235,275,300,4.8925,-1.8774214673124
235,275,300,4.9,-2.95120326183216
235,275,300,4.9075,2.56854529028594
235,275,300,4.915,1.88823324689967
235,275,300,4.9225,1.08663930809909
235,275,300,4.93,-0.438452081717168
235,275,300,4.9375,-1.24763223470518
235,275,300,4.945,-2.23051061537955
235,275,300,4.9525,-2.19963432371853
235,275,300,4.96,2.91888601320054
235,275,300,4.9675,1.99093263366282
235,275,300,4.975,1.16546464018095
235,275,300,4.9825,0.0825197093337297
235,275,300,4.99,-0.951280842137468
235,275,300,4.9975,-2.15709419324937
235,275,300,5.005,-3.0649423360256
235,275,300,5.0125,2.18071073940093
235,275,300,5.02,1.15122086924693
235,275,300,5.0275,-0.27266354861009
235,275,300,5.035,-1.26249502817193
235,275,300,5.0425,-1.66260577717417
235,275,300,5.05,-2.73341495373511
235,275,300,5.0575,2.8186262862374
235,275,300,5.065,1.66141371777846
235,275,300,5.0725,2.07975022419412
235,275,300,5.08,1.32388660169084
235,275,300,5.0875,1.43545529474061
235,275,300,5.095,0.343152451252522
235,275,300,5.1025,-0.660887182811887
235,275,300,5.11,-1.78469574686843
235,275,300,5.1175,-3.06168964356192
235,275,300,5.125,2.14259352388109
235,275,300,5.1325,0.959694596187026
235,275,300,5.14,-0.0803780897318673
235,275,300,5.1475,-1.28332436440238
235,275,300,5.155,-2.53612660280165
235,275,300,5.1625,3.09286691627907
235,275,300,5.17,1.90538350292127
235,275,300,5.1775,1.33548879627382
235,275,300,5.185,0.913037786974945
235,275,300,5.1925,0.125940396146507
235,275,300,5.2,-0.711773225195735
235,275,300,5.2075,-1.7338979659605
235,275,300,5.215,-3.00382173695257
235,275,300,5.2225,2.2654600124298
235,275,300,5.23,1.56941258226599
235,275,300,5.2375,0.273873081014519
235,275,300,5.245,-0.774320343506897
235,275,300,5.2525,-2.22264404905377
235,275,300,5.26,3.10953519409459
235,275,300,5.2675,2.31484478558953
235,275,300,5.275,1.1404534163648
235,275,300,5.2825,-0.227941537597929
235,275,300,5.29,-1.50201054557977
235,275,300,5.2975,-2.8471374459416
235,275,300,5.305,2.22167727397728
235,275,300,5.3125,0.330595330408991
235,275,300,5.32,-0.404267865516911
235,275,300,5.3275,-1.92674920650986
235,275,300,5.335,-2.77009420108305
235,275,300,5.3425,2.23228089199079
235,275,300,5.35,1.34288042495899
235,275,300,5.3575,-0.0331094353273793
235,275,300,5.365,-1.07598673498335
235,275,300,5.3725,-1.88194674612794
235,275,300,5.38,-2.92995233309346
235,275,300,5.3875,2.27089940839
235,275,300,5.395,1.32866885536811
235,275,300,5.4025,0.316679994266426
235,275,300,5.41,-0.634353213089713
235,275,300,5.4175,-1.42579195889897
235,275,300,5.425,-2.52895031878729
235,275,300,5.4325,2.78413250496988
235,275,300,5.44,1.83885316078864
235,275,300,5.4475,0.79413322720541
235,275,300,5.455,-0.262506179486208
235,275,300,5.4625,-1.4438626955971
235,275,300,5.47,-2.3391051801325
235,275,300,5.4775,-3.00094163587277
235,275,300,5.485,2.08053348567893
235,275,300,5.4925,0.998107989579612
235,275,300,5.5,0.336072233418014
235,275,300,5.5075,-0.653014807147891
235,275,300,5.515,-1.63124695974734
235,275,300,5.5225,-2.05839959891583
235,275,300,5.53,2.61477197292356
235,275,300,5.5375,-3.09243349581742
235,275,300,5.545,2.39244995709555
235,275,300,5.5525,0.974655542946225
235,275,300,5.56,0.703474395885969
235,275,300,5.5675,-0.378134959556632
235,275,300,5.575,-0.816452520962644
235,275,300,5.5825,-1.87380403012412
235,275,300,5.59,-2.9433295852705
235,275,300,5.5975,2.17918243676525
235,275,300,5.605,1.68553577349174
235,275,300,5.6125,0.493789586793821
235,275,300,5.62,-0.542168917481803
235,275,300,5.6275,-1.63496956438753
235,275,300,5.635,-2.86797382165004
235,275,300,5.6425,2.52021469329311
235,275,300,5.65,1.29979574300076
235,275,300,5.6575,0.385536994798591
235,275,300,5.665,-0.336919378072393
235,275,300,5.6725,-1.67834619886953
235,275,300,5.68,-2.62520755634889
235,275,300,5.6875,-2.78553126747875
235,275,300,5.695,2.41758117213442
235,275,300,5.7025,1.51434337319338
235,275,300,5.71,0.307948481173698
235,275,300,5.7175,-0.96321922581226
235,275,300,5.725,-2.02060577166777
235,275,300,5.7325,1.98769851681349
235,275,300,5.74,2.95823021857268
235,275,300,5.7475,-1.67478304599054
235,275,300,5.755,2.65942099612774
235,275,300,5.7625,2.12986386064772
235,275,300,5.77,0.973177468225048
235,275,300,5.7775,-0.186146343355079
235,275,300,5.785,-1.52527316941465
235,275,300,5.7925,-2.1812486626948
235,275,300,5.8,-3.13754939842001
235,275,300,5.8075,2.1581625811571
235,275,300,5.815,1.34198095868609
235,275,300,5.8225,0.467798687684062
235,275,300,5.83,-0.480091694107939
235,275,300,5.8375,-1.44810728150194
235,275,300,5.845,-2.2787600387267
235,275,300,5.8525,2.88150660600123
235,275,300,5.86,1.83316275765869
235,275,300,5.8675,0.79866469463885
235,275,300,5.875,-0.202955228571808
235,275,300,5.8825,-1.1070718642161
235,275,300,5.89,-2.13576961890146
235,275,300,5.8975,2.98901437167181
235,275,300,5.905,1.76341432287689
235,275,300,5.9125,0.860338941955963
235,275,300,5.92,-0.0370056496598296
235,275,300,5.9275,-0.937458038280399
235,275,300,5.935,-2.19208243170571
235,275,300,5.9425,-3.04794696331563
235,275,300,5.95,2.04807842449958
235,275,300,5.9575,0.766330734417407
235,275,300,5.965,0.00563202711026732
235,275,300,5.9725,-0.66516593141331
235,275,300,5.98,-2.10076923761527
235,275,300,5.9875,2.37997368475903
235,275,300,5.995,1.13970119955278
235,275,300,6.0025,-1.00086906853098
235,275,300,6.01,-2.5099243151405
235,275,300,6.0175,2.1552974141172
235,275,300,6.025,1.78497141996575
235,275,300,6.0325,1.50656619912792
235,275,300,6.04,0.445850613148414
235,275,300,6.0475,-0.733235201455441
235,275,300,6.055,-2.03140099545553
235,275,300,6.0625,-2.67279212026035
235,275,300,6.07,2.54647029557053
235,275,300,6.0775,1.51497101371738
235,275,300,6.085,0.812920779291531
235,275,300,6.0925,0.0200502044553945
235,275,300,6.1,-1.14473361767007
235,275,300,6.1075,-2.29015042644915
235,275,300,6.115,2.98600586294733
235,275,300,6.1225,1.70523628394228
235,275,300,6.13,0.802926480291741
235,275,300,6.1375,-0.494216020877106
235,275,300,6.145,-1.4493792653702
235,275,300,6.1525,-2.51201797774902
235,275,300,6.16,2.56780200277359
235,275,300,6.1675,1.50336984006303
235,275,300,6.175,0.681699366092602
235,275,300,6.1825,-0.914809809301246
235,275,300,6.19,-1.36166821534981
235,275,300,6.1975,-2.26023641796828
235,275,300,6.205,2.48779586608706
235,275,300,6.2125,-0.558335721248473
235,275,300,6.22,-3.13724481309687
235,275,300,6.2275,-3.01474905097344
235,275,300,6.235,1.7378415075964
235,275,300,6.2425,0.869067205673847
235,275,300,6.25,-0.635518284443074
235,275,300,6.2575,-1.28940404041089
235,275,300,6.265,-2.55471742955657
235,275,300,6.2725,2.80748838182541
235,275,300,6.28,1.9181348090909
235,275,300,6.2875,0.738713626121918
235,275,300,6.295,-0.168044672753224
235,275,300,6.3025,-0.806223559084082
235,275,300,6.31,-1.63352053744957
235,275,300,6.3175,-2.89158048106994
235,275,300,6.325,2.86204671556791
235,275,300,6.3325,1.65961921849374
235,275,300,6.34,0.653494984117685
235,275,300,6.3475,-0.201965999170601
235,275,300,6.355,-1.37994635244555
235,275,300,6.3625,-2.32740930380697
235,275,300,6.37,2.93297764326121
235,275,300,6.3775,1.98447850989906
235,275,300,6.385,0.61014422811739
235,275,300,6.3925,0.0932833348623971
235,275,300,6.4,-1.15144673521598
235,275,300,6.4075,-1.89329728978267
235,275,300,6.415,-2.37537332550649
235,275,300,6.4225,3.02215627852146
235,275,300,6.43,2.23440762328352
235,275,300,6.4375,-2.9864229081168
235,275,300,6.445,1.31250537019892
235,275,300,6.4525,0.0917823251870014
235,275,300,6.46,-0.697473702298865
235,275,300,6.4675,-1.77395130953589
235,275,300,6.475,-2.27275051263891
235,275,300,6.4825,3.0705280826305
235,275,300,6.49,1.91014232136397
235,275,300,6.4975,0.795506922194362
235,275,300,6.505,0.116827216556022
235,275,300,6.5125,-0.85787506040115
235,275,300,6.52,-1.93772182816206
235,275,300,6.5275,-2.80346973210775
235,275,300,6.535,2.56904025345662
235,275,300,6.5425,1.91968681574555
235,275,300,6.55,0.71215837579429
235,275,300,6.5575,-0.235245077723241
235,275,300,6.565,-0.943726793806187
235,275,300,6.5725,-2.05944513524637
235,275,300,6.58,-2.79665176644226
235,275,300,6.5875,2.39604499028214
235,275,300,6.595,1.77390319556716
235,275,300,6.6025,0.579629023785975
235,275,300,6.61,-0.439106387723394
235,275,300,6.6175,-1.46869155356871
235,275,300,6.625,-2.57184853796084
235,275,300,6.6325,2.63966994760777
235,275,300,6.64,1.81847690786477
235,275,300,6.6475,0.972008982781288
235,275,300,6.655,0.025983522284156
235,275,300,6.6625,-0.828636518365292
235,275,300,6.67,-1.9058823851464
235,275,300,6.6775,-2.77998435033381
235,275,300,6.685,2.53137324148054
235,275,300,6.6925,1.22010953478642
235,275,300,6.7,0.846273216152641
235,275,300,6.7075,-0.30610561184655
235,275,300,6.715,-1.33773778814554
235,275,300,6.7225,-0.782816411816753
235,275,300,6.73,-1.40396977056833
235,275,300,6.7375,-2.88390656257653
235,275,300,6.745,2.86082969044609
235,275,300,6.7525,2.11560496136216
235,275,300,6.76,0.798676252917243
235,275,300,6.7675,0.304738148054416
235,275,300,6.775,-0.635675526047471
235,275,300,6.7825,-1.82343393349168
235,275,300,6.79,-2.97705125365711
235,275,300,6.7975,2.46982594846363
235,275,300,6.805,1.70535985867027
235,275,300,6.8125,0.757755534264758
235,275,300,6.82,-0.43332533265558
235,275,300,6.8275,-1.33121952561578
235,275,300,6.835,-2.27520897870957
235,275,300,6.8425,3.01494409943441
235,275,300,6.85,2.13641797437897
235,275,300,6.8575,1.22388436093976
235,275,300,6.865,0.0903140349686272
235,275,300,6.8725,-0.88657712187462
235,275,300,6.88,-1.81989255964512
235,275,300,6.8875,-2.90655251680198
235,275,300,6.895,2.3501151210005
235,275,300,6.9025,1.3496271113351
235,275,300,6.91,0.334138396422241
235,275,300,6.9175,-0.867467100298472
235,275,300,6.925,-1.58677312576029
235,275,300,6.9325,-2.51123886364833
235,275,300,6.94,-3.01541668288257
235,275,300,6.9475,2.40128362237004
235,275,300,6.955,1.99494133459313
235,275,300,6.9625,1.35861482773525
235,275,300,6.97,0.728550632355701
235,275,300,6.9775,-0.0718708054564352
235,275,300,6.985,-1.11586115224636
235,275,300,6.9925,-2.07386512830315
235,275,300,7,2.99386030161286
235,275,300,7.0075,2.16306187188084
235,275,300,7.015,1.11560851976556
235,275,300,7.0225,0.2197908917357
235,275,300,7.03,-0.910651737954574
235,275,300,7.0375,-1.80846078242242
235,275,300,7.045,-2.84492660326144
235,275,300,7.0525,2.42763540882624
235,275,300,7.06,1.60851647410198
235,275,300,7.0675,0.85333818830458
235,275,300,7.075,-0.446880322669176
235,275,300,7.0825,-1.1398620955961
235,275,300,7.09,-1.90733049896036
235,275,300,7.0975,-2.83993519003661
235,275,300,7.105,2.64832275107162
235,275,300,7.1125,1.64504284454398
235,275,300,7.12,0.604144897206377
235,275,300,7.1275,-0.108191105668412
235,275,300,7.135,-1.25240232526812
235,275,300,7.1425,-2.26669953274828
235,275,300,7.15,3.04379898339512
235,275,300,7.1575,2.09559287947684
235,275,300,7.165,1.30222139011806
235,275,300,7.1725,0.3672347234212
235,275,300,7.18,-0.627089901620775
235,275,300,7.1875,-1.73991073790168
235,275,300,7.195,-1.77465593197922
235,275,300,7.2025,-2.99598045719329
235,275,300,7.21,2.54524441091256
235,275,300,7.2175,1.65212273090999
235,275,300,7.225,0.766666475304852
235,275,300,7.2325,0.0338510323035588
235,275,300,7.24,-0.769521430518976
235,275,300,7.2475,-1.80325208610359
235,275,300,7.255,-2.80119025873627
235,275,300,7.2625,2.51891031790922
235,275,300,7.27,1.51672858517882
235,275,300,7.2775,0.431530586163885
235,275,300,7.285,-0.481911131871519
235,275,300,7.2925,-1.26686676168986
235,275,300,7.3,-2.06035010523843
235,275,300,7.3075,3.00332330374255
235,275,300,7.315,2.54195691179454
235,275,300,7.3225,1.74245107076625
235,275,300,7.33,0.96680475301521
235,275,300,7.3375,-0.0384980699719355
235,275,300,7.345,-1.28528637549425
235,275,300,7.3525,-2.14634641084325
235,275,300,7.36,-3.03615472021009
235,275,300,7.3675,2.23209490958938
235,275,300,7.375,1.39074616869137
235,275,300,7.3825,0.346726598586865
235,275,300,7.39,-0.719230132340449
235,275,300,7.3975,-1.66160050784857
235,275,300,7.405,-2.5713736146052
235,275,300,7.4125,2.60641868506242
235,275,300,7.42,1.59753661150222
235,275,300,7.4275,0.694558242126334
235,275,300,7.435,-0.556852614339474
235,275,300,7.4425,-1.00952430302156
235,275,300,7.45,-1.99566137726597
235,275,300,7.4575,3.10444245663451
235,275,300,7.465,3.11088290413209
235,275,300,7.4725,2.04039187847241
235,275,300,7.48,1.48799815866499
235,275,300,7.4875,0.344731444800732
235,275,300,7.495,-0.74162564969459
235,275,300,7.5025,-1.2051635852699
235,275,300,7.51,-2.22010304464351
235,275,300,7.5175,2.96838948174445
235,275,300,7.525,2.18412040711235
235,275,300,7.5325,1.27570316347184
235,275,300,7.54,0.274391314272673
235,275,300,7.5475,-0.772580177164191
235,275,300,7.555,-1.658708453541
235,275,300,7.5625,-2.55582930767106
235,275,300,7.57,2.78489152471307
235,275,300,7.5775,1.79063889314546
235,275,300,7.585,0.937382443396551
235,275,300,7.5925,-0.0120823327130294
235,275,300,7.6,-0.841684134060918
235,275,300,7.6075,-1.79844281648225
235,275,300,7.615,-2.63599466495812
235,275,300,7.6225,2.79336156253653
235,275,300,7.63,1.71623594297374
235,275,300,7.6375,0.765211696267228
235,275,300,7.645,-0.256022959921764
235,275,300,7.6525,-1.22757032591435
235,275,300,7.66,-2.0089709425325
235,275,300,7.6675,-2.99883926708847
235,275,300,7.675,2.16133581095086
235,275,300,7.6825,1.37154264564966
235,275,300,7.69,0.399388931748978
235,275,300,7.6975,0.335159032515141
235,275,300,7.705,-0.610539952399358
235,275,300,7.7125,-1.23870736655541
235,275,300,7.72,-2.18275905378735
235,275,300,7.7275,-3.09958244644619
235,275,300,7.735,2.29119562317044
235,275,300,7.7425,1.52109195064669
235,275,300,7.75,0.206185331475341
235,275,300,7.7575,-0.646638279373481
235,275,300,7.765,-1.71571472420061
235,275,300,7.7725,-2.52242094372972
235,275,300,7.78,2.58199205508703
235,275,300,7.7875,1.72513434000265
235,275,300,7.795,0.570897997738023
235,275,300,7.8025,-0.156870906614472
235,275,300,7.81,-1.41266847013535
235,275,300,7.8175,-2.19384781570137
235,275,300,7.825,-2.98098185466832
235,275,300,7.8325,2.33899945168686
235,275,300,7.84,1.27116174667571
235,275,300,7.8475,0.708765410092782
235,275,300,7.855,-0.366100883911922
235,275,300,7.8625,-1.17830045499833
235,275,300,7.87,-1.99685116956623
235,275,300,7.8775,-2.97309226752575
235,275,300,7.885,2.40798144749377
235,275,300,7.8925,1.30041823201415
235,275,300,7.9,0.426335110959338
235,275,300,7.9075,-0.541720014985677
235,275,300,7.915,-1.50376304609937
235,275,300,7.9225,-2.71897084861724
235,275,300,7.93,2.5922583886241
235,275,300,7.9375,1.67251007110019
235,275,300,7.945,1.41835972244547
235,275,300,7.9525,0.416900131137245
235,275,300,7.96,-0.582871377454643
235,275,300,7.9675,-0.876400433951697
235,275,300,7.975,-1.70986992817264
235,275,300,7.9825,-2.85201859123991
235,275,300,7.99,2.88429287997906
235,275,300,7.9975,1.89685484659641
235,275,300,8.005,0.991523747403403
235,275,300,8.0125,-0.0819545323659446
235,275,300,8.02,-1.06642119532786
235,275,300,8.0275,-2.01411735453807
235,275,300,8.035,-2.96328814376015
235,275,300,8.0425,2.38721523165339
235,275,300,8.05,1.56618203970461
235,275,300,8.0575,0.467105690778622
235,275,300,8.065,-0.22733713910835
235,275,300,8.0725,-1.29742354794464
235,275,300,8.08,-2.2037211499219
235,275,300,8.0875,-2.86842950504525
235,275,300,8.095,2.35645551685597
235,275,300,8.1025,1.38166545253059
235,275,300,8.11,0.658125996723927
235,275,300,8.1175,-0.396346532819629
235,275,300,8.125,-1.41277849233322
235,275,300,8.1325,-2.56856150351932
235,275,300,8.14,2.85582690838544
235,275,300,8.1475,1.98776908686646
235,275,300,8.155,0.992270828262895
235,275,300,8.1625,-0.109113535715329
235,275,300,8.17,-0.911904550319868
235,275,300,8.1775,-1.95326890176131
235,275,300,8.185,-2.65874955113255
235,275,300,8.1925,2.71975508079965
235,275,300,8.2,1.57222360313935
235,275,300,8.2075,1.2220107037283
235,275,300,8.215,-0.033985420386558
235,275,300,8.2225,-0.80750796301436
235,275,300,8.23,-1.43229873587135
235,275,300,8.2375,-2.28430327645821
235,275,300,8.245,2.92199066484996
235,275,300,8.2525,2.01559167110226
235,275,300,8.26,1.22796299060638
235,275,300,8.2675,0.273404738463852
235,275,300,8.275,-0.732235871730979
235,275,300,8.2825,-1.78864652513938
235,275,300,8.29,-2.79103343724012
235,275,300,8.2975,2.59555468606827
235,275,300,8.305,1.80712718390311
235,275,300,8.3125,0.881108984717675
235,275,300,8.32,0.0409476725598164
235,275,300,8.3275,-0.979049982182662
235,275,300,8.335,-1.7935046112156
235,275,300,8.3425,-2.82424651522548
235,275,300,8.35,2.62968512401424
235,275,300,8.3575,1.77610340570288
235,275,300,8.365,0.971916600562533
235,275,300,8.3725,-0.0116300462454593
235,275,300,8.38,-0.890511584244664
235,275,300,8.3875,-1.92333600992105
235,275,300,8.395,-2.92872427213311
235,275,300,8.4025,2.58934913631031
235,275,300,8.41,1.6377452041378
235,275,300,8.4175,0.693614503044551
235,275,300,8.425,-0.45247711081594
235,275,300,8.4325,-1.43659187396394
235,275,300,8.44,-2.35708815493096
235,275,300,8.4475,-2.5596853292938
235,275,300,8.455,2.95313315022698
235,275,300,8.4625,2.0255933416029
235,275,300,8.47,1.38977589078909
235,275,300,8.4775,0.393125643211027
235,275,300,8.485,-0.651774991402916
235,275,300,8.4925,-1.49520221483602
235,275,300,8.5,-2.5088551020309
235,275,300,8.5075,2.71855656386389
235,275,300,8.515,1.86186178158764
235,275,300,8.5225,0.791795157809677
235,275,300,8.53,-0.206477549078565
235,275,300,8.5375,-1.28901827055165
235,275,300,8.545,-2.36412484278981
235,275,300,8.5525,3.04088596168664
235,275,300,8.56,2.13719751532175
235,275,300,8.5675,1.06824382032742
235,275,300,8.575,0.163591365553055
235,275,300,8.5825,-0.667538434136793
235,275,300,8.59,-1.72460808499767
235,275,300,8.5975,-2.15563977661042
235,275,300,8.605,-3.00644995852493
235,275,300,8.6125,2.56103629635313
235,275,300,8.62,1.4810992888221
235,275,300,8.6275,0.490944985609605
235,275,300,8.635,-0.345545507177363
235,275,300,8.6425,-1.24984071866398
235,275,300,8.65,-2.20678068366916
235,275,300,8.6575,2.9505342542531
235,275,300,8.665,1.86669646538625
235,275,300,8.6725,0.846339378919491
235,275,300,8.68,-0.0358595228321808
235,275,300,8.6875,-0.876660661414271
235,275,300,8.695,-2.20086791514995
235,275,300,8.7025,-2.72117208149818
235,275,300,8.71,-2.90442398325134
235,275,300,8.7175,-3.1230781009006
235,275,300,8.725,1.52148477960608
235,275,300,8.7325,1.2974079802226
235,275,300,8.74,0.277408005395688
235,275,300,8.7475,-0.761702080014012
235,275,300,8.755,-1.66935798259488
235,275,300,8.7625,-2.68692881242319
235,275,300,8.77,2.58532010881791
235,275,300,8.7775,1.31502366197455
235,275,300,8.785,0.315925003721485
235,275,300,8.7925,-0.593551316503867
235,275,300,8.8,-1.56089322908976
235,275,300,8.8075,-2.51559401562762
235,275,300,8.815,2.79734098914861
235,275,300,8.8225,2.01241729282684
235,275,300,8.83,1.34462549584399
235,275,300,8.8375,0.173783316971016
235,275,300,8.845,-0.389351270484272
235,275,300,8.8525,-1.32131532817177
235,275,300,8.86,-2.32417899831909
235,275,300,8.8675,-3.05373381414834
235,275,300,8.875,2.18693128802308
235,275,300,8.8825,1.1127680503789
235,275,300,8.89,0.184126322641517
235,275,300,8.8975,-0.887519422435037
235,275,300,8.905,-1.69002405974824
235,275,300,8.9125,-2.5234046839909
235,275,300,8.92,3.05533448635344
235,275,300,8.9275,1.98492620025013
235,275,300,8.935,1.00410277583772
235,275,300,8.9425,0.102609863297358
235,275,300,8.95,-0.698554287759841
235,275,300,8.9575,-1.08590092065676
235,275,300,8.965,-2.56883008165769
235,275,300,8.9725,-2.84564302029017
235,275,300,8.98,2.44533758612837
235,275,300,8.9875,1.25674976083811
235,275,300,8.995,0.639155566072231
235,275,300,9.0025,-0.49246586508872
235,275,300,9.01,-1.61515717469371
235,275,300,9.0175,-2.5578633503904
235,275,300,9.025,2.70680641806764
235,275,300,9.0325,1.75567140420873
235,275,300,9.04,0.776519759578161
235,275,300,9.0475,-0.346014736541615
235,275,300,9.055,-1.29390553421361
235,275,300,9.0625,-2.3500390773111
235,275,300,9.07,3.11563581257567
235,275,300,9.0775,1.99028408798889
235,275,300,9.085,1.38571934342927
235,275,300,9.0925,0.457447660553423
235,275,300,9.1,0.264218721200926
235,275,300,9.1075,-0.540699819049174
235,275,300,9.115,-1.68516543489408
235,275,300,9.1225,-2.48676054632682
235,275,300,9.13,3.11860564726395
235,275,300,9.1375,1.89166981682791
235,275,300,9.145,1.09400417840474
235,275,300,9.1525,-0.085932375017457
235,275,300,9.16,-0.835314956991663
235,275,300,9.1675,-2.04936831323872
235,275,300,9.175,-2.93685895275903
235,275,300,9.1825,2.90481875366897
235,275,300,9.19,1.97318412900022
235,275,300,9.1975,1.18376081412749
235,275,300,9.205,-0.00997271390834374
235,275,300,9.2125,-0.69534537120111
235,275,300,9.22,-1.58130999398746
235,275,300,9.2275,-2.40062939649033
235,275,300,9.235,2.96796540614542
235,275,300,9.2425,2.11268975749935
235,275,300,9.25,1.09156908115982
235,275,300,9.2575,0.327864725430713
235,275,300,9.265,-0.722655524232491
235,275,300,9.2725,-1.87887019124555
235,275,300,9.28,-2.80997136725555
235,275,300,9.2875,2.51628456198644
235,275,300,9.295,1.63865064871101
235,275,300,9.3025,0.469989483714465
235,275,300,9.31,-0.384284914001434
235,275,300,9.3175,-1.34666689623968
235,275,300,9.325,-2.30339880815665
235,275,300,9.3325,3.00358063913561
235,275,300,9.34,1.96618997940524
235,275,300,9.3475,1.21442143512815
235,275,300,9.355,0.464376989377089
235,275,300,9.3625,-0.446584689245389
235,275,300,9.37,-1.27779655949585
235,275,300,9.3775,-2.22964230665666
235,275,300,9.385,2.74755132703011
235,275,300,9.3925,2.23209300857364
235,275,300,9.4,1.41352740057341
235,275,300,9.4075,0.448308932024792
235,275,300,9.415,-0.695861904765571
235,275,300,9.4225,-1.46684676810081
235,275,300,9.43,-2.80780980720608
235,275,300,9.4375,2.48134855925273
235,275,300,9.445,2.19305133980944
235,275,300,9.4525,1.39242842476653
235,275,300,9.46,0.00674809654765899
235,275,300,9.4675,-0.230143211101857
235,275,300,9.475,-0.893266996337622
235,275,300,9.4825,-1.72566544506411
235,275,300,9.49,-2.50589563932416
235,275,300,9.4975,2.71635976321658
235,275,300,9.505,1.64296263038552
235,275,300,9.5125,0.669915910587696
235,275,300,9.52,-0.197577419798387
235,275,300,9.5275,-1.15954929321932
235,275,300,9.535,-2.27255481643609
235,275,300,9.5425,2.99001349866184
235,275,300,9.55,1.96299936863679
235,275,300,9.5575,1.05839928616534
235,275,300,9.565,0.300904676215137
235,275,300,9.5725,-0.895962857728883
235,275,300,9.58,-1.87705271429784
235,275,300,9.5875,-2.70507790460067
235,275,300,9.595,2.62354641254442
235,275,300,9.6025,1.70441769296025
235,275,300,9.61,1.61024827156389
235,275,300,9.6175,0.309817660088993
235,275,300,9.625,-0.632192430741579
235,275,300,9.6325,-1.06904151483613
235,275,300,9.64,-1.72225256741017
235,275,300,9.6475,3.11211985997298
235,275,300,9.655,2.33723502084964
235,275,300,9.6625,1.25789609971981
235,275,300,9.67,0.0884829016556758
235,275,300,9.6775,-0.837300094968431
235,275,300,9.685,-1.79512513631804
235,275,300,9.6925,-2.61988829193763
235,275,300,9.7,2.77254937301873
235,275,300,9.7075,1.99392874184452
235,275,300,9.715,1.11615524434065
235,275,300,9.7225,0.66875152126359
235,275,300,9.73,-0.135224884747088
235,275,300,9.7375,-1.08358049536568
235,275,300,9.745,-2.14385411191074
235,275,300,9.7525,3.07763083374862
235,275,300,9.76,2.10284586026982
235,275,300,9.7675,1.05811457953788
235,275,300,9.775,0.0582670411111875
235,275,300,9.7825,-1.00226734097061
235,275,300,9.79,-2.10911385130544
235,275,300,9.7975,-3.05159742503839
235,275,300,9.805,2.38417786094507
235,275,300,9.8125,1.25097717504357
235,275,300,9.82,0.541320283009195
235,275,300,9.8275,-0.63849802620115
235,275,300,9.835,-1.49119619905041
235,275,300,9.8425,-2.38349563856596
235,275,300,9.85,-2.79651853852151
235,275,300,9.8575,2.2889407801518
235,275,300,9.865,1.32713908288757
235,275,300,9.8725,0.564196378027378
235,275,300,9.88,-0.41199453730552
235,275,300,9.8875,-1.00747277806002
235,275,300,9.895,-1.97865664539919
235,275,300,9.9025,-2.73557108876259
235,275,300,9.91,2.5055431259359
235,275,300,9.9175,1.83795978108655
235,275,300,9.925,0.671382540239348
235,275,300,9.9325,0.0575271572663161
235,275,300,9.94,-0.456856353124899
235,275,300,9.9475,-1.60053163511684
235,275,300,9.955,-2.23891031575882
235,275,300,9.9625,-3.03071473301977
235,275,300,9.97,2.48292231681312
235,275,300,9.9775,1.28041131438342
235,275,300,9.985,0.410960385095314
235,275,300,9.9925,-0.413077268740401
235,275,300,10,-1.47772409024919
235,275,300,10.0075,-2.47114162534642
235,275,300,10.015,2.75511312808566
235,275,300,10.0225,1.48298109197262
235,275,300,10.03,0.691168459176524
235,275,300,10.0375,-0.363371784171357
235,275,300,10.045,-1.25938890892135
235,275,300,10.0525,-2.41565719070865
235,275,300,10.06,2.7828209121027
235,275,300,10.0675,1.99680485325465
235,275,300,10.075,0.941546712746697
235,275,300,10.0825,0.128211060671962
235,275,300,10.09,-0.77409192701745
235,275,300,10.0975,-1.63034970942823
235,275,300,10.105,-2.61456293243865
235,275,300,10.1125,2.82919985561291
235,275,300,10.12,1.94620479870585
235,275,300,10.1275,1.09674860518256
235,275,300,10.135,0.422559923013561
235,275,300,10.1425,-0.743052229713243
235,275,300,10.15,-1.45350165478661
235,275,300,10.1575,-2.53174069607275
235,275,300,10.165,3.00560894758326
235,275,300,10.1725,2.006368574899
235,275,300,10.18,1.58584485351201
235,275,300,10.1875,0.71137121096953
235,275,300,10.195,-0.0568990443042894
235,275,300,10.2025,-1.33692598647281
235,275,300,10.21,-1.87591839172104
235,275,300,10.2175,-2.5164332417693
235,275,300,10.225,2.89285594543733
235,275,300,10.2325,1.99253972113102
235,275,300,10.24,0.749019330587794
235,275,300,10.2475,-0.0478279516941934
235,275,300,10.255,-1.21962660635866
235,275,300,10.2625,-2.03992362140711
235,275,300,10.27,-3.11652670759753
235,275,300,10.2775,2.13845767802676
235,275,300,10.285,1.02127590220017
235,275,300,10.2925,0.154800157632063
235,275,300,10.3,-1.16647893616415
235,275,300,10.3075,-1.80982491193829
235,275,300,10.315,-2.74198631772911
235,275,300,10.3225,2.68578852887646
235,275,300,10.33,1.69086552467799
235,275,300,10.3375,0.893702034228199
235,275,300,10.345,0.140733450466135
235,275,300,10.3525,-0.849887502346431
235,275,300,10.36,-1.49604437459582
235,275,300,10.3675,-2.54523480103457
235,275,300,10.375,-2.96247901654555
235,275,300,10.3825,2.37098232894708
235,275,300,10.39,1.29164110453839
235,275,300,10.3975,0.837355590116159
235,275,300,10.405,-0.729126074938333
235,275,300,10.4125,-1.42446493663391
235,275,300,10.42,-1.90445631104199
235,275,300,10.4275,-3.06562104543583
235,275,300,10.435,2.7219366280666
235,275,300,10.4425,1.33970825122849
235,275,300,10.45,0.509202809474362
235,275,300,10.4575,-0.0851593570652641
235,275,300,10.465,-1.20714327553221
235,275,300,10.4725,-2.23001431833269
235,275,300,10.48,3.00502636944999
235,275,300,10.4875,2.34088442218609
235,275,300,10.495,1.51172289924697
235,275,300,10.5025,0.277238898704713
235,275,300,10.51,-0.670323249489731
235,275,300,10.5175,-1.57109547967747
235,275,300,10.525,-2.59758638253484
235,275,300,10.5325,2.80171121048862
235,275,300,10.54,1.7323106903564
235,275,300,10.5475,0.944755174771705
235,275,300,10.555,-0.464736010763368
235,275,300,10.5625,-1.52726627099416
235,275,300,10.57,-2.33701452541404
235,275,300,10.5775,2.9803590932836
235,275,300,10.585,1.78143949735677
235,275,300,10.5925,0.529304943526063
235,275,300,10.6,-0.201169597381565
235,275,300,10.6075,-1.09039930448059
235,275,300,10.615,-2.59350235745808
235,275,300,10.6225,2.40095460988421
235,275,300,10.63,0.168915001786672
235,275,300,10.6375,1.01569383444014
235,275,300,10.645,-2.56424052660114
235,275,300,10.6525,2.89221281127406
235,275,300,10.66,1.13260856905771
235,275,300,10.6675,0.198741065857492
235,275,300,10.675,-0.752945404015909
235,275,300,10.6825,-1.91405233817412
235,275,300,10.69,-2.59766619077775
235,275,300,10.6975,2.66073726697723
235,275,300,10.705,1.71821280003301
235,275,300,10.7125,0.373095134830075
235,275,300,10.72,-0.666730603595193
235,275,300,10.7275,-1.34451272732899
235,275,300,10.735,-2.19027241596524
235,275,300,10.7425,-2.87462392349433
235,275,300,10.75,2.09064970264261
235,275,300,10.7575,0.880771319424779
235,275,300,10.765,-0.0118708493281302
235,275,300,10.7725,-1.02337921965161
235,275,300,10.78,-2.00692108732026
235,275,300,10.7875,-3.04538231589946
235,275,300,10.795,2.0901643670352
235,275,300,10.8025,1.50612759705316
235,275,300,10.81,0.391199668149154
235,275,300,10.8175,-0.819906259043996
235,275,300,10.825,-1.70281956533769
235,275,300,10.8325,-2.58821749417534
235,275,300,10.84,2.59524108585994
235,275,300,10.8475,1.35513107480621
235,275,300,10.855,0.552126751619757
235,275,300,10.8625,-1.55840612057938
235,275,300,10.87,-2.00429485039157
235,275,300,10.8775,0.347955862265164
235,275,300,10.885,0.0710309793828947
235,275,300,10.8925,-2.09318150422576
235,275,300,10.9,2.95186110371461
235,275,300,10.9075,1.76447027965605
235,275,300,10.915,1.03317937169946
235,275,300,10.9225,-0.0452644026375839
235,275,300,10.93,-0.880901059583476
235,275,300,10.9375,-2.07773724162919
235,275,300,10.945,-2.90863391829635
235,275,300,10.9525,2.23800566329406
235,275,300,10.96,1.44157258813528
235,275,300,10.9675,0.558400272774171
235,275,300,10.975,-0.187972863646853
235,275,300,10.9825,-1.43624777655926
235,275,300,10.99,-1.73977801655545
235,275,300,10.9975,-2.92334400781017
235,275,300,11.005,2.37711212114586
235,275,300,11.0125,1.78668819013813
235,275,300,11.02,0.583513875196212
235,275,300,11.0275,-0.204112375726737
235,275,300,11.035,-1.68128032670755
235,275,300,11.0425,-2.42028739161737
235,275,300,11.05,3.11874095745026
235,275,300,11.0575,1.81779574591831
235,275,300,11.065,0.628410283478621
235,275,300,11.0725,-0.689281147448792
235,275,300,11.08,-0.536986721532409
235,275,300,11.0875,-1.65059198210185
235,275,300,11.095,-2.51177417848213
235,275,300,11.1025,2.792706987422
235,275,300,11.11,2.16255136326336
235,275,300,11.1175,2.88778995488469
235,275,300,11.125,1.00871453310198
235,275,300,11.1325,0.183537754056317
235,275,300,11.14,0.0173173989639929
235,275,300,11.1475,-1.33373244673096
235,275,300,11.155,-2.34779872319565
235,275,300,11.1625,3.12609926571324
235,275,300,11.17,1.70500634081342
235,275,300,11.1775,0.792786971321061
235,275,300,11.185,-0.0899344558449783
235,275,300,11.1925,-1.03790247312603
235,275,300,11.2,-1.86475356716577
235,275,300,11.2075,-3.04604469230793
235,275,300,11.215,2.32247437948265
235,275,300,11.2225,1.30413267990569
235,275,300,11.23,0.693390828627223
235,275,300,11.2375,-0.537288498614381
235,275,300,11.245,-1.35140864824215
235,275,300,11.2525,-2.84766772300703
235,275,300,11.26,2.86120773675177
235,275,300,11.2675,2.14727034906103
235,275,300,11.275,1.19450833810047
235,275,300,11.2825,-0.139374396352726
235,275,300,11.29,-0.944311794982802
235,275,300,11.2975,-2.13785273492256
235,275,300,11.305,-3.1340536440395
235,275,300,11.3125,2.10831706139192
235,275,300,11.32,1.23585957160978
235,275,300,11.3275,-0.00412337304513254
235,275,300,11.335,-0.706827966385027
235,275,300,11.3425,-1.9925705830605
235,275,300,11.35,2.93910497765671
235,275,300,11.3575,2.00512079397653
235,275,300,11.365,-0.115425407014458
235,275,300,11.3725,-2.01802193564372
235,275,300,11.38,2.07530988910683
235,275,300,11.3875,1.31089083347503
235,275,300,11.395,0.0915419762576125
235,275,300,11.4025,-0.692935694391191
235,275,300,11.41,-1.80540877658816
235,275,300,11.4175,-2.48351729416184
235,275,300,11.425,2.84840227424308
235,275,300,11.4325,1.54351444185765
235,275,300,11.44,0.671733490746961
235,275,300,11.4475,-0.347367016748882
235,275,300,11.455,-1.25834895146365
235,275,300,11.4625,-2.37211071344051
235,275,300,11.47,2.96095779275508
235,275,300,11.4775,2.21058882188255
235,275,300,11.485,1.17038054588345
235,275,300,11.4925,0.0209732249116069
235,275,300,11.5,-0.541640049813506
235,275,300,11.5075,-1.49011882909927
235,275,300,11.515,-2.59016975359552
235,275,300,11.5225,2.86490290629443
235,275,300,11.53,1.93858177509304
235,275,300,11.5375,1.27537464807034
235,275,300,11.545,0.328521813345906
235,275,300,11.5525,-0.894065119506505
235,275,300,11.56,-2.06606212912759
235,275,300,11.5675,2.91770047438499
235,275,300,11.575,2.29310638089956
235,275,300,11.5825,1.55330027859374
235,275,300,11.59,0.866039616258266
235,275,300,11.5975,0.751390581612142
235,275,300,11.605,-1.08731208398125
235,275,300,11.6125,-1.14967667071017
235,275,300,11.62,-1.9038737102797
235,275,300,11.6275,-3.0728200817392
235,275,300,11.635,1.97500151535567
235,275,300,11.6425,1.26941706429291
235,275,300,11.65,0.0131166378230223
235,275,300,11.6575,-0.575528580756772
235,275,300,11.665,-1.4336622326207
235,275,300,11.6725,-2.36864540907627
235,275,300,11.68,2.51360895074694
235,275,300,11.6875,2.04233096747664
235,275,300,11.695,0.922898288640806
235,275,300,11.7025,-0.389423192677921
235,275,300,11.71,-1.15919098872173
235,275,300,11.7175,-2.23757528528407
235,275,300,11.725,2.96563336875601
235,275,300,11.7325,2.09317294229999
235,275,300,11.74,1.03285837901083
235,275,300,11.7475,0.308557003722242
235,275,300,11.755,-0.627642794046354
235,275,300,11.7625,-1.13250405326578
235,275,300,11.77,-2.321891694129
235,275,300,11.7775,-2.48666199290024
235,275,300,11.785,3.09085955937036
235,275,300,11.7925,2.03467918187793
235,275,300,11.8,0.852221231781272
235,275,300,11.8075,-0.423347390863609
235,275,300,11.815,-0.433451120461934
235,275,300,11.8225,-1.98112826101728
235,275,300,11.83,-2.8514387057709
235,275,300,11.8375,2.76382921661801
235,275,300,11.845,2.25944835531381
235,275,300,11.8525,2.16048985458467
235,275,300,11.86,1.39144985785297
235,275,300,11.8675,-0.0898071918984302
235,275,300,11.875,-0.973817836186673
235,275,300,11.8825,-2.04475933637716
235,275,300,11.89,-2.93487555644044
235,275,300,11.8975,2.26631141046752
235,275,300,11.905,1.27283814953721
235,275,300,11.9125,0.226819637550173
235,275,300,11.92,-0.689964787181093
235,275,300,11.9275,-1.74019789930044
235,275,300,11.935,-2.84045872835765
235,275,300,11.9425,2.29475612156641
235,275,300,11.95,1.3692282934575
235,275,300,11.9575,0.204805879954963
235,275,300,11.965,-0.752084761392611
235,275,300,11.9725,-1.65713138655136
235,275,300,11.98,-2.56552588137589
235,275,300,11.9875,2.65651896232215
235,275,300,11.995,1.78884607006956
235,275,300,12.0025,0.544135363615722
235,275,300,12.01,-0.21685460071182
235,275,300,12.0175,-0.981065518960439
235,275,300,12.025,-2.03398566285724
235,275,300,12.0325,-2.76763762457447
235,275,300,12.04,2.29641087396926
235,275,300,12.0475,1.88999080403113
235,275,300,12.055,0.780269877468504
235,275,300,12.0625,-0.242056641084427
235,275,300,12.07,-1.43750697728513
235,275,300,12.0775,-2.65509141751763
235,275,300,12.085,-2.37184972174839
235,275,300,12.0925,-2.89480450251482
235,275,300,12.1,0.11090492032105
235,275,300,12.1075,2.43570269343243
235,275,300,12.115,2.46099805007179
235,275,300,12.1225,1.0449562617738
235,275,300,12.13,-0.130404088676951
235,275,300,12.1375,-1.33012899365609
235,275,300,12.145,-2.19399910838728
235,275,300,12.1525,3.12780529835659
235,275,300,12.16,1.67794430261146
235,275,300,12.1675,0.586965109121936
235,275,300,12.175,-0.0662608647407685
235,275,300,12.1825,-1.15016088349825
235,275,300,12.19,-2.16582193072934
235,275,300,12.1975,-3.1319892543072
235,275,300,12.205,1.98900599557273
235,275,300,12.2125,0.926667627356942
235,275,300,12.22,0.00206463834612378
235,275,300,12.2275,-1.14269460926733
235,275,300,12.235,-2.08924084002984
235,275,300,12.2425,-2.71718923148388
235,275,300,12.25,2.32015777110383
235,275,300,12.2575,1.82136765152395
235,275,300,12.265,2.01348162787434
235,275,300,12.2725,0.538859073804283
235,275,300,12.28,0.25727347887278
235,275,300,12.2875,-0.850934550594295
235,275,300,12.295,-2.30803336744782
235,275,300,12.3025,-3.13635558869478
235,275,300,12.31,2.29563094298877
235,275,300,12.3175,0.97646729175829
235,275,300,12.325,0.267074908911045
235,275,300,12.3325,-0.508987347734179
235,275,300,12.34,-1.14766107234632
235,275,300,12.3475,-2.05641975565038
235,275,300,12.355,-2.96002177572892
235,275,300,12.3625,2.36102979061198
235,275,300,12.37,1.79665624280171
235,275,300,12.3775,0.540832409607638
235,275,300,12.385,-0.276594033302614
235,275,300,12.3925,-1.4380381182192
235,275,300,12.4,-2.12666286155242
235,275,300,12.4075,-3.12772308536254
235,275,300,12.415,1.99515100187683
235,275,300,12.4225,0.878720541984134
235,275,300,12.43,-0.0898294146450057
235,275,300,12.4375,-0.758792247598407
235,275,300,12.445,-1.80359722267048
235,275,300,12.4525,-2.99785177849008
235,275,300,12.46,2.32542970303095
235,275,300,12.4675,0.91700297633532
235,275,300,12.475,0.172363237080103
235,275,300,12.4825,-0.719513315495872
235,275,300,12.49,-1.79568849786829
235,275,300,12.4975,2.71721810103234
235,275,300,12.505,1.99765277532314
235,275,300,12.5125,0.459415184108037
235,275,300,12.52,0.392374864088103
235,275,300,12.5275,1.97590676954199
235,275,300,12.535,1.85019732728122
235,275,300,12.5425,-0.210975936160003
235,275,300,12.55,-0.938127123986768
235,275,300,12.5575,-1.68567735458524
235,275,300,12.565,3.07010750092833
235,275,300,12.5725,2.53217384794966
235,275,300,12.58,2.15692812826665
235,275,300,12.5875,0.344032905102887
235,275,300,12.595,-0.354736519254855
235,275,300,12.6025,-1.20362826910349
235,275,300,12.61,-2.26158841252014
235,275,300,12.6175,-2.77811702511142
235,275,300,12.625,2.25195696501001
235,275,300,12.6325,1.35138911507563
235,275,300,12.64,0.363217329469725
235,275,300,12.6475,-0.684821598162958
235,275,300,12.655,-1.52747660792246
235,275,300,12.6625,-2.36862318075227
235,275,300,12.67,2.70269785455417
235,275,300,12.6775,1.80389278612896
235,275,300,12.685,0.582150485050501
235,275,300,12.6925,-0.538497176227114
235,275,300,12.7,-1.45038231425782
235,275,300,12.7075,-2.38019300182785
235,275,300,12.715,2.84955912327059
235,275,300,12.7225,1.71367565344507
235,275,300,12.73,0.573290546792608
235,275,300,12.7375,-0.607765720021289
235,275,300,12.745,-1.53323312877219
235,275,300,12.7525,2.67863115710865
235,275,300,12.76,1.70448156701719
235,275,300,12.7675,1.07319543494761
235,275,300,12.775,0.963447987095305
235,275,300,12.7825,-0.80639631739835
235,275,300,12.79,2.40322220145219
235,275,300,12.7975,-2.365879640335
235,275,300,12.805,0.501417892262561
235,275,300,12.8125,-1.14985229711196
235,275,300,12.82,-2.54148322866159
235,275,300,12.8275,-3.09231901558082
235,275,300,12.835,1.94024396591062
235,275,300,12.8425,0.770000226584574
235,275,300,12.85,0.192238270751695
235,275,300,12.8575,-1.43830810758783
235,275,300,12.865,-1.48370079000901
235,275,300,12.8725,-2.92699008071639
235,275,300,12.88,3.07932451261124
235,275,300,12.8875,1.70558413302216
235,275,300,12.895,0.860214090414595
235,275,300,12.9025,0.126976444192226
235,275,300,12.91,-1.24220028832112
235,275,300,12.9175,-2.06511261151332
235,275,300,12.925,2.73644528340543
235,275,300,12.9325,2.40753520371879
235,275,300,12.94,1.15692176681315
235,275,300,12.9475,0.695294319123737
235,275,300,12.955,-0.963723604573638
235,275,300,12.9625,-2.35470188403596
235,275,300,12.97,2.99720177145716
235,275,300,12.9775,2.3828282111718
235,275,300,12.985,0.56413370653889
235,275,300,12.9925,-0.678748475212621
235,275,300,13,-1.25766795581203
235,275,300,13.0075,-2.87234204673057
235,275,300,13.015,2.49314563068706
235,275,300,13.0225,0.500927163487673
235,275,300,13.03,-2.15071251239838
235,275,300,13.0375,3.11940235492179
235,275,300,13.045,2.36448830136438
235,275,300,13.0525,1.86648633563658
235,275,300,13.06,0.536822321173919
235,275,300,13.0675,-0.450116200538496
235,275,300,13.075,-2.09710783278382
235,275,300,13.0825,-2.65508741049348
235,275,300,13.09,2.75999116956709
235,275,300,13.0975,1.89783720880322
235,275,300,13.105,0.572265730667027
235,275,300,13.1125,-0.644655077567564
235,275,300,13.12,-0.676771887945668
235,275,300,13.1275,-1.94098164623743
235,275,300,13.135,-3.12065714858697
235,275,300,13.1425,2.2952548387774
235,275,300,13.15,1.17982773821965
235,275,300,13.1575,0.0748149549633901
235,275,300,13.165,-0.726813214783783
235,275,300,13.1725,-1.68248916240935
235,275,300,13.18,-2.58142720404601
235,275,300,13.1875,2.64751174241967
235,275,300,13.195,1.28471011206125
235,275,300,13.2025,0.235195365836153
235,275,300,13.21,-0.767598549368404
235,275,300,13.2175,-1.93443416100117
235,275,300,13.225,-2.70502932927254
235,275,300,13.2325,2.08434833564419
235,275,300,13.24,0.725406610880853
235,275,300,13.2475,-1.18791191628463
235,275,300,13.255,-2.93257116930655
235,275,300,13.2625,-3.11251117316626
235,275,300,13.27,0.265439660092342
235,275,300,13.2775,0.0208303914913725
235,275,300,13.285,-1.0521599397406
235,275,300,13.2925,-2.22269408310501
235,275,300,13.3,-3.1065468433687
235,275,300,13.3075,1.83339152459264
235,275,300,13.315,1.04352141706692
235,275,300,13.3225,0.152148791659117
235,275,300,13.33,-0.907747447361456
235,275,300,13.3375,-1.70738607764456
235,275,300,13.345,-2.73895088279503
235,275,300,13.3525,2.63183291813743
235,275,300,13.36,1.20549776285369
235,275,300,13.3675,0.729794677030917
235,275,300,13.375,-0.253958968583453
235,275,300,13.3825,-1.2628476355614
235,275,300,13.39,-2.47629837920807
235,275,300,13.3975,-3.13815892833566
235,275,300,13.405,1.85723324149053
235,275,300,13.4125,0.896855138305483
235,275,300,13.42,0.325488695994017
235,275,300,13.4275,-0.732026590186136
235,275,300,13.435,-1.79432413924603
235,275,300,13.4425,-2.86942597245837
235,275,300,13.45,2.15425550992562
235,275,300,13.4575,1.00929658951524
235,275,300,13.465,0.529686678933107
235,275,300,13.4725,-0.809862798488072
235,275,300,13.48,-1.8074777282637
235,275,300,13.4875,-2.76827441051825
235,275,300,13.495,2.67784420056656
235,275,300,13.5025,1.22407836001763
235,275,300,13.51,1.85097331895138
235,275,300,13.5175,1.75355315419436
235,275,300,13.525,1.47965208264571
235,275,300,13.5325,-0.0467484961340356
235,275,300,13.54,-0.687055193498393
235,275,300,13.5475,-2.14027150595851
235,275,300,13.555,3.00811958662366
235,275,300,13.5625,1.67263462267924
235,275,300,13.57,1.03745766893672
235,275,300,13.5775,0.58379784375693
235,275,300,13.585,-1.18470774536202
235,275,300,13.5925,-1.80531556836716
235,275,300,13.6,-2.77854978761038
235,275,300,13.6075,2.59669479000083
235,275,300,13.615,1.67765844392088
235,275,300,13.6225,0.239547070034701
235,275,300,13.63,0.556076626174186
235,275,300,13.6375,-0.820318801657554
235,275,300,13.645,-1.29209901323645
235,275,300,13.6525,-2.68778514107221
235,275,300,13.66,2.85832805583237
235,275,300,13.6675,2.23469934502096
235,275,300,13.675,0.859554911224576
235,275,300,13.6825,-0.0799905232577441
235,275,300,13.69,-0.811268066133148
235,275,300,13.6975,-2.37378837133125
235,275,300,13.705,-3.10923911552326
235,275,300,13.7125,1.94932267010962
235,275,300,13.72,0.946036482557831
235,275,300,13.7275,0.218218083268992
235,275,300,13.735,-0.741615245618296
235,275,300,13.7425,-0.679954013322241
235,275,300,13.75,-1.1787289306008
235,275,300,13.7575,-2.23419339992242
235,275,300,13.765,-2.54160944716464
235,275,300,13.7725,2.42054716635291
235,275,300,13.78,1.41131251017462
235,275,300,13.7875,0.778995597913346
235,275,300,13.795,-0.709376133838691
235,275,300,13.8025,-1.28398446986173
235,275,300,13.81,-2.56932652345529
235,275,300,13.8175,2.60310369105131
235,275,300,13.825,1.57782087853209
235,275,300,13.8325,0.797670042552657
235,275,300,13.84,-0.355306057271919
235,275,300,13.8475,-1.4998939297064
235,275,300,13.855,-1.97743695142824
235,275,300,13.8625,-2.87235038453965
235,275,300,13.87,2.54625306990718
235,275,300,13.8775,1.46492895394583
235,275,300,13.885,0.64038599821519
235,275,300,13.8925,-0.360191206418836
235,275,300,13.9,-1.24197892147205
235,275,300,13.9075,-2.02614087674721
235,275,300,13.915,3.03214985804205
235,275,300,13.9225,2.35561102955154
235,275,300,13.93,1.61690687808785
235,275,300,13.9375,-0.24875571092867
235,275,300,13.945,-1.10596402834776
235,275,300,13.9525,-2.23881527525154
235,275,300,13.96,-3.13154650420893
235,275,300,13.9675,1.96443909835252
235,275,300,13.975,1.55667134481599
235,275,300,13.9825,0.687849229617352
235,275,300,13.99,3.11552657034458
235,275,300,13.9975,1.07402440434339
235,275,300,14.005,1.267868514064
235,275,300,14.0125,0.480141523845872
235,275,300,14.02,-1.25274080650822
235,275,300,14.0275,-3.03874659456493
235,275,300,14.035,2.43912246424229
235,275,300,14.0425,1.59522378978148
235,275,300,14.05,0.307204806628286
235,275,300,14.0575,-0.614396683863635
235,275,300,14.065,-1.70476242421953
235,275,300,14.0725,-2.71838549235633
235,275,300,14.08,2.2532591681707
235,275,300,14.0875,1.50964059456992
235,275,300,14.095,0.204304207904505
235,275,300,14.1025,-0.737436018717143
235,275,300,14.11,-2.32543893505786
235,275,300,14.1175,-2.59290212836024
235,275,300,14.125,2.29261692920632
235,275,300,14.1325,2.66673645785832
235,275,300,14.14,0.846258548921499
235,275,300,14.1475,0.706825369862835
235,275,300,14.155,-1.13909536678284
235,275,300,14.1625,-1.51668207046035
235,275,300,14.17,-2.72930241379101
235,275,300,14.1775,-2.87924767843776
235,275,300,14.185,1.86136458716662
235,275,300,14.1925,1.03222860956856
235,275,300,14.2,0.11651290339923
235,275,300,14.2075,-1.37530446664085
235,275,300,14.215,-2.05997174663839
235,275,300,14.2225,-2.68708548798868
235,275,300,14.23,2.16820186981343
235,275,300,14.2375,1.57752204326123
235,275,300,14.245,-0.00193365414345867
235,275,300,14.2525,0.0455835706957317
235,275,300,14.26,-0.736750291484811
235,275,300,14.2675,-1.24596548149382
235,275,300,14.275,-2.7815292751316
235,275,300,14.2825,-3.09406638737016
235,275,300,14.29,2.38493891042777
235,275,300,14.2975,1.60566427692126
235,275,300,14.305,0.653084426722201
235,275,300,14.3125,-1.05629611131846
235,275,300,14.32,-1.67164774770657
235,275,300,14.3275,-3.0391180024748
235,275,300,14.335,2.51106193845848
235,275,300,14.3425,1.59507832236732
235,275,300,14.35,0.702321364016909
235,275,300,14.3575,-0.328172137953379
235,275,300,14.365,-2.10956506277568
235,275,300,14.3725,-2.7124481036705
235,275,300,14.38,2.1917143958029
235,275,300,14.3875,2.07527066372841
235,275,300,14.395,-2.06432100391726
235,275,300,14.4025,0.189995185862075
235,275,300,14.41,0.512155727625538
235,275,300,14.4175,-1.30333871991887
235,275,300,14.425,-1.13600648903376
235,275,300,14.4325,2.03224788201026
235,275,300,14.44,2.68421532924291
235,275,300,14.4475,0.690594476209585
235,275,300,14.455,0.225916286265027
235,275,300,14.4625,-0.64660443580289
235,275,300,14.47,-2.46988856349948
235,275,300,14.4775,-2.22655303462605
235,275,300,14.485,1.83867421902745
235,275,300,14.4925,2.34832101678949
235,275,300,14.5,2.64738208184885
235,275,300,14.5075,1.38452523037347
235,275,300,14.515,0.138779910177971
235,275,300,14.5225,-0.715494368818535
235,275,300,14.53,-0.586183423206866
235,275,300,14.5375,-2.82770451516366
235,275,300,14.545,-2.77961256078952
235,275,300,14.5525,1.90669768639625
235,275,300,14.56,0.937805102818836
235,275,300,14.5675,-0.152036162004708
235,275,300,14.575,-1.14643200746009
235,275,300,14.5825,-2.08038293965889
235,275,300,14.59,3.13475095331964
235,275,300,14.5975,2.23124915470941
235,275,300,14.605,1.09475282147704
235,275,300,14.6125,0.649087553612019
235,275,300,14.62,-0.460571036938367
235,275,300,14.6275,-1.67300565637988
235,275,300,14.635,-2.93696279219872
235,275,300,14.6425,2.55508650440166
235,275,300,14.65,1.42057138060394
235,275,300,14.6575,-0.126978520869852
235,275,300,14.665,-0.432596234616031
235,275,300,14.6725,-0.773187629185198
235,275,300,14.68,-1.69545082678491
235,275,300,14.6875,3.07638782187213
235,275,300,14.695,2.9383725281965
235,275,300,14.7025,2.41853463360365
235,275,300,14.71,0.894812769202649
235,275,300,14.7175,-0.157800657287242
235,275,300,14.725,-0.921564107472522
235,275,300,14.7325,-1.91687684600089
235,275,300,14.74,-1.55785124115358
235,275,300,14.7475,-1.7092481281951
235,275,300,14.755,-2.03069062360077
235,275,300,14.7625,2.07571368819186
235,275,300,14.77,1.30723863783084
235,275,300,14.7775,-0.225453797807658
235,275,300,14.785,-1.32566203832257
235,275,300,14.7925,-1.37932251395509
235,275,300,14.8,-2.5118342423311
235,275,300,14.8075,2.78608365775356
235,275,300,14.815,1.29841657951986
235,275,300,14.8225,0.650311093922739
235,275,300,14.83,-0.335917891736716
235,275,300,14.8375,-1.32272678998086
235,275,300,14.845,-2.33437106779608
235,275,300,14.8525,2.36247722696063
235,275,300,14.86,1.47004476703397
235,275,300,14.8675,0.308509285418834
235,275,300,14.875,-1.33376906053734
235,275,300,14.8825,-1.71807774120949
235,275,300,14.89,-0.781964858592006
235,275,300,14.8975,2.73029553641171
235,275,300,14.905,-2.99042278590112
235,275,300,14.9125,-2.36628496311734
235,275,300,14.92,3.09704359527796
235,275,300,14.9275,-1.04479731749742
235,275,300,14.935,-0.802564544316094
235,275,300,14.9425,-2.76158081855638
235,275,300,14.95,-1.16081254657338
235,275,300,14.9575,-2.40716128586554
235,275,300,14.965,-2.36633393623026
235,275,300,14.9725,2.40689620494531
235,275,300,14.98,0.773188166778672
235,275,300,14.9875,0.222130813895965
235,275,300,14.995,-0.717404422952582
235,275,300,15.0025,-1.29009458267972
235,275,300,15.01,-2.77580919495249
235,275,300,15.0175,2.69961212121628
235,275,300,15.025,2.44932318711386
235,275,300,15.0325,0.280669638106749
235,275,300,15.04,-0.252434290902824
235,275,300,15.0475,-1.22867242223574
235,275,300,15.055,-2.23632040131454
235,275,300,15.0625,2.48167999070716
235,275,300,15.07,2.11278318855321
235,275,300,15.0775,1.87276909390896
235,275,300,15.085,-0.114534038997331
235,275,300,15.0925,-1.51672731170483
235,275,300,15.1,-2.3633152490807
235,275,300,15.1075,2.90622111606826
235,275,300,15.115,2.62018430233152
235,275,300,15.1225,1.13731668643341
235,275,300,15.13,0.0473888652444513
235,275,300,15.1375,-1.07149695414547
235,275,300,15.145,-2.836020562365
235,275,300,15.1525,2.13833396305228
235,275,300,15.16,1.48106669794487
235,275,300,15.1675,-0.532029011916084
235,275,300,15.175,-2.79061410193611
235,275,300,15.1825,-2.60942881167374
235,275,300,15.19,2.34678551879138
235,275,300,15.1975,1.09154747392342
235,275,300,15.205,-0.268570399196644
235,275,300,15.2125,-0.435970553122708
235,275,300,15.22,-2.14648030244422
235,275,300,15.2275,1.77697919827172
235,275,300,15.235,2.41092480732173
235,275,300,15.2425,0.672375463517193
235,275,300,15.25,-0.596232384293957
235,275,300,15.2575,-1.22867632404761
235,275,300,15.265,-1.65060579598008
235,275,300,15.2725,-2.12546848380851
235,275,300,15.28,2.51279690443737
235,275,300,15.2875,1.4895532967541
235,275,300,15.295,0.17224167208717
235,275,300,15.3025,-1.09355836741367
235,275,300,15.31,-1.87417885329402
235,275,300,15.3175,-2.71500043925254
235,275,300,15.325,2.09080374573477
235,275,300,15.3325,1.16296200596939
235,275,300,15.34,0.545846425891017
235,275,300,15.3475,-0.862630235994799
235,275,300,15.355,-1.95932945330274
235,275,300,15.3625,-3.01113992467135
235,275,300,15.37,2.90278930264801
235,275,300,15.3775,1.03281646587869
235,275,300,15.385,0.346192208348944
235,275,300,15.3925,-1.94319356752126
235,275,300,15.4,2.50548466962787
235,275,300,15.4075,0.5631666213166
235,275,300,15.415,-0.935516116757179
235,275,300,15.4225,-1.09426548446846
235,275,300,15.43,-3.03599594874846
235,275,300,15.4375,1.66795855483743
235,275,300,15.445,1.86159207410053
235,275,300,15.4525,-0.680953210151365
235,275,300,15.46,-2.13365639804327
235,275,300,15.4675,-1.38403450091505
235,275,300,15.475,-2.77068680093254
235,275,300,15.4825,2.4455642644273
235,275,300,15.49,1.7915031661393
235,275,300,15.4975,0.769481622533239
235,275,300,15.505,-1.13003218941629
235,275,300,15.5125,-1.17878309958816
235,275,300,15.52,-2.8850478669806
235,275,300,15.5275,-2.55410240263196
235,275,300,15.535,-0.298149649038946
235,275,300,15.5425,-2.5142120758733
235,275,300,15.55,1.97695875920012
235,275,300,15.5575,0.107215785692556
235,275,300,15.565,-0.48367765132773
235,275,300,15.5725,-2.44750973079039
235,275,300,15.58,2.90063189830989
235,275,300,15.5875,2.98909217524615
235,275,300,15.595,1.09299940156596
235,275,300,15.6025,-0.354728160550826
235,275,300,15.61,-1.02984821332585
235,275,300,15.6175,1.71845727571933
235,275,300,15.625,-1.57954973162094
235,275,300,15.6325,2.08178877049146
235,275,300,15.64,-3.03855418847838
235,275,300,15.6475,1.18402893622248
235,275,300,15.655,-1.31966448342334
235,275,300,15.6625,0.875052084720507
235,275,300,15.67,-1.09154466130713
235,275,300,15.6775,-1.28110853345419
235,275,300,15.685,-2.63969914722537
235,275,300,15.6925,2.3941125833115
235,275,300,15.7,1.61859547544057
235,275,300,15.7075,0.324681685242457
235,275,300,15.715,-0.674386851350913
235,275,300,15.7225,-0.620403698219313
235,275,300,15.73,-2.88511968127533
235,275,300,15.7375,2.39738557541202
235,275,300,15.745,2.21631872399215
235,275,300,15.7525,1.16060089548766
235,275,300,15.76,0.410816926840334
235,275,300,15.7675,1.90868683788198
235,275,300,15.775,-1.81900058523931
235,275,300,15.7825,-1.04278137470071
235,275,300,15.79,-3.02765565115915
235,275,300,15.7975,2.55695394534499
235,275,300,15.805,2.05015416207998
235,275,300,15.8125,0.837453671295733
235,275,300,15.82,-0.0793539550125001
235,275,300,15.8275,-1.21521168735193
235,275,300,15.835,-2.88744472310951
235,275,300,15.8425,3.02009037342504
235,275,300,15.85,1.89264217147568
235,275,300,15.8575,0.100191496320946
235,275,300,15.865,-0.272418430527652
235,275,300,15.8725,-1.6544066767918
235,275,300,15.88,-2.89998385261564
235,275,300,15.8875,2.11522367911919
235,275,300,15.895,1.96810144205806
235,275,300,15.9025,0.336036145561229
235,275,300,15.91,-0.392642333246603
235,275,300,15.9175,1.51706941406313
235,275,300,15.925,-2.16296894016481
235,275,300,15.9325,0.461446257574502
235,275,300,15.94,-1.20051415723937
235,275,300,15.9475,-2.8062688076905
235,275,300,15.955,-2.39971440750557
235,275,300,15.9625,1.00606474530368
235,275,300,15.97,-0.408730457888618
235,275,300,15.9775,-0.862173494672736
235,275,300,15.985,2.02636047073443
235,275,300,15.9925,1.43012525606025
235,275,300,16,-0.369635023203401
235,275,299,4,-1.25210319350618
235,275,299,4.0075,-2.15067965452599
235,275,299,4.015,3.0588365834412
235,275,299,4.0225,2.1030346393013
235,275,299,4.03,1.33319067983543
235,275,299,4.0375,0.319608776670385
235,275,299,4.045,-0.677655654674012
235,275,299,4.0525,-1.44956110629276
235,275,299,4.06,-2.38170271428097
235,275,299,4.0675,3.0718697475187
235,275,299,4.075,2.18496696311501
235,275,299,4.0825,1.13658922785527
235,275,299,4.09,0.371015008269398
235,275,299,4.0975,-0.792628400537709
235,275,299,4.105,-1.38463821468855
235,275,299,4.1125,-2.20562701876004
235,275,299,4.12,-3.1092632570195
235,275,299,4.1275,2.62818297832888
235,275,299,4.135,1.55681886500224
235,275,299,4.1425,0.675520945793483
235,275,299,4.15,-0.370052327550893
235,275,299,4.1575,-1.35285964107435
235,275,299,4.165,-2.22426181817879
235,275,299,4.1725,-3.03465873614953
235,275,299,4.18,2.28372488877932
235,275,299,4.1875,1.53158159928062
235,275,299,4.195,0.749171958722683
235,275,299,4.2025,-0.126545079243455
235,275,299,4.21,-1.06566950506624
235,275,299,4.2175,-1.95560216660101
235,275,299,4.225,-2.93740778872132
235,275,299,4.2325,2.18336654520464
235,275,299,4.24,1.14164530723087
235,275,299,4.2475,0.227925560562024
235,275,299,4.255,-0.827332243100605
235,275,299,4.2625,-1.93268360871457
235,275,299,4.27,-2.62259463925092
235,275,299,4.2775,2.76810890580022
235,275,299,4.285,2.18618496774819
235,275,299,4.2925,1.20378262142948
235,275,299,4.3,0.233686318860061
235,275,299,4.3075,-0.786481286225537
235,275,299,4.315,-1.76236391286583
235,275,299,4.3225,-2.79727352914532
235,275,299,4.33,3.00635895193812
235,275,299,4.3375,1.81568851803193
235,275,299,4.345,1.31296019703366
235,275,299,4.3525,0.513156176281182
235,275,299,4.36,-0.301391322871904
235,275,299,4.3675,-0.962722709074096
235,275,299,4.375,-1.70031550016076
235,275,299,4.3825,-2.65858367269918
235,275,299,4.39,2.5869054702003
235,275,299,4.3975,1.54168627464978
235,275,299,4.405,0.382512293950718
235,275,299,4.4125,-0.333692317085875
235,275,299,4.42,-1.42436031212124
235,275,299,4.4275,-2.26633742333236
235,275,299,4.435,-3.11957095197134
235,275,299,4.4425,2.10321946920866
235,275,299,4.45,1.34855465470357
235,275,299,4.4575,0.190635858281146
235,275,299,4.465,-0.62124906587688
235,275,299,4.4725,-1.58649740716885
235,275,299,4.48,-2.65904600082839
235,275,299,4.4875,2.54916701826771
235,275,299,4.495,1.52070272920311
235,275,299,4.5025,0.505718125669172
235,275,299,4.51,-0.586421237485052
235,275,299,4.5175,-1.27816260825779
235,275,299,4.525,-2.55880246950183
235,275,299,4.5325,2.89414650623116
235,275,299,4.54,1.93055054664534
235,275,299,4.5475,1.14054978779192
235,275,299,4.555,0.112439174237163
235,275,299,4.5625,-1.0284560326396
235,275,299,4.57,-2.23614516403905
235,275,299,4.5775,2.98538149199011
235,275,299,4.585,1.49796818275855
235,275,299,4.5925,-0.720110993513744
235,275,299,4.6,-1.92543507306228
235,275,299,4.6075,-2.6704282620922
235,275,299,4.615,2.13952390162118
235,275,299,4.6225,0.982370318626209
235,275,299,4.63,-0.441321063299141
235,275,299,4.6375,-1.46755739008802
235,275,299,4.645,-2.55264134419686
235,275,299,4.6525,2.89683601048423
235,275,299,4.66,1.70021347484515
235,275,299,4.6675,0.753465693112456
235,275,299,4.675,-0.1551517283175
235,275,299,4.6825,-1.35235249875096
235,275,299,4.69,-2.15541995924854
235,275,299,4.6975,3.04924893529254
235,275,299,4.705,2.02981717916922
235,275,299,4.7125,1.23918859354871
235,275,299,4.72,0.135460337506264
235,275,299,4.7275,-1.00391493417528
235,275,299,4.735,-1.78058681700166
235,275,299,4.7425,-2.91154503493292
235,275,299,4.75,2.48471120523058
235,275,299,4.7575,1.4860509678067
235,275,299,4.765,0.354059738315311
235,275,299,4.7725,-0.786315711133754
235,275,299,4.78,-1.77446166651335
235,275,299,4.7875,-2.95315354773175
235,275,299,4.795,2.55060828640432
235,275,299,4.8025,1.45157136858408
235,275,299,4.81,1.23657755608504
235,275,299,4.8175,-0.626124832548948
235,275,299,4.825,-1.26205115343036
235,275,299,4.8325,0.628319805843863
235,275,299,4.84,-1.48684963474623
235,275,299,4.8475,-1.4900932120576
235,275,299,4.855,-2.42063831549139
235,275,299,4.8625,2.61983488192209
235,275,299,4.87,1.65600396929659
235,275,299,4.8775,0.533537556256468
235,275,299,4.885,-0.592224370504675
235,275,299,4.8925,-1.79432781963238
235,275,299,4.9,-2.92222438645737
235,275,299,4.9075,2.26172071699457
235,275,299,4.915,1.20052959041716
235,275,299,4.9225,0.376648285793466
235,275,299,4.93,-0.772333788385739
235,275,299,4.9375,-1.52525391806406
235,275,299,4.945,-2.54817460184267
235,275,299,4.9525,-3.11528605036298
235,275,299,4.96,2.50086919800125
235,275,299,4.9675,1.65982318653851
235,275,299,4.975,0.208668786689418
235,275,299,4.9825,-0.221281809279677
235,275,299,4.99,-1.30616565904658
235,275,299,4.9975,-2.46661845631371
235,275,299,5.005,3.09111138242732
235,275,299,5.0125,1.89393143672887
235,275,299,5.02,0.239740376331866
235,275,299,5.0275,-1.02107965132297
235,275,299,5.035,0.287225818843306
235,275,299,5.0425,1.23752366869411
235,275,299,5.05,-0.0754751269764475
235,275,299,5.0575,-1.3484073319405
235,275,299,5.065,-2.07940181468863
235,275,299,5.0725,3.1266719988993
235,275,299,5.08,1.83860073816897
235,275,299,5.0875,0.863561787692567
235,275,299,5.095,0.0676114340040356
235,275,299,5.1025,-0.941756701271823
235,275,299,5.11,-1.95321772223265
235,275,299,5.1175,2.99509885679875
235,275,299,5.125,2.02284794525235
235,275,299,5.1325,0.927335800094229
235,275,299,5.14,-0.0814341470723752
235,275,299,5.1475,-1.22718172462145
235,275,299,5.155,-2.30399141460553
235,275,299,5.1625,2.74295929448241
235,275,299,5.17,1.78703615496068
235,275,299,5.1775,0.708337098262143
235,275,299,5.185,0.154882352111048
235,275,299,5.1925,-0.938992745235679
235,275,299,5.2,-1.27500992274039
235,275,299,5.2075,-2.48378647953959
235,275,299,5.215,-2.97770767517099
235,275,299,5.2225,2.48928701646698
235,275,299,5.23,1.30317143390636
235,275,299,5.2375,0.166147763610726
235,275,299,5.245,-0.897857454273823
235,275,299,5.2525,-2.2385240091752
235,275,299,5.26,2.82370789783104
235,275,299,5.2675,2.09334832276634
235,275,299,5.275,1.19019312143297
235,275,299,5.2825,-0.936725177433031
235,275,299,5.29,-2.31169566262334
235,275,299,5.2975,2.6746183285541
235,275,299,5.305,0.901743692400506
235,275,299,5.3125,-0.239512130004723
235,275,299,5.32,-1.06310416043453
235,275,299,5.3275,-2.34471149621762
235,275,299,5.335,-3.12316054113714
235,275,299,5.3425,2.23511405038472
235,275,299,5.35,1.0667764864615
235,275,299,5.3575,-0.137514342782235
235,275,299,5.365,-0.961317499188748
235,275,299,5.3725,-2.00887382516569
235,275,299,5.38,-3.1010854111953
235,275,299,5.3875,2.09422586261161
235,275,299,5.395,1.04509098926897
235,275,299,5.4025,0.0565000816139173
235,275,299,5.41,-1.01290388624609
235,275,299,5.4175,-2.07415175540863
235,275,299,5.425,-2.75988857344199
235,275,299,5.4325,2.46471194371102
235,275,299,5.44,1.78596589978455
235,275,299,5.4475,0.492986756100333
235,275,299,5.455,-0.502617584129513
235,275,299,5.4625,-1.53632461550375
235,275,299,5.47,-2.23856689861322
235,275,299,5.4775,-2.05037344147151
235,275,299,5.485,2.65646111810516
235,275,299,5.4925,3.01616671169852
235,275,299,5.5,1.68380273438987
235,275,299,5.5075,0.859021443909173
235,275,299,5.515,-0.750599297839827
235,275,299,5.5225,-1.26486829554609
235,275,299,5.53,-2.22910857107777
235,275,299,5.5375,-2.77865054364815
235,275,299,5.545,2.38699051998294
235,275,299,5.5525,1.53767810614815
235,275,299,5.56,0.953878056037666
235,275,299,5.5675,-0.622863911187689
235,275,299,5.575,-1.48511127705042
235,275,299,5.5825,-2.49125850512612
235,275,299,5.59,3.03290330106314
235,275,299,5.5975,2.22204247483861
235,275,299,5.605,1.47856447618884
235,275,299,5.6125,0.211120252065666
235,275,299,5.62,-0.721069624929338
235,275,299,5.6275,-2.04688236093237
235,275,299,5.635,-3.00681978711917
235,275,299,5.6425,2.17305725501751
235,275,299,5.65,0.915340259108229
235,275,299,5.6575,0.176444062494236
235,275,299,5.665,-1.17113714670128
235,275,299,5.6725,-2.27846843425086
235,275,299,5.68,2.9221390257713
235,275,299,5.6875,1.71018954841113
235,275,299,5.695,0.985747448573903
235,275,299,5.7025,-0.955785603755272
235,275,299,5.71,-1.84934101934395
235,275,299,5.7175,3.13693749447422
235,275,299,5.725,1.71241003506114
235,275,299,5.7325,0.264904121151487
235,275,299,5.74,-0.602056364204243
235,275,299,5.7475,-1.7561347999705
235,275,299,5.755,-3.0108653539384
235,275,299,5.7625,2.07912790686247
235,275,299,5.77,0.992448097199025
235,275,299,5.7775,-0.209562271497413
235,275,299,5.785,-1.27191223895373
235,275,299,5.7925,-2.27827992476205
235,275,299,5.8,-3.09273652399558
235,275,299,5.8075,1.93340059034041
235,275,299,5.815,1.10413981487524
235,275,299,5.8225,0.003710816391426
235,275,299,5.83,-0.936416656912702
235,275,299,5.8375,-1.6209005974511
235,275,299,5.845,-2.7016742331102
235,275,299,5.8525,2.63261417072516
235,275,299,5.86,1.61060351241902
235,275,299,5.8675,0.590979646317979
235,275,299,5.875,-0.630229280808363
235,275,299,5.8825,-1.41522290163131
235,275,299,5.89,-2.50513224787598
235,275,299,5.8975,2.91529149987433
235,275,299,5.905,1.53830203788278
235,275,299,5.9125,0.655572120161379
235,275,299,5.92,-0.655979112589163
235,275,299,5.9275,-2.04072210317794
235,275,299,5.935,-2.7090551901968
235,275,299,5.9425,2.88296058997932
235,275,299,5.95,1.07097218593258
235,275,299,5.9575,0.101473696077953
235,275,299,5.965,-2.14475886675788
235,275,299,5.9725,1.17074520182302
235,275,299,5.98,1.53039959971334
235,275,299,5.9875,0.124750552212756
235,275,299,5.995,-0.993010775816759
235,275,299,6.0025,-1.8657428678242
235,275,299,6.01,-2.98714185974476
235,275,299,6.0175,1.91580990701177
235,275,299,6.025,1.11244073757619
235,275,299,6.0325,-0.0231138646099617
235,275,299,6.04,-0.423180381805974
235,275,299,6.0475,-1.46162291133228
235,275,299,6.055,-2.26994460173688
235,275,299,6.0625,3.09164398329376
235,275,299,6.07,2.44507540684602
235,275,299,6.0775,1.36946144736008
235,275,299,6.085,0.84846399567537
235,275,299,6.0925,-0.543902278583256
235,275,299,6.1,-1.39517922493475
235,275,299,6.1075,-2.35237928238301
235,275,299,6.115,2.7411917901617
235,275,299,6.1225,1.52713377936169
235,275,299,6.13,0.681323629330957
235,275,299,6.1375,-0.67509347382176
235,275,299,6.145,-1.82541767342014
235,275,299,6.1525,-2.91157071251322
235,275,299,6.16,2.10821478456727
235,275,299,6.1675,1.55397216612081
235,275,299,6.175,-0.761665137792608
235,275,299,6.1825,-2.81647162198737
235,275,299,6.19,1.63998923630044
235,275,299,6.1975,-0.939124354699002
235,275,299,6.205,-0.3210120772289
235,275,299,6.2125,-1.63561519921934
235,275,299,6.22,-2.84908636001019
235,275,299,6.2275,2.11594391501058
235,275,299,6.235,1.54409905694281
235,275,299,6.2425,0.902048835233614
235,275,299,6.25,-0.639080279635221
235,275,299,6.2575,-1.74194284244885
235,275,299,6.265,-2.743552174168
235,275,299,6.2725,2.61445707551195
235,275,299,6.28,1.77720872913014
235,275,299,6.2875,0.683596043912152
235,275,299,6.295,-0.183329688221555
235,275,299,6.3025,-1.27640212604113
235,275,299,6.31,-2.1515498637465
235,275,299,6.3175,3.00442760085347
235,275,299,6.325,2.43293103945627
235,275,299,6.3325,1.57253472823172
235,275,299,6.34,0.50966070012816
235,275,299,6.3475,-0.573224910981588
235,275,299,6.355,-1.53114280832835
235,275,299,6.3625,-2.6152631945888
235,275,299,6.37,2.71009719573704
235,275,299,6.3775,1.68464079624039
235,275,299,6.385,0.574541103506774
235,275,299,6.3925,-0.298041786555974
235,275,299,6.4,-2.0460518050936
235,275,299,6.4075,-2.80914163811481
235,275,299,6.415,2.56332791802148
235,275,299,6.4225,0.491515449483727
235,275,299,6.43,-2.57985830045312
235,275,299,6.4375,-2.0503697694893
235,275,299,6.445,1.67888952615902
235,275,299,6.4525,0.661201780787289
235,275,299,6.46,-0.370667648975997
235,275,299,6.4675,-1.25440618210464
235,275,299,6.475,-2.2762547948375
235,275,299,6.4825,-3.11867454532929
235,275,299,6.49,2.00715190594119
235,275,299,6.4975,1.01955421470907
235,275,299,6.505,0.197999155343442
235,275,299,6.5125,-0.914625073295062
235,275,299,6.52,-1.76496644510634
235,275,299,6.5275,-2.81152405634871
235,275,299,6.535,2.68962746637693
235,275,299,6.5425,2.07231109647789
235,275,299,6.55,0.917844602672713
235,275,299,6.5575,-0.235633631121104
235,275,299,6.565,-0.947048546861296
235,275,299,6.5725,-2.16001108279506
235,275,299,6.58,-2.94096929762576
235,275,299,6.5875,2.26468873313496
235,275,299,6.595,1.53979629070886
235,275,299,6.6025,0.508038517150309
235,275,299,6.61,-0.636972590748972
235,275,299,6.6175,-1.46156222365409
235,275,299,6.625,-2.45089957787196
235,275,299,6.6325,2.67561068629173
235,275,299,6.64,1.85530234624534
235,275,299,6.6475,0.815808512491742
235,275,299,6.655,-0.229750449495485
235,275,299,6.6625,-0.760820498067603
235,275,299,6.67,-1.8969955328847
235,275,299,6.6775,-3.1094684269466
235,275,299,6.685,2.39150291883693
235,275,299,6.6925,1.60893762965756
235,275,299,6.7,1.00300099234969
235,275,299,6.7075,0.636601093124454
235,275,299,6.715,-0.0249925327867541
235,275,299,6.7225,-1.05576944997851
235,275,299,6.73,-1.63604734042862
235,275,299,6.7375,-2.75290500199183
235,275,299,6.745,2.7339076998994
235,275,299,6.7525,1.77412066972976
235,275,299,6.76,0.551140642053284
235,275,299,6.7675,-0.347635876357643
235,275,299,6.775,-1.25088771326576
235,275,299,6.7825,-2.40361512461645
235,275,299,6.79,-3.0827382298236
235,275,299,6.7975,2.31707250073139
235,275,299,6.805,1.41361911933287
235,275,299,6.8125,0.665549543803818
235,275,299,6.82,-0.368654846601826
235,275,299,6.8275,-1.46585064678611
235,275,299,6.835,-2.33065022185318
235,275,299,6.8425,2.90712026294421
235,275,299,6.85,1.87571406278933
235,275,299,6.8575,1.00990298596627
235,275,299,6.865,-0.0122655230629922
235,275,299,6.8725,-0.763425903952526
235,275,299,6.88,-1.85769291454773
235,275,299,6.8875,-2.84683955826686
235,275,299,6.895,2.67871268597513
235,275,299,6.9025,1.49934570522185
235,275,299,6.91,0.747260070883915
235,275,299,6.9175,-0.490416565642803
235,275,299,6.925,-1.39023004309427
235,275,299,6.9325,-2.43167002774248
235,275,299,6.94,-2.2335487898884
235,275,299,6.9475,-2.6224438891218
235,275,299,6.955,2.75639372692173
235,275,299,6.9625,1.72001377034978
235,275,299,6.97,0.743179539726667
235,275,299,6.9775,-0.149899523512059
235,275,299,6.985,-1.20528681470025
235,275,299,6.9925,-2.10288077674854
235,275,299,7,-3.04083416382987
235,275,299,7.0075,2.14319211345082
235,275,299,7.015,1.14251891605907
235,275,299,7.0225,0.0186056914740684
235,275,299,7.03,-1.10496401623257
235,275,299,7.0375,-1.92742684694934
235,275,299,7.045,-2.83894677751354
235,275,299,7.0525,2.44606546083606
235,275,299,7.06,1.52027523734421
235,275,299,7.0675,0.418940180067368
235,275,299,7.075,-0.383892315022388
235,275,299,7.0825,-0.915896870702368
235,275,299,7.09,-2.0354653848343
235,275,299,7.0975,-2.87435233911382
235,275,299,7.105,2.4694504501449
235,275,299,7.1125,1.554660061024
235,275,299,7.12,0.679939216295911
235,275,299,7.1275,-0.162433317657911
235,275,299,7.135,-1.11313173095862
235,275,299,7.1425,-2.19855910365855
235,275,299,7.15,2.99210179624017
235,275,299,7.1575,2.19382598167154
235,275,299,7.165,1.20885437464913
235,275,299,7.1725,0.75801566734666
235,275,299,7.18,-0.812700934758324
235,275,299,7.1875,-1.26747046194738
235,275,299,7.195,-1.72681209877807
235,275,299,7.2025,-2.34938270616209
235,275,299,7.21,2.8787094079405
235,275,299,7.2175,1.92750079419574
235,275,299,7.225,1.00017598895933
235,275,299,7.2325,0.138231967680707
235,275,299,7.24,-0.662159867836191
235,275,299,7.2475,-1.72359916497397
235,275,299,7.255,-2.79227102928859
235,275,299,7.2625,2.55917321172725
235,275,299,7.27,1.46133900818543
235,275,299,7.2775,0.520532223381204
235,275,299,7.285,-0.299060821115438
235,275,299,7.2925,-1.47746474723189
235,275,299,7.3,-2.29270161644165
235,275,299,7.3075,2.86701622649214
235,275,299,7.315,2.09043254159461
235,275,299,7.3225,1.57250718426905
235,275,299,7.33,0.682117125162626
235,275,299,7.3375,-0.0200600464219922
235,275,299,7.345,-1.19215809734755
235,275,299,7.3525,-2.03432293546417
235,275,299,7.36,-2.93410197768288
235,275,299,7.3675,2.25789995595502
235,275,299,7.375,1.35095279873378
235,275,299,7.3825,0.403293605118049
235,275,299,7.39,-0.612103607117971
235,275,299,7.3975,-1.68015846265307
235,275,299,7.405,-2.70162844964822
235,275,299,7.4125,2.587603323315
235,275,299,7.42,1.62163396972873
235,275,299,7.4275,0.636914752420421
235,275,299,7.435,-0.324848894761557
235,275,299,7.4425,-0.451444408858732
235,275,299,7.45,-1.54398649913306
235,275,299,7.4575,-2.18947377397288
235,275,299,7.465,3.14001505031621
235,275,299,7.4725,2.30549011340205
235,275,299,7.48,1.60134258130696
235,275,299,7.4875,0.495050280850975
235,275,299,7.495,-0.433414886820829
235,275,299,7.5025,-1.56248160993229
235,275,299,7.51,-2.40964455329904
235,275,299,7.5175,3.12953179695059
235,275,299,7.525,1.97465146267936
235,275,299,7.5325,1.18415214444013
235,275,299,7.54,0.154576130909497
235,275,299,7.5475,-0.951592066126803
235,275,299,7.555,-1.73544811537121
235,275,299,7.5625,-2.67368891649488
235,275,299,7.57,2.80212835385817
235,275,299,7.5775,1.6482210188387
235,275,299,7.585,0.585097252526129
235,275,299,7.5925,0.0228124232889647
235,275,299,7.6,-0.834528681713425
235,275,299,7.6075,-1.76733352348755
235,275,299,7.615,-2.66980465333776
235,275,299,7.6225,2.49158581792584
235,275,299,7.63,1.96532406111082
235,275,299,7.6375,0.636052967911691
235,275,299,7.645,-0.329847243929147
235,275,299,7.6525,-0.983732301218673
235,275,299,7.66,-2.15293484925605
235,275,299,7.6675,-2.9372132478939
235,275,299,7.675,2.56287521417034
235,275,299,7.6825,1.61955824782171
235,275,299,7.69,0.506924349076046
235,275,299,7.6975,0.558314442171898
235,275,299,7.705,-0.315716843961309
235,275,299,7.7125,-1.12222956292009
235,275,299,7.72,-2.06265088499292
235,275,299,7.7275,-2.85303597596634
235,275,299,7.735,2.28329190876346
235,275,299,7.7425,1.48887965233561
235,275,299,7.75,0.356887902988819
235,275,299,7.7575,-0.555982629625688
235,275,299,7.765,-1.68831402513707
235,275,299,7.7725,-2.70352445689909
235,275,299,7.78,2.50722811383878
235,275,299,7.7875,1.67062110130701
235,275,299,7.795,0.634778181580411
235,275,299,7.8025,-0.410591213679831
235,275,299,7.81,-1.07630845871568
235,275,299,7.8175,-2.25600430594966
235,275,299,7.825,-2.98057725231183
235,275,299,7.8325,2.29232428719113
235,275,299,7.84,1.22991463011063
235,275,299,7.8475,0.857481283902069
235,275,299,7.855,-0.221206836873492
235,275,299,7.8625,-1.00637824850241
235,275,299,7.87,-1.82474491282028
235,275,299,7.8775,-2.81533926466348
235,275,299,7.885,2.51471175800168
235,275,299,7.8925,1.49827893303592
235,275,299,7.9,0.448507032997826
235,275,299,7.9075,-0.430523909744293
235,275,299,7.915,-1.52352170683419
235,275,299,7.9225,-2.39692712899456
235,275,299,7.93,2.8442843293959
235,275,299,7.9375,2.05574339854383
235,275,299,7.945,1.3336182187109
235,275,299,7.9525,0.530408647371551
235,275,299,7.96,-0.135316620412301
235,275,299,7.9675,-0.830830922415307
235,275,299,7.975,-1.83956487418445
235,275,299,7.9825,-2.72553572414903
235,275,299,7.99,2.65337944087409
235,275,299,7.9975,1.65181560588064
235,275,299,8.005,0.960883710422088
235,275,299,8.0125,-0.146548751801025
235,275,299,8.02,-1.20065186186539
235,275,299,8.0275,-2.05730291226107
235,275,299,8.035,3.06984484522751
235,275,299,8.0425,2.09555486955166
235,275,299,8.05,1.26844596248919
235,275,299,8.0575,0.316314496709116
235,275,299,8.065,-0.112148047984135
235,275,299,8.0725,-1.54529856546253
235,275,299,8.08,-2.18915818526721
235,275,299,8.0875,-2.83518697468458
235,275,299,8.095,2.63157083450726
235,275,299,8.1025,1.66225471265591
235,275,299,8.11,0.634658561002133
235,275,299,8.1175,-0.132243738376669
235,275,299,8.125,-1.24707086801081
235,275,299,8.1325,-2.32826572335336
235,275,299,8.14,3.03997769150268
235,275,299,8.1475,2.11715952220102
235,275,299,8.155,1.16642034866583
235,275,299,8.1625,0.413792644850214
235,275,299,8.17,-0.690709293917244
235,275,299,8.1775,-1.72898473404973
235,275,299,8.185,-2.31716131167416
235,275,299,8.1925,-3.14099720903932
235,275,299,8.2,2.16103918360979
235,275,299,8.2075,1.46095655713266
235,275,299,8.215,0.353782099193595
235,275,299,8.2225,-0.441414695039336
235,275,299,8.23,-1.32536582150098
235,275,299,8.2375,-2.4558267139562
235,275,299,8.245,3.1164965418166
235,275,299,8.2525,2.11398304425801
235,275,299,8.26,1.06388239668061
235,275,299,8.2675,0.384948233317325
235,275,299,8.275,-0.993148940493879
235,275,299,8.2825,-1.73114769910124
235,275,299,8.29,-2.64208418031621
235,275,299,8.2975,2.6127617831308
235,275,299,8.305,1.56281515407189
235,275,299,8.3125,0.514137183721928
235,275,299,8.32,-0.200009735303849
235,275,299,8.3275,-1.14576861532891
235,275,299,8.335,-1.91472958523144
235,275,299,8.3425,-2.69392629918256
235,275,299,8.35,2.38979922917758
235,275,299,8.3575,1.65760377262505
235,275,299,8.365,0.711866992386841
235,275,299,8.3725,-0.282763967514217
235,275,299,8.38,-1.15577474653841
235,275,299,8.3875,-1.92389583577029
235,275,299,8.395,-2.96242224531389
235,275,299,8.4025,2.59464753046247
235,275,299,8.41,1.5366139193267
235,275,299,8.4175,0.894667617341641
235,275,299,8.425,0.211745462181166
235,275,299,8.4325,-1.03584142072927
235,275,299,8.44,-1.69929132730162
235,275,299,8.4475,-2.19267223410457
235,275,299,8.455,-3.0027131960511
235,275,299,8.4625,2.27044190191507
235,275,299,8.47,1.46299826011925
235,275,299,8.4775,0.386061386446256
235,275,299,8.485,-0.513900825367356
235,275,299,8.4925,-1.57551791070352
235,275,299,8.5,-2.72077845475226
235,275,299,8.5075,2.54165939423532
235,275,299,8.515,1.65207244563544
235,275,299,8.5225,0.672685111714703
235,275,299,8.53,-0.445087979061133
235,275,299,8.5375,-1.1835628362021
235,275,299,8.545,-2.33175518250441
235,275,299,8.5525,3.00506747764477
235,275,299,8.56,2.17957345391565
235,275,299,8.5675,1.1154771710755
235,275,299,8.575,0.370586219342015
235,275,299,8.5825,-0.709755089336252
235,275,299,8.59,-1.36977628773388
235,275,299,8.5975,-2.18298516345415
235,275,299,8.605,-2.95131313119095
235,275,299,8.6125,2.60935363298616
235,275,299,8.62,1.83908571840259
235,275,299,8.6275,0.711237494442353
235,275,299,8.635,-0.0716018953687066
235,275,299,8.6425,-1.18385561137699
235,275,299,8.65,-2.25905421760197
235,275,299,8.6575,-3.0254032466169
235,275,299,8.665,2.14178268326815
235,275,299,8.6725,1.06646971665019
235,275,299,8.68,0.326322659068674
235,275,299,8.6875,-0.755664511465783
235,275,299,8.695,-1.35060807429204
235,275,299,8.7025,-2.47040394018587
235,275,299,8.71,-2.88808383669059
235,275,299,8.7175,2.66900484015162
235,275,299,8.725,1.5691797109206
235,275,299,8.7325,1.14319744988257
235,275,299,8.74,-0.0604345049495903
235,275,299,8.7475,-0.939169737662585
235,275,299,8.755,-2.02037365369345
235,275,299,8.7625,-3.07865106696393
235,275,299,8.77,2.46207349084324
235,275,299,8.7775,1.14937542285934
235,275,299,8.785,0.273966134799197
235,275,299,8.7925,-0.890556886459221
235,275,299,8.8,-1.69043505894605
235,275,299,8.8075,-2.5246607594754
235,275,299,8.815,2.65537352883651
235,275,299,8.8225,2.018600564153
235,275,299,8.83,1.23826500262313
235,275,299,8.8375,0.269307712867278
235,275,299,8.845,-0.354355428673248
235,275,299,8.8525,-0.933088307127066
235,275,299,8.86,-1.89950861860409
235,275,299,8.8675,-2.84398304387444
235,275,299,8.875,2.64772949891731
235,275,299,8.8825,1.49358508416685
235,275,299,8.89,0.63033169493869
235,275,299,8.8975,-0.528717385930633
235,275,299,8.905,-1.18837806851844
235,275,299,8.9125,-2.17425828955865
235,275,299,8.92,3.13488821664152
235,275,299,8.9275,2.16987532995558
235,275,299,8.935,1.6869960082518
235,275,299,8.9425,0.623408019728211
235,275,299,8.95,-0.167852937040097
235,275,299,8.9575,-1.14161971408286
235,275,299,8.965,-2.11662703387006
235,275,299,8.9725,-2.97441652552582
235,275,299,8.98,2.3586783480265
235,275,299,8.9875,1.44159783922628
235,275,299,8.995,0.324170158989732
235,275,299,9.0025,-0.495639788505625
235,275,299,9.01,-1.47904850549716
235,275,299,9.0175,-2.67990415512983
235,275,299,9.025,2.72870458783213
235,275,299,9.0325,1.57922203359934
235,275,299,9.04,0.499266034420876
235,275,299,9.0475,-0.397592928192593
235,275,299,9.055,-1.45635483426087
235,275,299,9.0625,-2.40443078083486
235,275,299,9.07,2.80928985343261
235,275,299,9.0775,2.5304891104833
235,275,299,9.085,1.73961621834461
235,275,299,9.0925,0.638760382889725
235,275,299,9.1,0.361353922531632
235,275,299,9.1075,-0.91331290625539
235,275,299,9.115,-1.27600542134811
235,275,299,9.1225,-2.29293959337569
235,275,299,9.13,2.7946981157864
235,275,299,9.1375,2.22579661164027
235,275,299,9.145,1.19850149595723
235,275,299,9.1525,0.395676397934631
235,275,299,9.16,-0.775840036848781
235,275,299,9.1675,-1.7269007588439
235,275,299,9.175,-2.81369071510128
235,275,299,9.1825,2.67793166508868
235,275,299,9.19,1.69354126790552
235,275,299,9.1975,1.00794394326587
235,275,299,9.205,0.207910220131521
235,275,299,9.2125,-0.597363558359125
235,275,299,9.22,-1.68693252473276
235,275,299,9.2275,-2.27439124705467
235,275,299,9.235,2.93464407180549
235,275,299,9.2425,1.87643827723052
235,275,299,9.25,1.1035826543106
235,275,299,9.2575,0.350033473111466
235,275,299,9.265,-0.639707846807001
235,275,299,9.2725,-1.83277076083851
235,275,299,9.28,-2.91393917038078
235,275,299,9.2875,2.56295120078932
235,275,299,9.295,1.3767421004206
235,275,299,9.3025,0.459187613117547
235,275,299,9.31,-0.22009972006007
235,275,299,9.3175,-1.5853038791535
235,275,299,9.325,-2.37745374416548
235,275,299,9.3325,3.13312979793836
235,275,299,9.34,2.16168822301321
235,275,299,9.3475,1.23621718385306
235,275,299,9.355,0.655434053493856
235,275,299,9.3625,-0.0955185372555835
235,275,299,9.37,-1.2063156537198
235,275,299,9.3775,-2.0527005812107
235,275,299,9.385,-3.00923555042217
235,275,299,9.3925,2.89521038113724
235,275,299,9.4,1.81921512456965
235,275,299,9.4075,0.755894976272282
235,275,299,9.415,-0.322500142295735
235,275,299,9.4225,-0.955892980309034
235,275,299,9.43,-2.03833647080676
235,275,299,9.4375,2.90289526317132
235,275,299,9.445,2.61286389371134
235,275,299,9.4525,1.13760118133813
235,275,299,9.46,0.540001118494384
235,275,299,9.4675,-0.167427072679019
235,275,299,9.475,-1.53965615156499
235,275,299,9.4825,-1.99222537119152
235,275,299,9.49,-2.87083759292484
235,275,299,9.4975,2.51187734137335
235,275,299,9.505,1.64796669736869
235,275,299,9.5125,0.605295847169679
235,275,299,9.52,-0.515055316565944
235,275,299,9.5275,-1.26210391813635
235,275,299,9.535,-2.68775146223045
235,275,299,9.5425,2.73353630016729
235,275,299,9.55,1.89025178600891
235,275,299,9.5575,0.778978173220501
235,275,299,9.565,-0.386714978449044
235,275,299,9.5725,-1.3606374951895
235,275,299,9.58,-2.70629358933693
235,275,299,9.5875,2.65387387583134
235,275,299,9.595,1.40971022978186
235,275,299,9.6025,2.12869726894432
235,275,299,9.61,2.55866446044522
235,275,299,9.6175,1.46723112571643
235,275,299,9.625,0.21786292387569
235,275,299,9.6325,-0.885689016661729
235,275,299,9.64,-1.50518760487278
235,275,299,9.6475,-2.45846894958586
235,275,299,9.655,2.61255371118642
235,275,299,9.6625,1.60510486605676
235,275,299,9.67,0.648941392498229
235,275,299,9.6775,-0.399904065719984
235,275,299,9.685,-1.36282525876264
235,275,299,9.6925,-2.4396203336502
235,275,299,9.7,-2.89807332135904
235,275,299,9.7075,2.32661410990259
235,275,299,9.715,1.32038931152279
235,275,299,9.7225,0.465680304958071
235,275,299,9.73,-0.391500024471948
235,275,299,9.7375,-1.38546609666688
235,275,299,9.745,-2.14143341173491
235,275,299,9.7525,3.03718187981002
235,275,299,9.76,1.85857917843372
235,275,299,9.7675,1.10531791686773
235,275,299,9.775,0.0342693149910413
235,275,299,9.7825,-0.971249463929414
235,275,299,9.79,-2.10743675420872
235,275,299,9.7975,3.05457619187695
235,275,299,9.805,2.07685223055592
235,275,299,9.8125,1.18124039556551
235,275,299,9.82,0.440292729016919
235,275,299,9.8275,-0.670117697318369
235,275,299,9.835,-1.69523604209273
235,275,299,9.8425,-2.55114988697109
235,275,299,9.85,2.83610179428363
235,275,299,9.8575,2.39947891064223
235,275,299,9.865,1.73992902652158
235,275,299,9.8725,0.956171506162745
235,275,299,9.88,-0.370305287781319
235,275,299,9.8875,-0.671229148326042
235,275,299,9.895,-1.60274995142563
235,275,299,9.9025,-2.60907735956401
235,275,299,9.91,2.97914275557042
235,275,299,9.9175,1.86295930443787
235,275,299,9.925,1.14755927402986
235,275,299,9.9325,-0.058428761722817
235,275,299,9.94,-0.602066866185827
235,275,299,9.9475,-1.89556479081333
235,275,299,9.955,-2.67869506187383
235,275,299,9.9625,2.83467874772047
235,275,299,9.97,2.15470891557538
235,275,299,9.9775,1.09426511880231
235,275,299,9.985,0.382916411275225
235,275,299,9.9925,-0.694669143493819
235,275,299,10,-1.86113442106435
235,275,299,10.0075,-2.75411400580708
235,275,299,10.015,2.59982145535931
235,275,299,10.0225,1.65529329305465
235,275,299,10.03,0.562239559110402
235,275,299,10.0375,-0.610468639405616
235,275,299,10.045,-1.45783449811959
235,275,299,10.0525,-2.67103993292359
235,275,299,10.06,2.85757467195827
235,275,299,10.0675,2.09962947264173
235,275,299,10.075,1.096373350919
235,275,299,10.0825,0.0690580019606967
235,275,299,10.09,-0.153519152416725
235,275,299,10.0975,-1.08447902811119
235,275,299,10.105,-2.01174693015091
235,275,299,10.1125,-2.91356836891526
235,275,299,10.12,2.43195589003817
235,275,299,10.1275,1.49778338968105
235,275,299,10.135,0.886876575454405
235,275,299,10.1425,-0.478320421786276
235,275,299,10.15,-0.866981629590213
235,275,299,10.1575,-2.08158133325521
235,275,299,10.165,-2.97386022483507
235,275,299,10.1725,2.49514506999401
235,275,299,10.18,1.58435576210773
235,275,299,10.1875,0.381207231114696
235,275,299,10.195,-0.403986279981084
235,275,299,10.2025,-1.11077984309963
235,275,299,10.21,-1.94107699659575
235,275,299,10.2175,3.07596499794787
235,275,299,10.225,2.06161723064932
235,275,299,10.2325,1.2985513194669
235,275,299,10.24,0.378122486788709
235,275,299,10.2475,-0.571354592813909
235,275,299,10.255,-1.48519990364573
235,275,299,10.2625,-2.37946814520646
235,275,299,10.27,2.86811233617609
235,275,299,10.2775,1.91542298056312
235,275,299,10.285,0.709239889894435
235,275,299,10.2925,0.0412032411670651
235,275,299,10.3,-1.33273883378626
235,275,299,10.3075,-2.63835335885182
235,275,299,10.315,2.93242630239193
235,275,299,10.3225,2.19726161769497
235,275,299,10.33,1.71221802325496
235,275,299,10.3375,-0.389097287323292
235,275,299,10.345,1.10362645827547
235,275,299,10.3525,1.01613665416016
235,275,299,10.36,-0.0695191524774729
235,275,299,10.3675,-1.19039001867732
235,275,299,10.375,-2.0155224802389
235,275,299,10.3825,3.09761073067726
235,275,299,10.39,2.33957625787458
235,275,299,10.3975,1.05857709427768
235,275,299,10.405,0.24335326506484
235,275,299,10.4125,-0.695680643811123
235,275,299,10.42,-1.81161501465427
235,275,299,10.4275,-2.78323874305158
235,275,299,10.435,2.40433646311805
235,275,299,10.4425,1.50917803367631
235,275,299,10.45,0.218470608267147
235,275,299,10.4575,-0.497475275216194
235,275,299,10.465,-1.58985643618965
235,275,299,10.4725,-2.32511610785629
235,275,299,10.48,2.83539530344439
235,275,299,10.4875,1.9328266090172
235,275,299,10.495,1.05196703310318
235,275,299,10.5025,0.140726833154211
235,275,299,10.51,-0.65639911032316
235,275,299,10.5175,-1.58109719975242
235,275,299,10.525,-2.93022488396792
235,275,299,10.5325,2.49165932602819
235,275,299,10.54,1.79644855878837
235,275,299,10.5475,0.782143362520131
235,275,299,10.555,-0.135321204426277
235,275,299,10.5625,-1.10555556954698
235,275,299,10.57,-2.23092746996641
235,275,299,10.5775,3.14151207505755
235,275,299,10.585,2.26436370264092
235,275,299,10.5925,1.06606423985282
235,275,299,10.6,-0.391097094354517
235,275,299,10.6075,2.0612055545133
235,275,299,10.615,0.937093520114
235,275,299,10.6225,-0.151360583305879
235,275,299,10.63,-1.13001666513641
235,275,299,10.6375,-2.53072222507391
235,275,299,10.645,2.17076734606603
235,275,299,10.6525,1.94965603598359
235,275,299,10.66,0.73392175106673
235,275,299,10.6675,-0.211315309292118
235,275,299,10.675,-1.61631368895331
235,275,299,10.6825,-2.39902138456134
235,275,299,10.69,2.89197711404597
235,275,299,10.6975,2.18102543845311
235,275,299,10.705,1.17614351053301
235,275,299,10.7125,0.0391420533972189
235,275,299,10.72,-0.847524881712501
235,275,299,10.7275,-2.29822999093743
235,275,299,10.735,-2.37840363468515
235,275,299,10.7425,2.47558676266699
235,275,299,10.75,1.75061688525412
235,275,299,10.7575,0.938711532880553
235,275,299,10.765,-0.245458119150942
235,275,299,10.7725,-0.958886906138066
235,275,299,10.78,-2.00737938984872
235,275,299,10.7875,-2.69975574289004
235,275,299,10.795,2.17056704541679
235,275,299,10.8025,1.18701261861875
235,275,299,10.81,0.886988456348432
235,275,299,10.8175,-0.698317719772819
235,275,299,10.825,-0.773671043953148
235,275,299,10.8325,-1.88669251993107
235,275,299,10.84,-2.42162511019117
235,275,299,10.8475,-2.86241495110868
235,275,299,10.855,2.51512626519614
235,275,299,10.8625,2.17909254668011
235,275,299,10.87,0.562496163527232
235,275,299,10.8775,0.051455795911935
235,275,299,10.885,-1.00036098740813
235,275,299,10.8925,-2.28922108090289
235,275,299,10.9,2.97576969927022
235,275,299,10.9075,2.02705646274685
235,275,299,10.915,0.912921800792341
235,275,299,10.9225,-0.0734912853335655
235,275,299,10.93,-1.04981562884649
235,275,299,10.9375,-2.25461861716129
235,275,299,10.945,3.09165979543845
235,275,299,10.9525,1.95925659288406
235,275,299,10.96,1.16342628889851
235,275,299,10.9675,0.104685815022386
235,275,299,10.975,-0.812579873913708
235,275,299,10.9825,-2.03742972571102
235,275,299,10.99,-2.58710433687581
235,275,299,10.9975,2.74307729898026
235,275,299,11.005,1.89183006976527
235,275,299,11.0125,1.33153438782541
235,275,299,11.02,0.0350222419886218
235,275,299,11.0275,-0.74570735197541
235,275,299,11.035,-1.21611979634203
235,275,299,11.0425,-1.7795484635879
235,275,299,11.05,-2.53845826243583
235,275,299,11.0575,-2.37969689579333
235,275,299,11.065,2.48253050222904
235,275,299,11.0725,0.111909697003851
235,275,299,11.08,0.573131623730362
235,275,299,11.0875,-0.862025343201437
235,275,299,11.095,-1.64814532161504
235,275,299,11.1025,-2.83833225068482
235,275,299,11.11,3.06036046388971
235,275,299,11.1175,2.46438464089746
235,275,299,11.125,1.13285406887492
235,275,299,11.1325,0.559609808426244
235,275,299,11.14,-0.229404668557516
235,275,299,11.1475,-1.48729086159559
235,275,299,11.155,-2.35499518678578
235,275,299,11.1625,2.90599677090587
235,275,299,11.17,1.49470440057723
235,275,299,11.1775,0.582983811082643
235,275,299,11.185,-0.278715023992589
235,275,299,11.1925,-1.20949860198255
235,275,299,11.2,-2.18119646376076
235,275,299,11.2075,3.06125092147581
235,275,299,11.215,1.9808188576309
235,275,299,11.2225,0.948082335365291
235,275,299,11.23,0.319060488604822
235,275,299,11.2375,0.14785559794302
235,275,299,11.245,-1.56756746030282
235,275,299,11.2525,-2.64789644300017
235,275,299,11.26,2.98673659615655
235,275,299,11.2675,2.36604903742793
235,275,299,11.275,1.35129626499489
235,275,299,11.2825,0.593218337797924
235,275,299,11.29,-0.625210439846146
235,275,299,11.2975,-1.20798963395202
235,275,299,11.305,-2.6115962277792
235,275,299,11.3125,2.99602253916464
235,275,299,11.32,1.89334065849028
235,275,299,11.3275,1.25885228617894
235,275,299,11.335,0.215164094454851
235,275,299,11.3425,-0.851527060420155
235,275,299,11.35,-1.46363148601295
235,275,299,11.3575,-2.06922801841889
235,275,299,11.365,-2.97504346661127
235,275,299,11.3725,2.55216517284614
235,275,299,11.38,1.61429962123485
235,275,299,11.3875,0.533504726181012
235,275,299,11.395,-0.0776178985260094
235,275,299,11.4025,-1.06519282563205
235,275,299,11.41,-2.04317303836502
235,275,299,11.4175,-3.12793331049274
235,275,299,11.425,2.25894650745983
235,275,299,11.4325,1.11828587449241
235,275,299,11.44,0.156317866620587
235,275,299,11.4475,-0.972221495631041
235,275,299,11.455,-2.04327914024958
235,275,299,11.4625,-2.79877284711627
235,275,299,11.47,2.15556928574708
235,275,299,11.4775,1.7983896944269
235,275,299,11.485,-0.349373502913341
235,275,299,11.4925,-2.06431684325532
235,275,299,11.5,-2.20125335921706
235,275,299,11.5075,-1.5016082053459
235,275,299,11.515,-1.64791506775582
235,275,299,11.5225,-2.17550343242151
235,275,299,11.53,2.85037673376744
235,275,299,11.5375,2.32702073854763
235,275,299,11.545,1.08217135051814
235,275,299,11.5525,0.135037580239283
235,275,299,11.56,-0.800111857533804
235,275,299,11.5675,-1.82781991955231
235,275,299,11.575,-2.50527355403849
235,275,299,11.5825,2.68866010456156
235,275,299,11.59,1.79940708206124
235,275,299,11.5975,0.658891722092526
235,275,299,11.605,-0.118007200535233
235,275,299,11.6125,-1.28263220394367
235,275,299,11.62,-2.24477591521757
235,275,299,11.6275,-3.05622228331666
235,275,299,11.635,2.26331380552061
235,275,299,11.6425,1.31612752546983
235,275,299,11.65,0.17776243707076
235,275,299,11.6575,-0.698194193226793
235,275,299,11.665,-1.84888192534675
235,275,299,11.6725,-2.82629819743774
235,275,299,11.68,2.65031924487764
235,275,299,11.6875,1.51511888421167
235,275,299,11.695,0.391356253812273
235,275,299,11.7025,-0.419543542172551
235,275,299,11.71,-1.41080268231012
235,275,299,11.7175,-2.74066615512444
235,275,299,11.725,2.37569218745215
235,275,299,11.7325,0.863828229967885
235,275,299,11.74,0.193937313033135
235,275,299,11.7475,0.241208800429892
235,275,299,11.755,3.01247354664932
235,275,299,11.7625,0.921212592569294
235,275,299,11.77,0.314490095965553
235,275,299,11.7775,-1.84858458348281
235,275,299,11.785,-2.49237767532359
235,275,299,11.7925,2.2693735908803
235,275,299,11.8,1.33217499524483
235,275,299,11.8075,0.283436718744851
235,275,299,11.815,-0.208797957239029
235,275,299,11.8225,-1.24937571709114
235,275,299,11.83,-2.63958985480602
235,275,299,11.8375,2.79987266433713
235,275,299,11.845,1.89387313006101
235,275,299,11.8525,0.898766241827013
235,275,299,11.86,0.557565290301014
235,275,299,11.8675,-0.341835684625304
235,275,299,11.875,-1.1715677227104
235,275,299,11.8825,-2.35490912016293
235,275,299,11.89,3.01089161882835
235,275,299,11.8975,2.12709133543873
235,275,299,11.905,1.00608936980495
235,275,299,11.9125,-0.146120577608961
235,275,299,11.92,-0.960009433783065
235,275,299,11.9275,-2.02539872480737
235,275,299,11.935,-2.99318134780937
235,275,299,11.9425,2.05884195127395
235,275,299,11.95,0.749553821129619
235,275,299,11.9575,0.187411181242474
235,275,299,11.965,-0.667442649323717
235,275,299,11.9725,-1.84145241323832
235,275,299,11.98,-2.85723918454413
235,275,299,11.9875,-2.8714932777157
235,275,299,11.995,2.06155494175732
235,275,299,12.0025,1.64721057531823
235,275,299,12.01,0.929783055933322
235,275,299,12.0175,0.662747727220579
235,275,299,12.025,-0.215951544551585
235,275,299,12.0325,-1.21318876924564
235,275,299,12.04,-2.21751059169135
235,275,299,12.0475,2.65014995321005
235,275,299,12.055,1.7564346871248
235,275,299,12.0625,0.840244279030622
235,275,299,12.07,0.120842384285049
235,275,299,12.0775,-1.15382618707404
235,275,299,12.085,-1.94566659292901
235,275,299,12.0925,-3.00294694748747
235,275,299,12.1,2.06343027175548
235,275,299,12.1075,1.23097497397937
235,275,299,12.115,0.688880109114624
235,275,299,12.1225,-0.306135211859296
235,275,299,12.13,-1.25521631595203
235,275,299,12.1375,-2.23957785675104
235,275,299,12.145,-3.090717364546
235,275,299,12.1525,2.14404277255396
235,275,299,12.16,1.27578951499349
235,275,299,12.1675,0.146175974435193
235,275,299,12.175,-1.08889770182179
235,275,299,12.1825,-1.89219886419416
235,275,299,12.19,-2.97483419517653
235,275,299,12.1975,2.06385709422081
235,275,299,12.205,0.802210455222325
235,275,299,12.2125,0.00645479900034301
235,275,299,12.22,-1.24085976394497
235,275,299,12.2275,-2.85298287121347
235,275,299,12.235,1.6078860143915
235,275,299,12.2425,0.49746881368188
235,275,299,12.25,-1.15681219532623
235,275,299,12.2575,-2.26157685284525
235,275,299,12.265,2.49369180349111
235,275,299,12.2725,2.19428539189044
235,275,299,12.28,0.464008185637554
235,275,299,12.2875,-0.540335515021963
235,275,299,12.295,-1.40947801880788
235,275,299,12.3025,-2.51988181860363
235,275,299,12.31,2.57901788456504
235,275,299,12.3175,1.68403798512629
235,275,299,12.325,0.945747087694446
235,275,299,12.3325,-0.187270874438782
235,275,299,12.34,-1.03152512216459
235,275,299,12.3475,-2.10415999362918
235,275,299,12.355,-3.10966331641299
235,275,299,12.3625,2.01792427722395
235,275,299,12.37,0.984209254089686
235,275,299,12.3775,0.113741296922246
235,275,299,12.385,-0.866326185893971
235,275,299,12.3925,-1.72580795567152
235,275,299,12.4,-2.96005316263824
235,275,299,12.4075,2.68452519306532
235,275,299,12.415,1.83041190370022
235,275,299,12.4225,0.542808561103713
235,275,299,12.43,-0.321643752944957
235,275,299,12.4375,-1.11382958727429
235,275,299,12.445,-2.14493884425309
235,275,299,12.4525,2.46328169834169
235,275,299,12.46,2.08131861175622
235,275,299,12.4675,0.62148268933334
235,275,299,12.475,0.110900123158849
235,275,299,12.4825,-0.793643234016007
235,275,299,12.49,2.01004531197342
235,275,299,12.4975,2.15856746180492
235,275,299,12.505,-1.1966197861554
235,275,299,12.5125,-0.65573728122305
235,275,299,12.52,-3.02769848734755
235,275,299,12.5275,2.20332294615801
235,275,299,12.535,0.807182755585499
235,275,299,12.5425,-0.0417901291815511
235,275,299,12.55,-0.979869401437912
235,275,299,12.5575,-1.95421782789868
235,275,299,12.565,2.80751203795959
235,275,299,12.5725,2.06176805261266
235,275,299,12.58,1.30358760699451
235,275,299,12.5875,0.323189476484646
235,275,299,12.595,-0.811255806499264
235,275,299,12.6025,-2.3871642682768
235,275,299,12.61,-2.94163647217633
235,275,299,12.6175,2.1501291602796
235,275,299,12.625,1.85651768293487
235,275,299,12.6325,0.857893980778742
235,275,299,12.64,-0.352380846963149
235,275,299,12.6475,-0.722949246598457
235,275,299,12.655,-1.72587305548293
235,275,299,12.6625,-2.83275681097098
235,275,299,12.67,2.65390088798547
235,275,299,12.6775,1.62275239638242
235,275,299,12.685,0.697977332384382
235,275,299,12.6925,-0.524563232785638
235,275,299,12.7,-1.76416557390171
235,275,299,12.7075,-2.38694369736292
235,275,299,12.715,2.93223961232151
235,275,299,12.7225,1.64330815262939
235,275,299,12.73,0.211505475716742
235,275,299,12.7375,2.17555005186399
235,275,299,12.745,-1.08914603559452
235,275,299,12.7525,-0.0148205978488471
235,275,299,12.76,-0.664614449132509
235,275,299,12.7675,-1.7210592571755
235,275,299,12.775,-2.77228836452688
235,275,299,12.7825,2.7324030656075
235,275,299,12.79,1.75257970718508
235,275,299,12.7975,0.531076740969325
235,275,299,12.805,-0.496905408658722
235,275,299,12.8125,-1.74611055238935
235,275,299,12.82,-2.94558891783811
235,275,299,12.8275,2.11691858762042
235,275,299,12.835,1.16936034221397
235,275,299,12.8425,0.327314733418678
235,275,299,12.85,-0.437204113534547
235,275,299,12.8575,-1.58113368047298
235,275,299,12.865,-2.81525013891654
235,275,299,12.8725,2.08604987628014
235,275,299,12.88,1.34841573091551
235,275,299,12.8875,0.944938691215312
235,275,299,12.895,0.217045265885137
235,275,299,12.9025,-0.481415553913357
235,275,299,12.91,-1.77413313110303
235,275,299,12.9175,-2.78859706966962
235,275,299,12.925,2.63816850265123
235,275,299,12.9325,0.946885447587745
235,275,299,12.94,-0.236960482229275
235,275,299,12.9475,-0.530086758020529
235,275,299,12.955,-1.84982776451963
235,275,299,12.9625,-2.19123011925174
235,275,299,12.97,1.92349546868165
235,275,299,12.9775,0.659032038059267
235,275,299,12.985,-0.776065612069066
235,275,299,12.9925,-1.89193188536905
235,275,299,13,2.71815258405438
235,275,299,13.0075,1.31038246359899
235,275,299,13.015,0.570750697390814
235,275,299,13.0225,-0.77008057488287
235,275,299,13.03,-2.02199479513313
235,275,299,13.0375,-3.12835028027436
235,275,299,13.045,2.46891600748685
235,275,299,13.0525,1.05472692359453
235,275,299,13.06,0.309353893487564
235,275,299,13.0675,-0.982837610659379
235,275,299,13.075,-2.21680146524008
235,275,299,13.0825,-3.09056923059341
235,275,299,13.09,2.37685189701884
235,275,299,13.0975,0.994585478425522
235,275,299,13.105,0.0102167365082153
235,275,299,13.1125,-1.35606206901994
235,275,299,13.12,-2.25456098206246
235,275,299,13.1275,-2.35325498918246
235,275,299,13.135,-2.95767219021177
235,275,299,13.1425,1.86476845227718
235,275,299,13.15,0.270185433192202
235,275,299,13.1575,0.315921127949644
235,275,299,13.165,-1.21543218098912
235,275,299,13.1725,-1.64954009358507
235,275,299,13.18,-2.84309616390899
235,275,299,13.1875,2.93482235025187
235,275,299,13.195,1.23019178239079
235,275,299,13.2025,1.24476056669306
235,275,299,13.21,-1.3024311820597
235,275,299,13.2175,-1.60101257601447
235,275,299,13.225,-2.39435688072387
235,275,299,13.2325,-1.41825001074135
235,275,299,13.24,2.60456160944002
235,275,299,13.2475,-2.97555864402494
235,275,299,13.255,1.64830243792615
235,275,299,13.2625,1.66391106249885
235,275,299,13.27,-0.537959952254612
235,275,299,13.2775,-0.907077049401432
235,275,299,13.285,-1.69845015259317
235,275,299,13.2925,-2.71738059897629
235,275,299,13.3,2.53167767785724
235,275,299,13.3075,1.16635360724383
235,275,299,13.315,-0.0343983556816541
235,275,299,13.3225,-0.757545552417398
235,275,299,13.33,-1.62855272339592
235,275,299,13.3375,-3.00019102212462
235,275,299,13.345,2.648067806992
235,275,299,13.3525,2.01296384972894
235,275,299,13.36,0.463744463634531
235,275,299,13.3675,-0.640716001488485
235,275,299,13.375,-1.21276715028933
235,275,299,13.3825,-2.39644167822274
235,275,299,13.39,2.99643052683291
235,275,299,13.3975,0.169483681718671
235,275,299,13.405,2.94289078332397
235,275,299,13.4125,1.25243343148963
235,275,299,13.42,0.833346027699369
235,275,299,13.4275,-0.263842339456162
235,275,299,13.435,-1.59259932428712
235,275,299,13.4425,-1.97547687608015
235,275,299,13.45,-2.86958220769998
235,275,299,13.4575,1.97637638745257
235,275,299,13.465,1.60794078160011
235,275,299,13.4725,0.998290461915962
235,275,299,13.48,-0.142956019195535
235,275,299,13.4875,-1.23102548126522
235,275,299,13.495,-1.84143878037108
235,275,299,13.5025,-2.69057314297652
235,275,299,13.51,2.21915407923785
235,275,299,13.5175,1.55283993245423
235,275,299,13.525,0.3416241136462
235,275,299,13.5325,-0.33029753767522
235,275,299,13.54,-1.6222963451806
235,275,299,13.5475,-2.46865321536584
235,275,299,13.555,2.77338941643746
235,275,299,13.5625,1.76545077026515
235,275,299,13.57,0.739792708478423
235,275,299,13.5775,-0.244868153104671
235,275,299,13.585,-1.15261343778234
235,275,299,13.5925,-2.10912463289476
235,275,299,13.6,2.94838352374301
235,275,299,13.6075,1.53226884039598
235,275,299,13.615,1.53319948229335
235,275,299,13.6225,0.215569191988474
235,275,299,13.63,-1.13835894946842
235,275,299,13.6375,-0.970607649811856
235,275,299,13.645,-1.14819020918951
235,275,299,13.6525,-1.57787169354503
235,275,299,13.66,3.10403009036421
235,275,299,13.6675,1.7592528671098
235,275,299,13.675,0.953141098255664
235,275,299,13.6825,0.830180874270038
235,275,299,13.69,-0.385693918026228
235,275,299,13.6975,-1.61158898913093
235,275,299,13.705,-2.42645509988557
235,275,299,13.7125,2.93343147741145
235,275,299,13.72,1.27357756166349
235,275,299,13.7275,1.13808253047796
235,275,299,13.735,0.404063230998163
235,275,299,13.7425,-0.809512007506919
235,275,299,13.75,-0.806463237302543
235,275,299,13.7575,-2.03246818494478
235,275,299,13.765,-2.81736960292541
235,275,299,13.7725,2.39205795762629
235,275,299,13.78,1.39871848078225
235,275,299,13.7875,0.912199169780885
235,275,299,13.795,-0.736649448631897
235,275,299,13.8025,-1.46964455733778
235,275,299,13.81,-2.69839328732349
235,275,299,13.8175,2.6315666667195
235,275,299,13.825,1.39469502599985
235,275,299,13.8325,0.608016146517106
235,275,299,13.84,-0.39443032315044
235,275,299,13.8475,-1.89779087675288
235,275,299,13.855,-2.40550742548563
235,275,299,13.8625,2.53279258596669
235,275,299,13.87,0.874547951659166
235,275,299,13.8775,0.967858537372153
235,275,299,13.885,0.205609447815857
235,275,299,13.8925,0.232957972666024
235,275,299,13.9,-0.313739051675874
235,275,299,13.9075,-1.45249016437818
235,275,299,13.915,-2.58184295489734
235,275,299,13.9225,2.69949739793794
235,275,299,13.93,2.37726172184489
235,275,299,13.9375,0.708618013669769
235,275,299,13.945,-0.481329729629882
235,275,299,13.9525,-1.15706480388418
235,275,299,13.96,-2.33072857131341
235,275,299,13.9675,3.09131931070752
235,275,299,13.975,2.95907903976492
235,275,299,13.9825,1.59586218335304
235,275,299,13.99,0.61922645440169
235,275,299,13.9975,-0.922298732087877
235,275,299,14.005,-0.800043865994544
235,275,299,14.0125,-1.83000674451081
235,275,299,14.02,-2.24704748033024
235,275,299,14.0275,2.84265811359889
235,275,299,14.035,1.88302949257883
235,275,299,14.0425,0.841176347489928
235,275,299,14.05,-0.116367330920186
235,275,299,14.0575,-1.34354804330763
235,275,299,14.065,-2.64433471522225
235,275,299,14.0725,2.69738396215514
235,275,299,14.08,1.99536293417209
235,275,299,14.0875,0.883555367012911
235,275,299,14.095,-0.716880187012456
235,275,299,14.1025,-1.22587325457149
235,275,299,14.11,-2.92539639709699
235,275,299,14.1175,2.50135674512392
235,275,299,14.125,0.784293686077701
235,275,299,14.1325,-0.57014365988113
235,275,299,14.14,2.55714256081424
235,275,299,14.1475,2.25056677707176
235,275,299,14.155,0.694294247946361
235,275,299,14.1625,-0.497016336500449
235,275,299,14.17,-0.913933234719387
235,275,299,14.1775,-2.50524622349851
235,275,299,14.185,2.74942890483483
235,275,299,14.1925,1.53368107119277
235,275,299,14.2,0.955814502222026
235,275,299,14.2075,-0.30560537448041
235,275,299,14.215,-1.22382871620756
235,275,299,14.2225,-2.33312951957035
235,275,299,14.23,2.91799272098989
235,275,299,14.2375,1.92312348404021
235,275,299,14.245,0.650653355534324
235,275,299,14.2525,0.0570134845567755
235,275,299,14.26,-0.655088100319622
235,275,299,14.2675,-1.63250658038373
235,275,299,14.275,-2.32832674998042
235,275,299,14.2825,2.70267152426609
235,275,299,14.29,1.75653525639346
235,275,299,14.2975,0.837180469890808
235,275,299,14.305,-0.432935972382219
235,275,299,14.3125,-0.829811623910806
235,275,299,14.32,-2.06906312317757
235,275,299,14.3275,-3.05193908987673
235,275,299,14.335,2.29010302063267
235,275,299,14.3425,0.387306534074569
235,275,299,14.35,-0.0832550443536591
235,275,299,14.3575,-1.45778629281835
235,275,299,14.365,-2.36378854896653
235,275,299,14.3725,1.23834354931176
235,275,299,14.38,2.40970035945906
235,275,299,14.3875,2.97089743290024
235,275,299,14.395,-2.91188085450297
235,275,299,14.4025,-1.98251080949203
235,275,299,14.41,1.62516375022099
235,275,299,14.4175,-0.639796756567318
235,275,299,14.425,-0.71305705934881
235,275,299,14.4325,-2.60893305623911
235,275,299,14.44,-2.97745068681813
235,275,299,14.4475,1.82302048358087
235,275,299,14.455,0.571791932370608
235,275,299,14.4625,0.00721105283385991
235,275,299,14.47,-1.03208660004833
235,275,299,14.4775,-2.10093236518679
235,275,299,14.485,-2.77169115317482
235,275,299,14.4925,1.59918276808354
235,275,299,14.5,1.41399670382493
235,275,299,14.5075,0.0465045332063732
235,275,299,14.515,-0.503518636921549
235,275,299,14.5225,-1.68678416216338
235,275,299,14.53,-2.29450742868453
235,275,299,14.5375,3.12210832852264
235,275,299,14.545,2.2150320937394
235,275,299,14.5525,2.28912403320764
235,275,299,14.56,1.40857978014828
235,275,299,14.5675,-0.629891395279948
235,275,299,14.575,-1.58606332630699
235,275,299,14.5825,-2.4737768747696
235,275,299,14.59,2.97926130735978
235,275,299,14.5975,1.57396784065861
235,275,299,14.605,0.942815117937015
235,275,299,14.6125,-0.982525746366392
235,275,299,14.62,3.02204630566229
235,275,299,14.6275,3.01048675943539
235,275,299,14.635,1.66855902035857
235,275,299,14.6425,0.101706020408833
235,275,299,14.65,-0.010057538118731
235,275,299,14.6575,2.61726281460876
235,275,299,14.665,2.09152056777874
235,275,299,14.6725,0.784576922216095
235,275,299,14.68,-0.307347906228484
235,275,299,14.6875,-1.28645093119304
235,275,299,14.695,-2.47072901853735
235,275,299,14.7025,-3.08615501897714
235,275,299,14.71,1.75536242400542
235,275,299,14.7175,0.796660208983657
235,275,299,14.725,-0.328323844965523
235,275,299,14.7325,-0.97485003540457
235,275,299,14.74,-2.34326644447709
235,275,299,14.7475,3.01968397701216
235,275,299,14.755,2.48834512627191
235,275,299,14.7625,1.39995907919843
235,275,299,14.77,0.313003582067428
235,275,299,14.7775,-0.531935625384902
235,275,299,14.785,-1.51537735601807
235,275,299,14.7925,-2.4997813285981
235,275,299,14.8,2.13534747404655
235,275,299,14.8075,1.50818743060603
235,275,299,14.815,0.881480666578051
235,275,299,14.8225,-0.305495276222531
235,275,299,14.83,-1.50319500513333
235,275,299,14.8375,-2.29884085790244
235,275,299,14.845,2.33057492328753
235,275,299,14.8525,1.24153884176407
235,275,299,14.86,0.821344444812699
235,275,299,14.8675,-1.22209292232353
235,275,299,14.875,-2.13442944113859
235,275,299,14.8825,2.87964774776344
235,275,299,14.89,1.82076586464766
235,275,299,14.8975,0.635945141852523
235,275,299,14.905,-1.5651579340153
235,275,299,14.9125,-2.26460451532026
235,275,299,14.92,2.55834353771465
235,275,299,14.9275,1.47664687755034
235,275,299,14.935,0.56165489595422
235,275,299,14.9425,-1.08254688913623
235,275,299,14.95,-1.33481379369955
235,275,299,14.9575,-2.63102237431793
235,275,299,14.965,1.91448170930529
235,275,299,14.9725,1.2003070440448
235,275,299,14.98,0.417634591674437
235,275,299,14.9875,-0.781422107633573
235,275,299,14.995,-2.06986916630985
235,275,299,15.0025,3.0450186153214
235,275,299,15.01,2.51119716492907
235,275,299,15.0175,0.764522337688259
235,275,299,15.025,0.629953553841313
235,275,299,15.0325,0.370450061418675
235,275,299,15.04,-1.76916323277903
235,275,299,15.0475,-0.0542909308886657
235,275,299,15.055,-2.64643564122601
235,275,299,15.0625,1.95636719221163
235,275,299,15.07,0.599416329651227
235,275,299,15.0775,1.14523617307856
235,275,299,15.085,-0.166360420126355
235,275,299,15.0925,-0.210696140497426
235,275,299,15.1,-1.50884640763184
235,275,299,15.1075,-2.19989580131849
235,275,299,15.115,0.485957596599637
235,275,299,15.1225,-2.53853596756591
235,275,299,15.13,2.22147238031152
235,275,299,15.1375,2.97917314908374
235,275,299,15.145,-0.475976018017814
235,275,299,15.1525,-0.165994006921263
235,275,299,15.16,-1.44667694490113
235,275,299,15.1675,-2.19066367429778
235,275,299,15.175,2.61231051644098
235,275,299,15.1825,1.24207555813189
235,275,299,15.19,0.301457603921288
235,275,299,15.1975,-0.440702625094717
235,275,299,15.205,-1.38673661858043
235,275,299,15.2125,-2.58174510722931
235,275,299,15.22,2.18523519551424
235,275,299,15.2275,1.6800790105348
235,275,299,15.235,0.839297966670606
235,275,299,15.2425,0.141637909854889
235,275,299,15.25,-2.02122245852515
235,275,299,15.2575,2.45177056062348
235,275,299,15.265,2.43594546230423
235,275,299,15.2725,2.41154849356827
235,275,299,15.28,1.08701327754563
235,275,299,15.2875,0.681137695835341
235,275,299,15.295,-1.30898328384967
235,275,299,15.3025,-2.24243282372816
235,275,299,15.31,-2.7407379143471
235,275,299,15.3175,-3.07802611801229
235,275,299,15.325,-2.78649834019715
235,275,299,15.3325,2.7271050417563
235,275,299,15.34,0.971419849928189
235,275,299,15.3475,-2.4351533218981
235,275,299,15.355,1.835802169005
235,275,299,15.3625,-0.000659401212328593
235,275,299,15.37,2.68748507693495
235,275,299,15.3775,-2.19980752814668
235,275,299,15.385,-2.45032910839648
235,275,299,15.3925,-2.9529149124777
235,275,299,15.4,1.48080964340075
235,275,299,15.4075,0.930022612286672
235,275,299,15.415,-0.610096528500072
235,275,299,15.4225,-1.89465871832056
235,275,299,15.43,-2.53714147572982
235,275,299,15.4375,2.18056864905836
235,275,299,15.445,1.28470360534395
235,275,299,15.4525,-0.118360030376093
235,275,299,15.46,-0.689718256100715
235,275,299,15.4675,-1.33686856298151
235,275,299,15.475,-3.00541694288314
235,275,299,15.4825,2.42415777142871
235,275,299,15.49,1.25247280229109
235,275,299,15.4975,-0.116590213385001
235,275,299,15.505,-0.668760331282098
235,275,299,15.5125,-0.974583658201603
235,275,299,15.52,-2.12429029551105
235,275,299,15.5275,-2.16397907745092
235,275,299,15.535,1.69161725472268
235,275,299,15.5425,1.26892442692974
235,275,299,15.55,0.15877745801684
235,275,299,15.5575,-1.36648847996578
235,275,299,15.565,-1.9272681059824
235,275,299,15.5725,-0.287085276015391
235,275,299,15.58,2.84728458989236
235,275,299,15.5875,2.30350657142007
235,275,299,15.595,0.825408305110853
235,275,299,15.6025,0.0120498257972347
235,275,299,15.61,-1.40417403407015
235,275,299,15.6175,-0.0746126225836536
235,275,299,15.625,-2.13263371183712
235,275,299,15.6325,1.295701945848
235,275,299,15.64,2.47333604952466
235,275,299,15.6475,-1.15006115634622
235,275,299,15.655,-1.20659041364246
235,275,299,15.6625,1.01854767359783
235,275,299,15.67,0.135080359184322
235,275,299,15.6775,-1.16310122412154
235,275,299,15.685,-2.65052784670599
235,275,299,15.6925,1.99218458157917
235,275,299,15.7,1.77027789045694
235,275,299,15.7075,0.654168111537796
235,275,299,15.715,-0.130684259897644
235,275,299,15.7225,-0.963079127977963
235,275,299,15.73,-3.12614529166598
235,275,299,15.7375,1.88951188892502
235,275,299,15.745,-1.84448386412083
235,275,299,15.7525,0.541643462216999
235,275,299,15.76,1.07889276257908
235,275,299,15.7675,0.580774655530445
235,275,299,15.775,-1.48821545193562
235,275,299,15.7825,-0.912248185369019
235,275,299,15.79,-2.08485294092698
235,275,299,15.7975,3.03010230489594
235,275,299,15.805,1.41640476738793
235,275,299,15.8125,0.307704071675495
235,275,299,15.82,0.420144535651402
235,275,299,15.8275,-1.40099880261455
235,275,299,15.835,-2.93295646937871
235,275,299,15.8425,-2.7531475880493
235,275,299,15.85,2.39040401370391
235,275,299,15.8575,0.80099552535195
235,275,299,15.865,-2.319351601963
235,275,299,15.8725,-2.09815621582991
235,275,299,15.88,-1.85840904795543
235,275,299,15.8875,-1.93168615995512
235,275,299,15.895,2.75254914612456
235,275,299,15.9025,1.99756027538513
235,275,299,15.91,2.21716296467091
235,275,299,15.9175,-1.63089219208611
235,275,299,15.925,0.0899523221215044
235,275,299,15.9325,-0.909263776340286
235,275,299,15.94,-1.50427208560751
235,275,299,15.9475,2.72492948198522
235,275,299,15.955,1.73899479078878
235,275,299,15.9625,0.134122462247941
235,275,299,15.97,0.187992606045546
235,275,299,15.9775,-1.34173686866149
235,275,299,15.985,-2.21180939766349
235,275,299,15.9925,2.8539139109533
235,275,299,16,1.66699675212815
235,275,298,4,-1.23730741428172
235,275,298,4.0075,-2.20902588404423
235,275,298,4.015,3.07633504807003
235,275,298,4.0225,2.19735043431846
235,275,298,4.03,1.35328519956083
235,275,298,4.0375,0.383316546735557
235,275,298,4.045,-0.545642529040526
235,275,298,4.0525,-1.16018989163465
235,275,298,4.06,-2.04860058190994
235,275,298,4.0675,-2.88410413163226
235,275,298,4.075,2.52164099226194
235,275,298,4.0825,1.41042736898793
235,275,298,4.09,0.690043070805195
235,275,298,4.0975,-0.317192515467843
235,275,298,4.105,-1.22816464475899
235,275,298,4.1125,-2.18808769129762
235,275,298,4.12,-2.9317337365818
235,275,298,4.1275,2.52467955872675
235,275,298,4.135,1.72018699464451
235,275,298,4.1425,0.746701092955996
235,275,298,4.15,-0.208229403192107
235,275,298,4.1575,-1.39434814589354
235,275,298,4.165,-2.26573878060059
235,275,298,4.1725,3.03097323870624
235,275,298,4.18,2.13477348198974
235,275,298,4.1875,1.25644987533161
235,275,298,4.195,0.397077138115632
235,275,298,4.2025,-0.36910033731898
235,275,298,4.21,-1.23629850305554
235,275,298,4.2175,-2.14853525940402
235,275,298,4.225,-3.10306315904087
235,275,298,4.2325,2.06348323147399
235,275,298,4.24,1.00198443724796
235,275,298,4.2475,-0.0455191851715302
235,275,298,4.255,-1.06806232280536
235,275,298,4.2625,-2.22291685307807
235,275,298,4.27,-2.9584771976063
235,275,298,4.2775,2.50677014869891
235,275,298,4.285,2.02221968811523
235,275,298,4.2925,1.00883939280953
235,275,298,4.3,0.0207853340825762
235,275,298,4.3075,-0.760097108024406
235,275,298,4.315,-2.08137665072543
235,275,298,4.3225,-2.09916567127651
235,275,298,4.33,2.90381960768693
235,275,298,4.3375,2.49168829090757
235,275,298,4.345,2.18067360785388
235,275,298,4.3525,1.3208714497927
235,275,298,4.36,0.152850434354924
235,275,298,4.3675,-0.610372858741983
235,275,298,4.375,-1.57769725145258
235,275,298,4.3825,-2.46620416114084
235,275,298,4.39,2.79549798791032
235,275,298,4.3975,1.61343068159363
235,275,298,4.405,0.670401079043144
235,275,298,4.4125,-0.290944573566691
235,275,298,4.42,-1.37556674214699
235,275,298,4.4275,-2.39612439581043
235,275,298,4.435,2.97616731575426
235,275,298,4.4425,1.9943676277084
235,275,298,4.45,0.982383984259767
235,275,298,4.4575,0.132208478438712
235,275,298,4.465,-0.790848108817027
235,275,298,4.4725,-1.84277566531849
235,275,298,4.48,-2.75008422513276
235,275,298,4.4875,2.56008592669969
235,275,298,4.495,1.54815114837746
235,275,298,4.5025,0.478631184887923
235,275,298,4.51,-0.423406532704523
235,275,298,4.5175,-1.47512090928063
235,275,298,4.525,-2.72067184641764
235,275,298,4.5325,2.65082281465656
235,275,298,4.54,1.99268808501934
235,275,298,4.5475,0.803877604210954
235,275,298,4.555,0.0377126247050033
235,275,298,4.5625,-1.02779295666243
235,275,298,4.57,-2.09132062292914
235,275,298,4.5775,-3.05796724575208
235,275,298,4.585,1.56891336359435
235,275,298,4.5925,-0.946439141658162
235,275,298,4.6,-2.62630612327832
235,275,298,4.6075,2.40073631061701
235,275,298,4.615,1.48212997624795
235,275,298,4.6225,0.29016096861112
235,275,298,4.63,-0.733293293368587
235,275,298,4.6375,-1.92189730989224
235,275,298,4.645,-2.94298375195181
235,275,298,4.6525,2.60030987396303
235,275,298,4.66,1.45450779979603
235,275,298,4.6675,0.44500325625472
235,275,298,4.675,-0.391031417659173
235,275,298,4.6825,-1.51381192371709
235,275,298,4.69,-2.45265938990377
235,275,298,4.6975,2.6880184213268
235,275,298,4.705,1.81723803414524
235,275,298,4.7125,0.576927522479118
235,275,298,4.72,0.0128100695649023
235,275,298,4.7275,-0.920226003628003
235,275,298,4.735,-1.69962373352709
235,275,298,4.7425,-2.73573214348539
235,275,298,4.75,2.46820926294963
235,275,298,4.7575,1.40711847678251
235,275,298,4.765,0.326755989265779
235,275,298,4.7725,-0.375725891890912
235,275,298,4.78,-1.62152139595735
235,275,298,4.7875,-2.87998559759896
235,275,298,4.795,3.11090955175097
235,275,298,4.8025,-2.55080262542548
235,275,298,4.81,-2.9526017933814
235,275,298,4.8175,1.65103233408074
235,275,298,4.825,0.977313963864757
235,275,298,4.8325,-0.0232878396546892
235,275,298,4.84,-0.930951773259075
235,275,298,4.8475,-1.90037722651278
235,275,298,4.855,-2.89197346847158
235,275,298,4.8625,2.16952621648324
235,275,298,4.87,1.33721437099018
235,275,298,4.8775,0.244734053078026
235,275,298,4.885,-0.912268592186187
235,275,298,4.8925,-1.85308332839613
235,275,298,4.9,-2.96343147014894
235,275,298,4.9075,2.11675759363167
235,275,298,4.915,1.06464504065049
235,275,298,4.9225,0.139069314954469
235,275,298,4.93,-0.947249300202596
235,275,298,4.9375,-1.74648525396938
235,275,298,4.945,-2.70465566897181
235,275,298,4.9525,2.48048746610282
235,275,298,4.96,1.60749271440975
235,275,298,4.9675,0.480913521055959
235,275,298,4.975,0.126044428744569
235,275,298,4.9825,-1.32882114177659
235,275,298,4.99,3.03291994186164
235,275,298,4.9975,-2.95346123411128
235,275,298,5.005,1.64022339254539
235,275,298,5.0125,1.17911408676138
235,275,298,5.02,-1.6470465192583
235,275,298,5.0275,-2.63907945511531
235,275,298,5.035,2.12275871365442
235,275,298,5.0425,1.49397236756765
235,275,298,5.05,0.19786103539022
235,275,298,5.0575,-1.00013793541084
235,275,298,5.065,-2.17600135079103
235,275,298,5.0725,-3.08419331948638
235,275,298,5.08,1.88798671566079
235,275,298,5.0875,0.761937024503694
235,275,298,5.095,-0.290172016791124
235,275,298,5.1025,-1.3432598294877
235,275,298,5.11,-2.29183414712216
235,275,298,5.1175,2.97134502411242
235,275,298,5.125,1.80755774769171
235,275,298,5.1325,0.757516213933868
235,275,298,5.14,-0.145968987731213
235,275,298,5.1475,-1.2864848136255
235,275,298,5.155,-2.36099350075328
235,275,298,5.1625,2.74661195495539
235,275,298,5.17,1.49426084888593
235,275,298,5.1775,0.678401900160365
235,275,298,5.185,-0.227452894419584
235,275,298,5.1925,-1.00013653304306
235,275,298,5.2,-1.18303605262602
235,275,298,5.2075,-1.90193784332293
235,275,298,5.215,2.87111619400749
235,275,298,5.2225,2.24765598485812
235,275,298,5.23,0.876925387393386
235,275,298,5.2375,-0.0244981130365704
235,275,298,5.245,-0.463634552438529
235,275,298,5.2525,-1.25126035280637
235,275,298,5.26,-2.35071330650847
235,275,298,5.2675,-2.62581289085208
235,275,298,5.275,-1.49613061701849
235,275,298,5.2825,-2.69055148616611
235,275,298,5.29,2.22905587738972
235,275,298,5.2975,1.55515128817022
235,275,298,5.305,-0.312217902740597
235,275,298,5.3125,-1.011800400248
235,275,298,5.32,-1.94464854017372
235,275,298,5.3275,-2.86684046429859
235,275,298,5.335,2.24979596701308
235,275,298,5.3425,1.54793928076448
235,275,298,5.35,0.51412734020611
235,275,298,5.3575,-0.362350265769466
235,275,298,5.365,-1.49266408583944
235,275,298,5.3725,-2.12609832965627
235,275,298,5.38,2.89284940459239
235,275,298,5.3875,2.06342315661801
235,275,298,5.395,0.931314869673728
235,275,298,5.4025,0.051654013715064
235,275,298,5.41,-1.08150930902214
235,275,298,5.4175,-2.20576063592856
235,275,298,5.425,2.96704425313066
235,275,298,5.4325,1.77745136466869
235,275,298,5.44,0.623413394026673
235,275,298,5.4475,-0.514542071518473
235,275,298,5.455,-2.48744766212281
235,275,298,5.4625,1.63481385564495
235,275,298,5.47,0.180961494523284
235,275,298,5.4775,-1.09902610859766
235,275,298,5.485,-1.85208750655278
235,275,298,5.4925,-2.70299645853986
235,275,298,5.5,2.12902972209031
235,275,298,5.5075,0.847006784417459
235,275,298,5.515,-0.33280200778289
235,275,298,5.5225,-1.30430704214124
235,275,298,5.53,-2.1729644494492
235,275,298,5.5375,-2.9906624099853
235,275,298,5.545,2.13201896005863
235,275,298,5.5525,1.20458620186877
235,275,298,5.56,0.64922876477638
235,275,298,5.5675,-0.504977479317944
235,275,298,5.575,-1.4370032013159
235,275,298,5.5825,-2.26539877459722
235,275,298,5.59,2.80717802277225
235,275,298,5.5975,1.7843191531391
235,275,298,5.605,0.826619959146527
235,275,298,5.6125,-0.060789849770072
235,275,298,5.62,-1.1065539692492
235,275,298,5.6275,-2.07498245151132
235,275,298,5.635,2.99224049275883
235,275,298,5.6425,1.80478174587698
235,275,298,5.65,0.787279063574014
235,275,298,5.6575,-0.335912598263551
235,275,298,5.665,-1.47291779367805
235,275,298,5.6725,-2.57364370907541
235,275,298,5.68,2.61818198728744
235,275,298,5.6875,1.4674109391918
235,275,298,5.695,0.0261512530929657
235,275,298,5.7025,-1.3378568051203
235,275,298,5.71,-2.46155933605097
235,275,298,5.7175,2.45133798566947
235,275,298,5.725,1.04699879023477
235,275,298,5.7325,0.00528218013978827
235,275,298,5.74,-1.25606006363277
235,275,298,5.7475,-2.37487735140511
235,275,298,5.755,2.83276979936244
235,275,298,5.7625,1.70274222958412
235,275,298,5.77,0.667525349708021
235,275,298,5.7775,-0.391690613887419
235,275,298,5.785,-1.49811523970769
235,275,298,5.7925,-2.62203398624371
235,275,298,5.8,2.77810858449838
235,275,298,5.8075,1.91645805520554
235,275,298,5.815,1.04029648599917
235,275,298,5.8225,0.106542565557462
235,275,298,5.83,-0.956511806918531
235,275,298,5.8375,-1.75754769044276
235,275,298,5.845,-2.91088706374525
235,275,298,5.8525,2.6463993933844
235,275,298,5.86,1.51845851032787
235,275,298,5.8675,0.533280578220857
235,275,298,5.875,-0.608861391135666
235,275,298,5.8825,-1.52376107658435
235,275,298,5.89,-2.62118077755789
235,275,298,5.8975,2.7187174562012
235,275,298,5.905,1.80322909827848
235,275,298,5.9125,0.406055146679279
235,275,298,5.92,-1.04357704574831
235,275,298,5.9275,-2.16979549450127
235,275,298,5.935,2.18873411542056
235,275,298,5.9425,0.304872272765706
235,275,298,5.95,-0.771272416156475
235,275,298,5.9575,-2.18125406504735
235,275,298,5.965,-3.07655499215157
235,275,298,5.9725,1.68108427721896
235,275,298,5.98,0.706740627846548
235,275,298,5.9875,-0.0905465552751072
235,275,298,5.995,-1.47428277567818
235,275,298,6.0025,-2.43199084652007
235,275,298,6.01,2.88169934375635
235,275,298,6.0175,1.76836667738675
235,275,298,6.025,0.76904365955653
235,275,298,6.0325,-0.508701541955533
235,275,298,6.04,-1.5713117175532
235,275,298,6.0475,-2.38500518969833
235,275,298,6.055,2.60514568542312
235,275,298,6.0625,2.14723137692599
235,275,298,6.07,1.86761438419478
235,275,298,6.0775,1.09282435427003
235,275,298,6.085,0.553881597763409
235,275,298,6.0925,-0.923872161149584
235,275,298,6.1,-1.74633577314691
235,275,298,6.1075,-2.83058492501991
235,275,298,6.115,2.4728726893474
235,275,298,6.1225,1.4450106509732
235,275,298,6.13,0.356749286859909
235,275,298,6.1375,-0.660893960999484
235,275,298,6.145,-1.9692480203027
235,275,298,6.1525,3.10757429705695
235,275,298,6.16,1.79560311560737
235,275,298,6.1675,-0.133279307544212
235,275,298,6.175,-1.30469469312836
235,275,298,6.1825,3.1301212898457
235,275,298,6.19,1.92714943581163
235,275,298,6.1975,0.523531986621725
235,275,298,6.205,-0.450570131296199
235,275,298,6.2125,-1.58184650300055
235,275,298,6.22,-2.57712146376267
235,275,298,6.2275,2.55672025163196
235,275,298,6.235,1.38549714557839
235,275,298,6.2425,0.547320301225311
235,275,298,6.25,-0.560249774482675
235,275,298,6.2575,-1.76846797776049
235,275,298,6.265,-2.66651157075964
235,275,298,6.2725,2.58318717973627
235,275,298,6.28,1.39585591778734
235,275,298,6.2875,0.665201269418814
235,275,298,6.295,-0.385923653217919
235,275,298,6.3025,-1.27782027156334
235,275,298,6.31,-2.31834090331942
235,275,298,6.3175,-2.94725881270497
235,275,298,6.325,2.13817663990622
235,275,298,6.3325,1.40674764301941
235,275,298,6.34,0.443829948694833
235,275,298,6.3475,-0.554827136634469
235,275,298,6.355,-1.59502969385898
235,275,298,6.3625,-2.6584052001993
235,275,298,6.37,3.01321905619219
235,275,298,6.3775,1.95958634819068
235,275,298,6.385,0.809398499751591
235,275,298,6.3925,-0.203076430499911
235,275,298,6.4,-1.40992670763673
235,275,298,6.4075,-3.03878927253908
235,275,298,6.415,2.3099191836115
235,275,298,6.4225,2.82703584955925
235,275,298,6.43,-1.98848364472938
235,275,298,6.4375,2.66419184914659
235,275,298,6.445,1.97990388819783
235,275,298,6.4525,0.864281301271416
235,275,298,6.46,-0.327468691078041
235,275,298,6.4675,-1.06031243774951
235,275,298,6.475,-2.49802691971711
235,275,298,6.4825,-3.10317432277137
235,275,298,6.49,2.07516320721581
235,275,298,6.4975,0.994073112399544
235,275,298,6.505,0.291653368860488
235,275,298,6.5125,-0.909228386880823
235,275,298,6.52,-1.90507780421913
235,275,298,6.5275,-2.97184377631197
235,275,298,6.535,2.32827935005477
235,275,298,6.5425,1.72744004111843
235,275,298,6.55,1.03113734655378
235,275,298,6.5575,-0.235326972235899
235,275,298,6.565,-1.23264321788411
235,275,298,6.5725,-1.8976535959685
235,275,298,6.58,3.0424984083682
235,275,298,6.5875,2.29857878315413
235,275,298,6.595,1.07460955589118
235,275,298,6.6025,0.527895708966332
235,275,298,6.61,-0.407270349671389
235,275,298,6.6175,-1.15325179645814
235,275,298,6.625,-2.21196249602399
235,275,298,6.6325,-2.97769383677612
235,275,298,6.64,2.2316183102152
235,275,298,6.6475,1.32030435121227
235,275,298,6.655,0.151169456246135
235,275,298,6.6625,-0.766634799264096
235,275,298,6.67,-1.62092297575068
235,275,298,6.6775,-1.90048593603471
235,275,298,6.685,-2.49700504566865
235,275,298,6.6925,2.30933496301543
235,275,298,6.7,1.7528900220517
235,275,298,6.7075,0.813914478590274
235,275,298,6.715,0.1306880475761
235,275,298,6.7225,-0.888022901572456
235,275,298,6.73,-1.9891817273999
235,275,298,6.7375,-2.85251945504935
235,275,298,6.745,2.59320858472001
235,275,298,6.7525,1.51310072377413
235,275,298,6.76,0.336292950405345
235,275,298,6.7675,-0.60777750291602
235,275,298,6.775,-1.50093870405263
235,275,298,6.7825,-2.66433234765633
235,275,298,6.79,2.96475331965522
235,275,298,6.7975,1.85247583398547
235,275,298,6.805,1.01628297638926
235,275,298,6.8125,0.514853518787351
235,275,298,6.82,-0.443486818024009
235,275,298,6.8275,-1.31109725196942
235,275,298,6.835,-2.36305733693671
235,275,298,6.8425,2.88980782878911
235,275,298,6.85,2.23225677374562
235,275,298,6.8575,1.13048636158003
235,275,298,6.865,0.00721530344041024
235,275,298,6.8725,-0.46493315577269
235,275,298,6.88,-1.516647622934
235,275,298,6.8875,-2.51070689609414
235,275,298,6.895,3.00058065322022
235,275,298,6.9025,2.00393400410509
235,275,298,6.91,0.674734165978789
235,275,298,6.9175,0.104991692005017
235,275,298,6.925,-0.968935672323261
235,275,298,6.9325,-1.50904824661147
235,275,298,6.94,-2.45597437542583
235,275,298,6.9475,-2.48958395075316
235,275,298,6.955,2.7803084925063
235,275,298,6.9625,1.61169540869388
235,275,298,6.97,0.636271028234358
235,275,298,6.9775,-0.168595751105242
235,275,298,6.985,-1.24436343408813
235,275,298,6.9925,-2.14951385804197
235,275,298,7,3.08123278299531
235,275,298,7.0075,2.02525689748896
235,275,298,7.015,1.04664596907632
235,275,298,7.0225,-0.0234507326787988
235,275,298,7.03,-0.988935939496021
235,275,298,7.0375,-1.89848944035281
235,275,298,7.045,-2.99705988529056
235,275,298,7.0525,2.32128673769896
235,275,298,7.06,1.64069454042156
235,275,298,7.0675,0.32700077981519
235,275,298,7.075,-0.343199050906147
235,275,298,7.0825,-1.11368539694635
235,275,298,7.09,-2.02990790356836
235,275,298,7.0975,-2.74067636796187
235,275,298,7.105,2.68619204552332
235,275,298,7.1125,1.78021879481433
235,275,298,7.12,0.775614077708946
235,275,298,7.1275,0.180361193725467
235,275,298,7.135,-1.00332320903242
235,275,298,7.1425,-2.20350109241782
235,275,298,7.15,3.13182018687366
235,275,298,7.1575,2.46994370845286
235,275,298,7.165,1.33374659971393
235,275,298,7.1725,0.665763295817418
235,275,298,7.18,-0.312910561598418
235,275,298,7.1875,-0.7394374879979
235,275,298,7.195,-1.77258112173073
235,275,298,7.2025,-2.34504818055829
235,275,298,7.21,2.99787353750493
235,275,298,7.2175,2.0071752484347
235,275,298,7.225,0.956876262219959
235,275,298,7.2325,-0.142631854306806
235,275,298,7.24,-0.845130823983437
235,275,298,7.2475,-2.0112748437929
235,275,298,7.255,-2.94884136473946
235,275,298,7.2625,2.51531023174275
235,275,298,7.27,1.43787332292695
235,275,298,7.2775,0.486121473173881
235,275,298,7.285,-0.621606246421367
235,275,298,7.2925,-1.59313441585434
235,275,298,7.3,-2.60570400411312
235,275,298,7.3075,2.88000590936093
235,275,298,7.315,2.03169420700282
235,275,298,7.3225,1.40265993942461
235,275,298,7.33,0.515003777317769
235,275,298,7.3375,-0.26008033906481
235,275,298,7.345,-1.13074163165915
235,275,298,7.3525,-1.68800482965212
235,275,298,7.36,-2.64225800048776
235,275,298,7.3675,2.50200697633788
235,275,298,7.375,1.60214701072104
235,275,298,7.3825,0.445177894216045
235,275,298,7.39,-0.531807269816964
235,275,298,7.3975,-1.51910073674714
235,275,298,7.405,-2.43074517900749
235,275,298,7.4125,2.73897067314046
235,275,298,7.42,1.64742521572325
235,275,298,7.4275,0.947070736366019
235,275,298,7.435,0.0304898751302762
235,275,298,7.4425,-0.114149092833414
235,275,298,7.45,-0.996526255906341
235,275,298,7.4575,-2.11403852777761
235,275,298,7.465,-2.88749976727873
235,275,298,7.4725,2.49576246896368
235,275,298,7.48,1.5319391145531
235,275,298,7.4875,0.529458097503517
235,275,298,7.495,-0.399917479253114
235,275,298,7.5025,-1.4602236285798
235,275,298,7.51,-2.60680684212605
235,275,298,7.5175,3.02995299937252
235,275,298,7.525,1.80667431054111
235,275,298,7.5325,1.14169141876783
235,275,298,7.54,0.0837295479192258
235,275,298,7.5475,-0.877255432044207
235,275,298,7.555,-1.66705518528771
235,275,298,7.5625,-2.73046294584267
235,275,298,7.57,2.712091639346
235,275,298,7.5775,1.73138981308455
235,275,298,7.585,0.664246741375951
235,275,298,7.5925,0.196439396862755
235,275,298,7.6,-0.823952622162555
235,275,298,7.6075,-1.68581530343325
235,275,298,7.615,-2.3551707062773
235,275,298,7.6225,2.81095891992273
235,275,298,7.63,1.983993993912
235,275,298,7.6375,0.83697280408925
235,275,298,7.645,-0.197802142566566
235,275,298,7.6525,-0.911714747178732
235,275,298,7.66,-2.11336768820436
235,275,298,7.6675,-2.88490128073634
235,275,298,7.675,2.38574030934848
235,275,298,7.6825,1.76671148263887
235,275,298,7.69,0.661748161828063
235,275,298,7.6975,0.218322600943411
235,275,298,7.705,-0.464211026945831
235,275,298,7.7125,-1.26732436795517
235,275,298,7.72,-1.91815749602459
235,275,298,7.7275,-3.02133092599879
235,275,298,7.735,2.34883426856682
235,275,298,7.7425,1.37636303471534
235,275,298,7.75,0.350973726073423
235,275,298,7.7575,-0.735349910082675
235,275,298,7.765,-1.6469715605517
235,275,298,7.7725,-2.873614137444
235,275,298,7.78,2.40663761146371
235,275,298,7.7875,1.53514879495162
235,275,298,7.795,0.38591287951256
235,275,298,7.8025,-0.309742113319041
235,275,298,7.81,-1.09520243220229
235,275,298,7.8175,-2.1758943658592
235,275,298,7.825,-2.96165953821787
235,275,298,7.8325,2.73830213817484
235,275,298,7.84,1.67208098651791
235,275,298,7.8475,1.19440521653035
235,275,298,7.855,0.400126887725233
235,275,298,7.8625,-0.531957412073552
235,275,298,7.87,-1.63457556787427
235,275,298,7.8775,-2.65809295811048
235,275,298,7.885,2.85127382923146
235,275,298,7.8925,1.69504800643261
235,275,298,7.9,0.73594081459239
235,275,298,7.9075,-0.322951673518883
235,275,298,7.915,-1.2701318932854
235,275,298,7.9225,-2.26184778362954
235,275,298,7.93,-3.07544047172678
235,275,298,7.9375,2.37608853974088
235,275,298,7.945,1.66429363316168
235,275,298,7.9525,1.01606499719248
235,275,298,7.96,-0.182418888473482
235,275,298,7.9675,-0.942144568109455
235,275,298,7.975,-1.81684695147081
235,275,298,7.9825,-2.89081407653075
235,275,298,7.99,2.4665692176325
235,275,298,7.9975,1.38978600123108
235,275,298,8.005,0.484385888565127
235,275,298,8.0125,-0.282769666350622
235,275,298,8.02,-1.39366015753307
235,275,298,8.0275,-2.35524653510155
235,275,298,8.035,2.79644685014274
235,275,298,8.0425,1.84352725936251
235,275,298,8.05,0.903180675284216
235,275,298,8.0575,-0.124130636077634
235,275,298,8.065,-0.526346546911402
235,275,298,8.0725,-1.37032641224248
235,275,298,8.08,-2.02277520196347
235,275,298,8.0875,-2.94925329122878
235,275,298,8.095,2.48610482882113
235,275,298,8.1025,2.33572180637029
235,275,298,8.11,1.0451523706499
235,275,298,8.1175,-0.0756195642774651
235,275,298,8.125,-0.983137458354357
235,275,298,8.1325,-1.99378220565364
235,275,298,8.14,-2.95912222030923
235,275,298,8.1475,2.30309937433037
235,275,298,8.155,1.09747313863869
235,275,298,8.1625,0.533055684094832
235,275,298,8.17,-0.271095897034724
235,275,298,8.1775,-1.39800123570126
235,275,298,8.185,-1.96668681763391
235,275,298,8.1925,-3.08743439409737
235,275,298,8.2,2.35779517530754
235,275,298,8.2075,1.53145615131361
235,275,298,8.215,0.607229094904906
235,275,298,8.2225,-0.410814471365295
235,275,298,8.23,-1.1868830687662
235,275,298,8.2375,-2.38954849370984
235,275,298,8.245,3.07388254222967
235,275,298,8.2525,2.16272472616651
235,275,298,8.26,1.03008773728554
235,275,298,8.2675,0.185931503000027
235,275,298,8.275,-0.732742639823777
235,275,298,8.2825,-1.96391397676967
235,275,298,8.29,-2.68383262659013
235,275,298,8.2975,2.47133821562902
235,275,298,8.305,1.57062280587599
235,275,298,8.3125,0.548680173881016
235,275,298,8.32,-0.254193899331211
235,275,298,8.3275,-1.40815553150913
235,275,298,8.335,-2.22846632287022
235,275,298,8.3425,-2.9233742759833
235,275,298,8.35,2.87851161758068
235,275,298,8.3575,2.05562453160228
235,275,298,8.365,1.24850058800208
235,275,298,8.3725,0.233098184380829
235,275,298,8.38,-0.879468243219693
235,275,298,8.3875,-1.78564365426188
235,275,298,8.395,-2.44835701774658
235,275,298,8.4025,2.62717267542252
235,275,298,8.41,1.75596413556989
235,275,298,8.4175,0.987326003496597
235,275,298,8.425,0.149357622966332
235,275,298,8.4325,-0.865403397083804
235,275,298,8.44,-1.68175204446364
235,275,298,8.4475,-2.2934968428447
235,275,298,8.455,2.97568087239596
235,275,298,8.4625,2.03387696775961
235,275,298,8.47,1.21349943973438
235,275,298,8.4775,0.315223242332769
235,275,298,8.485,-0.842459746539738
235,275,298,8.4925,-1.82114026583365
235,275,298,8.5,-2.65799431736791
235,275,298,8.5075,2.57630191673369
235,275,298,8.515,1.57574048941493
235,275,298,8.5225,0.56012922903497
235,275,298,8.53,-0.38967100085743
235,275,298,8.5375,-1.48882391047309
235,275,298,8.545,-2.46422540262838
235,275,298,8.5525,3.01682514946705
235,275,298,8.56,2.34375302139913
235,275,298,8.5675,1.37739760337449
235,275,298,8.575,0.80151079333021
235,275,298,8.5825,-0.249647884185626
235,275,298,8.59,-1.15311081855673
235,275,298,8.5975,-1.70129173310183
235,275,298,8.605,-2.26290287465655
235,275,298,8.6125,-3.10161406233705
235,275,298,8.62,1.93636799978947
235,275,298,8.6275,1.12343370343716
235,275,298,8.635,0.138442581241675
235,275,298,8.6425,-0.972030382848574
235,275,298,8.65,-1.94009965979196
235,275,298,8.6575,-2.96696401723214
235,275,298,8.665,2.32640668197363
235,275,298,8.6725,1.42801564554468
235,275,298,8.68,0.572282921727095
235,275,298,8.6875,-0.538217905788086
235,275,298,8.695,-1.40813363988359
235,275,298,8.7025,-2.35802012163452
235,275,298,8.71,-2.78907294207972
235,275,298,8.7175,2.57821558147548
235,275,298,8.725,1.3831354956082
235,275,298,8.7325,0.452631064703634
235,275,298,8.74,-0.234973073096487
235,275,298,8.7475,-1.3125039491111
235,275,298,8.755,-2.29115839994517
235,275,298,8.7625,3.02793508294385
235,275,298,8.77,2.06766396753058
235,275,298,8.7775,0.756619309462027
235,275,298,8.785,0.0756900287988642
235,275,298,8.7925,-0.904093498905697
235,275,298,8.8,-1.99984444729045
235,275,298,8.8075,-3.10521990295026
235,275,298,8.815,2.23592289071934
235,275,298,8.8225,2.07892340827107
235,275,298,8.83,0.997517015040054
235,275,298,8.8375,1.21079087112156
235,275,298,8.845,0.050276121964607
235,275,298,8.8525,-0.551623715602123
235,275,298,8.86,-1.51134207514191
235,275,298,8.8675,-2.6111514337663
235,275,298,8.875,2.84956709694356
235,275,298,8.8825,1.68101110151184
235,275,298,8.89,0.878863320074097
235,275,298,8.8975,-0.145571687548583
235,275,298,8.905,-1.06553504217854
235,275,298,8.9125,-2.24256042296806
235,275,298,8.92,3.10138422709685
235,275,298,8.9275,2.16998917024374
235,275,298,8.935,1.25767369443464
235,275,298,8.9425,0.289293509760783
235,275,298,8.95,-0.201291410193939
235,275,298,8.9575,-0.977044921331862
235,275,298,8.965,-2.07619284874718
235,275,298,8.9725,-2.98828375980513
235,275,298,8.98,2.29732445050082
235,275,298,8.9875,1.36606491397697
235,275,298,8.995,0.410875839408982
235,275,298,9.0025,-0.628705169469338
235,275,298,9.01,-1.56931470880181
235,275,298,9.0175,-2.65102022775195
235,275,298,9.025,2.75832743432329
235,275,298,9.0325,1.60523817885705
235,275,298,9.04,0.516354313902472
235,275,298,9.0475,-0.339169029299655
235,275,298,9.055,-1.36921359993665
235,275,298,9.0625,-2.29216522503459
235,275,298,9.07,-2.83177658205148
235,275,298,9.0775,2.52259350826202
235,275,298,9.085,2.09933996713812
235,275,298,9.0925,1.21961273587919
235,275,298,9.1,0.728676889974553
235,275,298,9.1075,-0.566854045929605
235,275,298,9.115,-1.43210878020779
235,275,298,9.1225,-2.36571667574574
235,275,298,9.13,2.80921732087437
235,275,298,9.1375,1.98426020964519
235,275,298,9.145,1.09805890898193
235,275,298,9.1525,0.101496725121294
235,275,298,9.16,-0.491712066834776
235,275,298,9.1675,-1.7167796437255
235,275,298,9.175,-3.00920741392581
235,275,298,9.1825,2.69778556426108
235,275,298,9.19,1.50369412071515
235,275,298,9.1975,0.676285937338621
235,275,298,9.205,-0.0554353823429163
235,275,298,9.2125,-0.82252976457925
235,275,298,9.22,-1.90257225625798
235,275,298,9.2275,-2.39901671384156
235,275,298,9.235,2.83984143633902
235,275,298,9.2425,1.96570686441422
235,275,298,9.25,0.752523928947079
235,275,298,9.2575,-0.124665921338346
235,275,298,9.265,-1.20969770852949
235,275,298,9.2725,-1.80707875394989
235,275,298,9.28,-2.98788149619167
235,275,298,9.2875,2.31017859196119
235,275,298,9.295,1.37473681406784
235,275,298,9.3025,0.423024581526571
235,275,298,9.31,-0.778605355281908
235,275,298,9.3175,-1.30016723944513
235,275,298,9.325,-2.18699303096192
235,275,298,9.3325,2.91292761579149
235,275,298,9.34,3.05875486999203
235,275,298,9.3475,2.15131148803756
235,275,298,9.355,1.67003579914681
235,275,298,9.3625,0.567484450752781
235,275,298,9.37,-0.560413719032847
235,275,298,9.3775,-1.76644852992099
235,275,298,9.385,-2.39588383186789
235,275,298,9.3925,2.94212734212459
235,275,298,9.4,1.75377760017123
235,275,298,9.4075,0.863602710638451
235,275,298,9.415,0.0539684621005996
235,275,298,9.4225,-1.08285393370662
235,275,298,9.43,-2.02354194515436
235,275,298,9.4375,-3.11182520512181
235,275,298,9.445,2.35695667505109
235,275,298,9.4525,1.18338840167085
235,275,298,9.46,0.296485016510961
235,275,298,9.4675,-0.489889868072121
235,275,298,9.475,-1.5362663053282
235,275,298,9.4825,-2.29743294715902
235,275,298,9.49,2.71433150778106
235,275,298,9.4975,2.14647108337224
235,275,298,9.505,1.14243381385086
235,275,298,9.5125,0.437776531134114
235,275,298,9.52,-0.678521738174344
235,275,298,9.5275,-1.67853569536063
235,275,298,9.535,-2.65406808202332
235,275,298,9.5425,2.79872579790315
235,275,298,9.55,1.76777080834143
235,275,298,9.5575,0.659000677248639
235,275,298,9.565,-0.633175234143538
235,275,298,9.5725,-1.56684142069299
235,275,298,9.58,-2.28506214702065
235,275,298,9.5875,-2.71448767439572
235,275,298,9.595,1.35344687113754
235,275,298,9.6025,-2.21246643834265
235,275,298,9.61,2.52368731822333
235,275,298,9.6175,1.27247211208085
235,275,298,9.625,0.370073568627602
235,275,298,9.6325,-0.670568187152429
235,275,298,9.64,-1.63548797791279
235,275,298,9.6475,-2.74903218427411
235,275,298,9.655,2.67272224129861
235,275,298,9.6625,1.46675464492745
235,275,298,9.67,0.526135249332453
235,275,298,9.6775,-0.535974924382132
235,275,298,9.685,-1.47998989298001
235,275,298,9.6925,-2.49410706345914
235,275,298,9.7,2.96178962479829
235,275,298,9.7075,2.1717266407907
235,275,298,9.715,1.6412564410958
235,275,298,9.7225,0.504491482082305
235,275,298,9.73,-0.717153486586921
235,275,298,9.7375,-1.40759759698824
235,275,298,9.745,-2.27681953273028
235,275,298,9.7525,3.04898656281247
235,275,298,9.76,1.94080660558012
235,275,298,9.7675,1.10468152193085
235,275,298,9.775,0.0768195570432326
235,275,298,9.7825,-0.891911069440163
235,275,298,9.79,-1.91258187919417
235,275,298,9.7975,-2.91331246687826
235,275,298,9.805,2.24569605846982
235,275,298,9.8125,1.39270072937627
235,275,298,9.82,0.44457318494789
235,275,298,9.8275,-0.17557929915847
235,275,298,9.835,-0.800464021747274
235,275,298,9.8425,-1.59852426317663
235,275,298,9.85,-2.30639507208182
235,275,298,9.8575,3.01776563733185
235,275,298,9.865,2.06051687458375
235,275,298,9.8725,1.37102789516587
235,275,298,9.88,0.110909473818525
235,275,298,9.8875,-0.473256833084376
235,275,298,9.895,-1.61597917099393
235,275,298,9.9025,-2.62277537912117
235,275,298,9.91,2.64088120993893
235,275,298,9.9175,1.69837110873051
235,275,298,9.925,0.609103638991217
235,275,298,9.9325,-0.239655854460751
235,275,298,9.94,-1.05661810907047
235,275,298,9.9475,-1.94274280010544
235,275,298,9.955,-2.90687584669605
235,275,298,9.9625,2.39112234183153
235,275,298,9.97,1.31147252685835
235,275,298,9.9775,0.759616023722172
235,275,298,9.985,-0.274230327211025
235,275,298,9.9925,-1.41320138851624
235,275,298,10,-2.03428826692593
235,275,298,10.0075,-2.79238136643471
235,275,298,10.015,2.35297899776601
235,275,298,10.0225,1.36147702830086
235,275,298,10.03,0.576397913028689
235,275,298,10.0375,-0.494686935820889
235,275,298,10.045,-1.1228532330182
235,275,298,10.0525,-1.70415097596079
235,275,298,10.06,-2.867909410869
235,275,298,10.0675,2.03704861142683
235,275,298,10.075,1.4958858209221
235,275,298,10.0825,1.17483903911871
235,275,298,10.09,0.450331494230102
235,275,298,10.0975,-0.74119704036497
235,275,298,10.105,-1.58020794457903
235,275,298,10.1125,-2.49758603136789
235,275,298,10.12,2.82286892586374
235,275,298,10.1275,1.90018265325406
235,275,298,10.135,0.904457304028306
235,275,298,10.1425,-0.0373118836945561
235,275,298,10.15,-0.929472581850347
235,275,298,10.1575,-1.78940633016855
235,275,298,10.165,-2.70921624879155
235,275,298,10.1725,2.53680642123805
235,275,298,10.18,1.45902594647857
235,275,298,10.1875,0.464379738867138
235,275,298,10.195,-0.556752600305326
235,275,298,10.2025,-1.3892329089015
235,275,298,10.21,-2.57876332325985
235,275,298,10.2175,2.94344429941767
235,275,298,10.225,1.9181590988743
235,275,298,10.2325,1.03590520887431
235,275,298,10.24,0.198359942340597
235,275,298,10.2475,-0.568637840048127
235,275,298,10.255,-1.58281295610732
235,275,298,10.2625,-2.60505116196637
235,275,298,10.27,2.68186920916408
235,275,298,10.2775,1.56049857839537
235,275,298,10.285,0.990734416222837
235,275,298,10.2925,0.0663127913640634
235,275,298,10.3,-1.39297808922234
235,275,298,10.3075,-1.66356759518746
235,275,298,10.315,-2.40725856507589
235,275,298,10.3225,2.68179106667467
235,275,298,10.33,2.0536029082585
235,275,298,10.3375,0.961253998958573
235,275,298,10.345,0.63182369964046
235,275,298,10.3525,-0.129390792512474
235,275,298,10.36,-0.920266197574602
235,275,298,10.3675,-1.55751480491779
235,275,298,10.375,-2.359721088206
235,275,298,10.3825,2.8577350787154
235,275,298,10.39,1.79421723947034
235,275,298,10.3975,1.01934331651665
235,275,298,10.405,-0.0308992149451905
235,275,298,10.4125,-1.09689368587289
235,275,298,10.42,-2.10466375636212
235,275,298,10.4275,-3.13648202248699
235,275,298,10.435,2.03189702029172
235,275,298,10.4425,0.904963732802415
235,275,298,10.45,-0.18760920807865
235,275,298,10.4575,-0.974371209054792
235,275,298,10.465,-2.32251821717409
235,275,298,10.4725,3.09171314503761
235,275,298,10.48,1.77349029024416
235,275,298,10.4875,1.48858791819036
235,275,298,10.495,0.921025814897963
235,275,298,10.5025,1.34105492225781
235,275,298,10.51,-0.250875777057398
235,275,298,10.5175,-0.867597864745211
235,275,298,10.525,-1.98381365031928
235,275,298,10.5325,-2.74376387450024
235,275,298,10.54,2.55647071537715
235,275,298,10.5475,1.71268685466616
235,275,298,10.555,0.648748057981316
235,275,298,10.5625,-0.53934686891179
235,275,298,10.57,-1.38782067403467
235,275,298,10.5775,-2.27436266895805
235,275,298,10.585,2.81068796015712
235,275,298,10.5925,2.26652429945588
235,275,298,10.6,1.1262803260531
235,275,298,10.6075,0.420051401532758
235,275,298,10.615,-0.632857049454966
235,275,298,10.6225,-1.04876771748516
235,275,298,10.63,-2.10920672305555
235,275,298,10.6375,3.03198232360323
235,275,298,10.645,1.85607527021181
235,275,298,10.6525,1.17290918818363
235,275,298,10.66,0.00820210898103352
235,275,298,10.6675,-1.09694501201375
235,275,298,10.675,-2.18247768145995
235,275,298,10.6825,-2.98708048621809
235,275,298,10.69,2.05186669937361
235,275,298,10.6975,1.22460404704446
235,275,298,10.705,0.525478857431453
235,275,298,10.7125,-0.885629039948434
235,275,298,10.72,-1.68370688587496
235,275,298,10.7275,-2.77509423407142
235,275,298,10.735,-2.90563154168237
235,275,298,10.7425,3.128061464406
235,275,298,10.75,0.23234699141354
235,275,298,10.7575,0.481375276108684
235,275,298,10.765,0.945146644907442
235,275,298,10.7725,-0.961454845107679
235,275,298,10.78,-1.3783581354408
235,275,298,10.7875,-1.83142194838241
235,275,298,10.795,-2.58846554895744
235,275,298,10.8025,2.74757126765111
235,275,298,10.81,1.95213775625012
235,275,298,10.8175,0.503180447660347
235,275,298,10.825,-0.516285772090292
235,275,298,10.8325,-1.32754975783008
235,275,298,10.84,-2.23484642954794
235,275,298,10.8475,-2.95051037737938
235,275,298,10.855,2.55992124989545
235,275,298,10.8625,1.4816633080978
235,275,298,10.87,0.47275335646976
235,275,298,10.8775,-0.466307312214234
235,275,298,10.885,-1.48497339191937
235,275,298,10.8925,-2.38313466612987
235,275,298,10.9,2.84900923381327
235,275,298,10.9075,1.65259507716291
235,275,298,10.915,0.755032087727675
235,275,298,10.9225,-0.0439521017358024
235,275,298,10.93,-1.36278897380499
235,275,298,10.9375,-2.53972754979618
235,275,298,10.945,2.77989276872883
235,275,298,10.9525,1.68450298617715
235,275,298,10.96,0.906938013321525
235,275,298,10.9675,-0.343962624143527
235,275,298,10.975,-0.798856662958386
235,275,298,10.9825,-1.92070038696897
235,275,298,10.99,-2.1359931165349
235,275,298,10.9975,-3.02752321948028
235,275,298,11.005,2.97595379523333
235,275,298,11.0125,1.49162989666688
235,275,298,11.02,1.07315423587179
235,275,298,11.0275,0.399579944450294
235,275,298,11.035,-0.533196680275188
235,275,298,11.0425,-1.30273948521711
235,275,298,11.05,-2.05981455620227
235,275,298,11.0575,2.81570970810435
235,275,298,11.065,1.49784304335616
235,275,298,11.0725,0.726653003700412
235,275,298,11.08,-0.0482361051268288
235,275,298,11.0875,-1.06963193477777
235,275,298,11.095,-2.10445038309362
235,275,298,11.1025,-3.02394687627033
235,275,298,11.11,2.56770511342082
235,275,298,11.1175,1.32680622033298
235,275,298,11.125,0.398341600046654
235,275,298,11.1325,-0.316657019650045
235,275,298,11.14,-1.67018137518919
235,275,298,11.1475,-2.21505759618699
235,275,298,11.155,-2.84350484784856
235,275,298,11.1625,2.59744879671558
235,275,298,11.17,1.09870686113148
235,275,298,11.1775,0.297424612761153
235,275,298,11.185,-0.801185271911582
235,275,298,11.1925,-1.33546453550183
235,275,298,11.2,-3.09996731458234
235,275,298,11.2075,2.59239870958216
235,275,298,11.215,1.70450435406348
235,275,298,11.2225,0.520195438577084
235,275,298,11.23,2.44322852818636
235,275,298,11.2375,1.58301510880642
235,275,298,11.245,0.0362758452255573
235,275,298,11.2525,-1.07744279822322
235,275,298,11.26,-2.71103311626456
235,275,298,11.2675,-3.12474885918274
235,275,298,11.275,2.25753694139988
235,275,298,11.2825,1.28999062647073
235,275,298,11.29,0.231790534171524
235,275,298,11.2975,-0.793156304873639
235,275,298,11.305,-1.68516766118534
235,275,298,11.3125,-2.77483893876859
235,275,298,11.32,2.46796226466067
235,275,298,11.3275,1.23320711343443
235,275,298,11.335,0.492103270824443
235,275,298,11.3425,-0.554654377043657
235,275,298,11.35,-1.38174073659708
235,275,298,11.3575,-2.23695104666485
235,275,298,11.365,3.13390432851994
235,275,298,11.3725,1.86598060901122
235,275,298,11.38,1.18979724603164
235,275,298,11.3875,0.190184655690232
235,275,298,11.395,-0.581214292372428
235,275,298,11.4025,-1.59381226697905
235,275,298,11.41,-2.29953046233403
235,275,298,11.4175,2.9574844042799
235,275,298,11.425,1.88852249934814
235,275,298,11.4325,0.853773719648136
235,275,298,11.44,-0.121327783781665
235,275,298,11.4475,-1.65636751593331
235,275,298,11.455,-2.42297186737891
235,275,298,11.4625,2.60094765484023
235,275,298,11.47,1.09310855815431
235,275,298,11.4775,0.00409257013952777
235,275,298,11.485,-1.92824585477795
235,275,298,11.4925,2.46771881805253
235,275,298,11.5,1.47883528386367
235,275,298,11.5075,0.216974865296694
235,275,298,11.515,-1.02129708082005
235,275,298,11.5225,-2.26109121564807
235,275,298,11.53,2.9920422894616
235,275,298,11.5375,2.11571205257158
235,275,298,11.545,1.00069520343667
235,275,298,11.5525,0.0489452548750866
235,275,298,11.56,-0.901643034939853
235,275,298,11.5675,-2.04844951540497
235,275,298,11.575,-3.1098983289527
235,275,298,11.5825,2.49895466934683
235,275,298,11.59,1.48694500444693
235,275,298,11.5975,0.374022172323197
235,275,298,11.605,-0.683458874539665
235,275,298,11.6125,-1.79316940633262
235,275,298,11.62,-2.84820744758094
235,275,298,11.6275,2.56352353845815
235,275,298,11.635,2.22774132309632
235,275,298,11.6425,1.2954558973516
235,275,298,11.65,0.0580328863657915
235,275,298,11.6575,-0.694744858206275
235,275,298,11.665,-1.68661446705709
235,275,298,11.6725,-2.9390927844232
235,275,298,11.68,2.20741489806793
235,275,298,11.6875,1.73163085732757
235,275,298,11.695,0.419682154544626
235,275,298,11.7025,-0.451246991173993
235,275,298,11.71,-1.52162903618469
235,275,298,11.7175,-2.06070980078294
235,275,298,11.725,2.96651173508014
235,275,298,11.7325,1.72580643804076
235,275,298,11.74,-1.26428505746953
235,275,298,11.7475,2.14376698719021
235,275,298,11.755,0.883181823831484
235,275,298,11.7625,-0.0397195292994884
235,275,298,11.77,-1.00013127512855
235,275,298,11.7775,-1.82610684769846
235,275,298,11.785,-3.07681312195941
235,275,298,11.7925,2.07207044818861
235,275,298,11.8,1.14581680944273
235,275,298,11.8075,-0.0306589222177332
235,275,298,11.815,-1.08616759277024
235,275,298,11.8225,-1.97721448005101
235,275,298,11.83,-2.84511809114087
235,275,298,11.8375,2.07299879312812
235,275,298,11.845,1.29479867083819
235,275,298,11.8525,0.204021796088298
235,275,298,11.86,-0.878321863022025
235,275,298,11.8675,-1.6316491349121
235,275,298,11.875,-3.05374630684899
235,275,298,11.8825,2.7585284172656
235,275,298,11.89,2.44246806041295
235,275,298,11.8975,1.55782460070595
235,275,298,11.905,0.581526893071429
235,275,298,11.9125,-0.832326852961214
235,275,298,11.92,-1.29615437984985
235,275,298,11.9275,2.7455022282471
235,275,298,11.935,2.65310551892195
235,275,298,11.9425,-0.0954852497928495
235,275,298,11.95,0.0909444232173813
235,275,298,11.9575,1.49287557486628
235,275,298,11.965,1.4671374669435
235,275,298,11.9725,-0.420275523652622
235,275,298,11.98,-0.864490052718891
235,275,298,11.9875,-2.0510742530814
235,275,298,11.995,-2.57899112552847
235,275,298,12.0025,2.23471096189281
235,275,298,12.01,1.64719482265954
235,275,298,12.0175,0.824293348703666
235,275,298,12.025,-0.363880848132331
235,275,298,12.0325,-1.59550394730917
235,275,298,12.04,-2.42323876924872
235,275,298,12.0475,2.97974451996298
235,275,298,12.055,1.78261199747922
235,275,298,12.0625,0.577371989301233
235,275,298,12.07,-0.378651840742886
235,275,298,12.0775,-1.39374462162439
235,275,298,12.085,-2.22129584221907
235,275,298,12.0925,3.05352063307159
235,275,298,12.1,2.01967330005425
235,275,298,12.1075,1.01802309346775
235,275,298,12.115,0.248091549533396
235,275,298,12.1225,-0.893856137869366
235,275,298,12.13,-2.07281972414531
235,275,298,12.1375,-2.68254941943944
235,275,298,12.145,3.08243101973907
235,275,298,12.1525,2.6242315560264
235,275,298,12.16,0.861827929236137
235,275,298,12.1675,0.845842915262846
235,275,298,12.175,-0.676880503344089
235,275,298,12.1825,-1.48151047019887
235,275,298,12.19,-2.71800766368614
235,275,298,12.1975,-2.95866903877534
235,275,298,12.205,1.51171728782086
235,275,298,12.2125,0.0809035737408645
235,275,298,12.22,-2.5842980084618
235,275,298,12.2275,0.616446925762787
235,275,298,12.235,0.273969821960764
235,275,298,12.2425,-0.92418881296056
235,275,298,12.25,-2.23042953832083
235,275,298,12.2575,-2.89623055696202
235,275,298,12.265,2.31211290031957
235,275,298,12.2725,1.47453766842028
235,275,298,12.28,0.277162665213215
235,275,298,12.2875,-0.852109132713725
235,275,298,12.295,-1.61346455739429
235,275,298,12.3025,-2.73023282252606
235,275,298,12.31,2.40264365072579
235,275,298,12.3175,1.36992868533009
235,275,298,12.325,0.235754811570091
235,275,298,12.3325,-0.668737772990946
235,275,298,12.34,-1.65841839315338
235,275,298,12.3475,-2.83288678759403
235,275,298,12.355,2.5126954659549
235,275,298,12.3625,1.98025021392717
235,275,298,12.37,0.882113359247815
235,275,298,12.3775,0.395827606565018
235,275,298,12.385,-1.39922072996255
235,275,298,12.3925,-1.01093238236118
235,275,298,12.4,-1.76791112101451
235,275,298,12.4075,-2.5503547113857
235,275,298,12.415,-3.08637847498733
235,275,298,12.4225,1.75637903085595
235,275,298,12.43,1.02392823797895
235,275,298,12.4375,-0.209212971092622
235,275,298,12.445,-1.29088981352229
235,275,298,12.4525,-2.27462297746438
235,275,298,12.46,-3.13076633247027
235,275,298,12.4675,2.03616936125797
235,275,298,12.475,1.5101949135523
235,275,298,12.4825,0.614658412228578
235,275,298,12.49,-0.00599252212402132
235,275,298,12.4975,-1.31091320462016
235,275,298,12.505,-2.11716379122621
235,275,298,12.5125,-3.07974811816695
235,275,298,12.52,2.21767519441382
235,275,298,12.5275,1.17353895382963
235,275,298,12.535,0.399077608066091
235,275,298,12.5425,-0.594768330934724
235,275,298,12.55,-1.8923762573157
235,275,298,12.5575,-2.67243549037185
235,275,298,12.565,2.71152923926694
235,275,298,12.5725,1.63695963438347
235,275,298,12.58,0.412962115051225
235,275,298,12.5875,-0.868516189629449
235,275,298,12.595,-1.76037221133532
235,275,298,12.6025,-3.13946995483745
235,275,298,12.61,2.39219779075367
235,275,298,12.6175,1.00327351369312
235,275,298,12.625,0.410291230387066
235,275,298,12.6325,-1.31844209391445
235,275,298,12.64,2.06751811741767
235,275,298,12.6475,1.05455001372688
235,275,298,12.655,-0.0398770189565182
235,275,298,12.6625,-2.11415356631979
235,275,298,12.67,-2.72876847719451
235,275,298,12.6775,2.78968197798222
235,275,298,12.685,1.48289160722744
235,275,298,12.6925,0.0129774001900197
235,275,298,12.7,-0.684695279607039
235,275,298,12.7075,-1.64501103093344
235,275,298,12.715,-2.37575771230183
235,275,298,12.7225,2.71107650917315
235,275,298,12.73,2.00789995995994
235,275,298,12.7375,1.78765949697163
235,275,298,12.745,1.43422809881997
235,275,298,12.7525,0.0775159593809491
235,275,298,12.76,-1.07222982401847
235,275,298,12.7675,-2.1641837682471
235,275,298,12.775,3.03634799440233
235,275,298,12.7825,2.02684902500958
235,275,298,12.79,0.921240496216625
235,275,298,12.7975,-0.191504204389305
235,275,298,12.805,-0.871064534348412
235,275,298,12.8125,-2.0751211593341
235,275,298,12.82,-2.82931611299797
235,275,298,12.8275,1.87064336235659
235,275,298,12.835,0.866313746162091
235,275,298,12.8425,0.0375963919164685
235,275,298,12.85,-1.1978520720585
235,275,298,12.8575,-2.72514302245402
235,275,298,12.865,-3.12339152692291
235,275,298,12.8725,1.92967254689149
235,275,298,12.88,0.857484241660151
235,275,298,12.8875,0.549133535016788
235,275,298,12.895,1.46458867088785
235,275,298,12.9025,-0.307774878464813
235,275,298,12.91,-1.88227466239883
235,275,298,12.9175,-1.62819184656956
235,275,298,12.925,-2.94614762382547
235,275,298,12.9325,2.69770427796149
235,275,298,12.94,1.97285022942227
235,275,298,12.9475,0.235600096326932
235,275,298,12.955,-0.0425021274023951
235,275,298,12.9625,-0.664918808584135
235,275,298,12.97,-2.17863364721849
235,275,298,12.9775,-2.61357985760503
235,275,298,12.985,2.94044032555272
235,275,298,12.9925,2.10470610925938
235,275,298,13,1.4507222396405
235,275,298,13.0075,-0.0914862711887157
235,275,298,13.015,-0.9830439153199
235,275,298,13.0225,-1.87104822682351
235,275,298,13.03,-2.92885084928761
235,275,298,13.0375,2.15452306627021
235,275,298,13.045,1.54779572995613
235,275,298,13.0525,0.319223575987775
235,275,298,13.06,-0.888654674742282
235,275,298,13.0675,-1.57553547292632
235,275,298,13.075,-2.73207966282366
235,275,298,13.0825,2.00197862458189
235,275,298,13.09,1.6805902414519
235,275,298,13.0975,0.314684644739719
235,275,298,13.105,-1.71938257338033
235,275,298,13.1125,-2.39659480317608
235,275,298,13.12,-0.975569814177541
235,275,298,13.1275,1.5834813337953
235,275,298,13.135,-1.4560852673627
235,275,298,13.1425,-2.26420000669484
235,275,298,13.15,2.76363122163034
235,275,298,13.1575,1.72472711040121
235,275,298,13.165,0.166191726166269
235,275,298,13.1725,-0.353093547644357
235,275,298,13.18,-0.776311775008626
235,275,298,13.1875,-2.45705491369431
235,275,298,13.195,2.8257854613256
235,275,298,13.2025,1.52847701722837
235,275,298,13.21,0.92411770715878
235,275,298,13.2175,-0.22010306395247
235,275,298,13.225,-1.27297483346675
235,275,298,13.2325,-2.10712232442742
235,275,298,13.24,-2.88877953215319
235,275,298,13.2475,2.25748077717206
235,275,298,13.255,1.25667822324239
235,275,298,13.2625,0.187667216850873
235,275,298,13.27,-0.832800349902885
235,275,298,13.2775,-1.77224205489607
235,275,298,13.285,-2.22517922907481
235,275,298,13.2925,2.66431886158525
235,275,298,13.3,2.28502386814378
235,275,298,13.3075,0.654376478895915
235,275,298,13.315,0.150817409686516
235,275,298,13.3225,-1.0556998388538
235,275,298,13.33,-2.19523412897897
235,275,298,13.3375,2.72168193997774
235,275,298,13.345,2.62148592802677
235,275,298,13.3525,1.78098383753259
235,275,298,13.36,-0.449489460134184
235,275,298,13.3675,2.97513854712396
235,275,298,13.375,2.86459342771895
235,275,298,13.3825,1.65445817944891
235,275,298,13.39,-0.354716330333883
235,275,298,13.3975,-2.51912543102975
235,275,298,13.405,-2.96410177050646
235,275,298,13.4125,2.04277381524429
235,275,298,13.42,1.12440628072764
235,275,298,13.4275,-0.39512093743614
235,275,298,13.435,-0.598809438136193
235,275,298,13.4425,-2.07588095230417
235,275,298,13.45,-3.09272291088279
235,275,298,13.4575,2.21899542997567
235,275,298,13.465,1.30791469291495
235,275,298,13.4725,0.126018213247647
235,275,298,13.48,-0.673573821740322
235,275,298,13.4875,-1.85923244317462
235,275,298,13.495,-2.44586857022255
235,275,298,13.5025,3.11804668594845
235,275,298,13.51,2.81092533189492
235,275,298,13.5175,0.936547677489948
235,275,298,13.525,0.298346971732234
235,275,298,13.5325,-0.493659475771251
235,275,298,13.54,-1.3332557431227
235,275,298,13.5475,-2.3886649609451
235,275,298,13.555,2.93357781174491
235,275,298,13.5625,1.81267295103279
235,275,298,13.57,0.845977834604807
235,275,298,13.5775,-0.374278633643468
235,275,298,13.585,-1.21749999012035
235,275,298,13.5925,-2.46705490831357
235,275,298,13.6,2.76740968389065
235,275,298,13.6075,-3.14066240440074
235,275,298,13.615,1.54972063482952
235,275,298,13.6225,1.8365246975145
235,275,298,13.63,0.953985838580052
235,275,298,13.6375,0.155270873198168
235,275,298,13.645,-0.423055877942436
235,275,298,13.6525,-1.54132654825007
235,275,298,13.66,-2.53887702443457
235,275,298,13.6675,2.21230349107167
235,275,298,13.675,1.54245473434617
235,275,298,13.6825,0.256350961125324
235,275,298,13.69,-0.563157003612657
235,275,298,13.6975,-1.59321547530381
235,275,298,13.705,-2.34656099551795
235,275,298,13.7125,2.47382033321847
235,275,298,13.72,1.63850665602735
235,275,298,13.7275,0.80156972996866
235,275,298,13.735,0.155850092413715
235,275,298,13.7425,-0.787262153768571
235,275,298,13.75,-1.74200969466378
235,275,298,13.7575,-3.10598021428504
235,275,298,13.765,2.70813343471611
235,275,298,13.7725,1.75161975011145
235,275,298,13.78,1.03976790887506
235,275,298,13.7875,-0.274004211214195
235,275,298,13.795,-1.15782305200327
235,275,298,13.8025,-1.5284759003271
235,275,298,13.81,3.03798184622673
235,275,298,13.8175,2.36234098170804
235,275,298,13.825,0.827684063057585
235,275,298,13.8325,1.20044281937206
235,275,298,13.84,-1.91652211056826
235,275,298,13.8475,-1.40433763179445
235,275,298,13.855,-1.82502560374027
235,275,298,13.8625,-1.77793155768696
235,275,298,13.87,-1.44118961009662
235,275,298,13.8775,-2.90952352575063
235,275,298,13.885,2.96202924111249
235,275,298,13.8925,0.848917127280888
235,275,298,13.9,0.210014493438726
235,275,298,13.9075,-1.1697857998194
235,275,298,13.915,-2.08640882138135
235,275,298,13.9225,-3.05612738566969
235,275,298,13.93,2.00340864490599
235,275,298,13.9375,1.00504705984361
235,275,298,13.945,-0.0854092406739725
235,275,298,13.9525,-1.18328832687804
235,275,298,13.96,-2.21971027586419
235,275,298,13.9675,-3.00533045719634
235,275,298,13.975,2.52990006780507
235,275,298,13.9825,1.50674115766364
235,275,298,13.99,0.209927420188138
235,275,298,13.9975,-0.608260279383373
235,275,298,14.005,-1.7201430221014
235,275,298,14.0125,-2.37670489521861
235,275,298,14.02,2.99731380307474
235,275,298,14.0275,2.05344603086765
235,275,298,14.035,1.50343733976416
235,275,298,14.0425,-0.0925115193671511
235,275,298,14.05,-0.542646925696437
235,275,298,14.0575,-1.87793407265214
235,275,298,14.065,3.01821181614741
235,275,298,14.0725,2.1151703031933
235,275,298,14.08,0.684775785593722
235,275,298,14.0875,0.570832310418569
235,275,298,14.095,-0.0941371432591253
235,275,298,14.1025,1.89163638593384
235,275,298,14.11,0.83898981144841
235,275,298,14.1175,-1.15802083005889
235,275,298,14.125,-1.63739144927951
235,275,298,14.1325,-2.64218829248558
235,275,298,14.14,2.43985622356248
235,275,298,14.1475,1.60890720733449
235,275,298,14.155,0.150977733417984
235,275,298,14.1625,-0.972162306836996
235,275,298,14.17,-1.70438917972006
235,275,298,14.1775,-2.87128899563941
235,275,298,14.185,2.25067116783636
235,275,298,14.1925,1.0869291584818
235,275,298,14.2,0.593717556573955
235,275,298,14.2075,-0.741829901360582
235,275,298,14.215,-1.7751156603904
235,275,298,14.2225,-2.70158353228498
235,275,298,14.23,2.63524848401229
235,275,298,14.2375,1.5669009768153
235,275,298,14.245,0.0678016959199584
235,275,298,14.2525,-0.450261821343176
235,275,298,14.26,-1.70337063191876
235,275,298,14.2675,-1.39578238261228
235,275,298,14.275,-2.74173771988065
235,275,298,14.2825,3.13796797025816
235,275,298,14.29,1.59029497523206
235,275,298,14.2975,2.77865517431156
235,275,298,14.305,-0.216182444907558
235,275,298,14.3125,-0.692623338322055
235,275,298,14.32,-1.69580711545295
235,275,298,14.3275,-2.82398752259286
235,275,298,14.335,2.35577326165586
235,275,298,14.3425,-1.34348685260512
235,275,298,14.35,1.25482680157011
235,275,298,14.3575,1.07481818487061
235,275,298,14.365,1.10822476019613
235,275,298,14.3725,-0.787936506837554
235,275,298,14.38,-1.02330020997994
235,275,298,14.3875,-2.06552925891018
235,275,298,14.395,2.5808190628121
235,275,298,14.4025,1.45184541958923
235,275,298,14.41,0.403461022753961
235,275,298,14.4175,0.0185742775071981
235,275,298,14.425,-1.67075749333427
235,275,298,14.4325,-2.46026438923146
235,275,298,14.44,2.38246310440038
235,275,298,14.4475,1.77378447454731
235,275,298,14.455,0.687341484802689
235,275,298,14.4625,-0.432967666944457
235,275,298,14.47,-1.56099605333088
235,275,298,14.4775,-2.8601749909491
235,275,298,14.485,2.79402033061524
235,275,298,14.4925,1.39860433853804
235,275,298,14.5,0.837214413178104
235,275,298,14.5075,-0.0814434398450497
235,275,298,14.515,-0.899032412640868
235,275,298,14.5225,-2.4473082590178
235,275,298,14.53,-2.70312034171405
235,275,298,14.5375,1.71149515299008
235,275,298,14.545,0.793045089335575
235,275,298,14.5525,1.39583407360312
235,275,298,14.56,1.44930022718545
235,275,298,14.5675,-0.465648223947085
235,275,298,14.575,0.220157554684054
235,275,298,14.5825,0.734803962898485
235,275,298,14.59,-2.89995578505919
235,275,298,14.5975,1.24640140622186
235,275,298,14.605,2.27532890889677
235,275,298,14.6125,2.65406044247059
235,275,298,14.62,0.435507802167945
235,275,298,14.6275,0.310647474829641
235,275,298,14.635,-0.702808581783725
235,275,298,14.6425,-1.79816967129658
235,275,298,14.65,-2.380733768478
235,275,298,14.6575,2.65097723423113
235,275,298,14.665,1.26660407350924
235,275,298,14.6725,0.522325693759859
235,275,298,14.68,-0.749087065380212
235,275,298,14.6875,-2.31229485479945
235,275,298,14.695,-2.42505378305269
235,275,298,14.7025,2.59022461514281
235,275,298,14.71,1.15254028886641
235,275,298,14.7175,0.274626024950228
235,275,298,14.725,-0.990508226111324
235,275,298,14.7325,-1.58456521389537
235,275,298,14.74,-3.12844662770447
235,275,298,14.7475,2.43751686844628
235,275,298,14.755,1.07887698085467
235,275,298,14.7625,0.19647513320888
235,275,298,14.77,-0.779192471745747
235,275,298,14.7775,2.59739879701149
235,275,298,14.785,-2.45648966178441
235,275,298,14.7925,-0.120924850896303
235,275,298,14.8,-2.35786765132439
235,275,298,14.8075,2.32840061265163
235,275,298,14.815,0.262938165731567
235,275,298,14.8225,0.826227597446604
235,275,298,14.83,0.17996133835413
235,275,298,14.8375,0.313122452667502
235,275,298,14.845,-1.37156517575278
235,275,298,14.8525,2.46206541401392
235,275,298,14.86,-2.87464005220905
235,275,298,14.8675,1.84970093219937
235,275,298,14.875,1.84607687068423
235,275,298,14.8825,2.95961326097261
235,275,298,14.89,-0.546966554751083
235,275,298,14.8975,-1.59468559091646
235,275,298,14.905,-2.49397440390659
235,275,298,14.9125,3.00581193110843
235,275,298,14.92,2.24963204522682
235,275,298,14.9275,0.909450862543453
235,275,298,14.935,-0.102754792616372
235,275,298,14.9425,-1.13863455768564
235,275,298,14.95,-2.41105624023617
235,275,298,14.9575,3.04169154392333
235,275,298,14.965,1.70003265900558
235,275,298,14.9725,0.732745829047688
235,275,298,14.98,-0.806449341056497
235,275,298,14.9875,-1.7758302792297
235,275,298,14.995,3.05564783856802
235,275,298,15.0025,2.39663363674855
235,275,298,15.01,1.23039805917327
235,275,298,15.0175,-1.19385033462983
235,275,298,15.025,-2.29649081004491
235,275,298,15.0325,3.04124914909264
235,275,298,15.04,0.92031518645122
235,275,298,15.0475,1.93945447531549
235,275,298,15.055,-2.1439061480369
235,275,298,15.0625,-2.27752275700876
235,275,298,15.07,2.31416131316578
235,275,298,15.0775,1.8890268034775
235,275,298,15.085,0.547577160086919
235,275,298,15.0925,0.103973042119418
235,275,298,15.1,-1.34408330438625
235,275,298,15.1075,-1.32266077954083
235,275,298,15.115,-2.66046285681093
235,275,298,15.1225,-3.10524342793511
235,275,298,15.13,1.67457541649348
235,275,298,15.1375,0.602256307966549
235,275,298,15.145,-0.979334945783886
235,275,298,15.1525,-2.12355282504841
235,275,298,15.16,-2.11309775148359
235,275,298,15.1675,3.00408356912176
235,275,298,15.175,2.2875659748634
235,275,298,15.1825,1.56979935272883
235,275,298,15.19,0.318259539367476
235,275,298,15.1975,-0.943027752164344
235,275,298,15.205,-1.861975949216
235,275,298,15.2125,-2.36366600934697
235,275,298,15.22,2.62259136091014
235,275,298,15.2275,1.37633609501341
235,275,298,15.235,-0.169759500379521
235,275,298,15.2425,-0.892033900989242
235,275,298,15.25,-2.14411639090162
235,275,298,15.2575,-2.38073793027701
235,275,298,15.265,0.53399238913055
235,275,298,15.2725,0.214256228375892
235,275,298,15.28,0.376108894909218
235,275,298,15.2875,-2.62671607032544
235,275,298,15.295,1.95045520654537
235,275,298,15.3025,-1.805563914275
235,275,298,15.31,-1.13648662695669
235,275,298,15.3175,-2.23916449004974
235,275,298,15.325,-1.65760965347477
235,275,298,15.3325,3.03317088860057
235,275,298,15.34,1.8942640424544
235,275,298,15.3475,0.544645638036219
235,275,298,15.355,-1.33588315311396
235,275,298,15.3625,-1.41247011886433
235,275,298,15.37,0.0998714549148379
235,275,298,15.3775,2.93676233289842
235,275,298,15.385,1.66806233113684
235,275,298,15.3925,0.918958221950515
235,275,298,15.4,-0.335972344047262
235,275,298,15.4075,-0.563157462989045
235,275,298,15.415,-2.36291494106764
235,275,298,15.4225,-1.14054678850809
235,275,298,15.43,2.52985552380995
235,275,298,15.4375,2.17550809181705
235,275,298,15.445,0.550101216276491
235,275,298,15.4525,1.16391297988081
235,275,298,15.46,-2.01926878743417
235,275,298,15.4675,-0.930395865371564
235,275,298,15.475,-2.53113036652079
235,275,298,15.4825,1.85339517566026
235,275,298,15.49,1.49690849690639
235,275,298,15.4975,1.51859532296212
235,275,298,15.505,2.00981663512633
235,275,298,15.5125,-0.271099018289794
235,275,298,15.52,2.4274235340842
235,275,298,15.5275,-2.40139512998711
235,275,298,15.535,-2.46095333799102
235,275,298,15.5425,-2.89476025001297
235,275,298,15.55,1.7407169874293
235,275,298,15.5575,0.718524913400374
235,275,298,15.565,-0.0813644458305798
235,275,298,15.5725,-1.61912880040286
235,275,298,15.58,-2.79432306770439
235,275,298,15.5875,2.53302146795773
235,275,298,15.595,1.92596944256461
235,275,298,15.6025,0.847548485278785
235,275,298,15.61,-0.862850590064735
235,275,298,15.6175,-1.94501811904439
235,275,298,15.625,-1.21622864823326
235,275,298,15.6325,2.77997328372111
235,275,298,15.64,2.5709728942282
235,275,298,15.6475,2.06965903619743
235,275,298,15.655,1.07104039182029
235,275,298,15.6625,0.18941804274796
235,275,298,15.67,-0.586362854445561
235,275,298,15.6775,0.756305721363403
235,275,298,15.685,-2.70203021958597
235,275,298,15.6925,1.6993159008053
235,275,298,15.7,1.61929671047324
235,275,298,15.7075,-0.0734717564490445
235,275,298,15.715,0.57431118345376
235,275,298,15.7225,-2.47476674540639
235,275,298,15.73,-3.03177830746069
235,275,298,15.7375,2.80738697052922
235,275,298,15.745,1.14256996063379
235,275,298,15.7525,-0.00548135029550268
235,275,298,15.76,-2.44080880821716
235,275,298,15.7675,-1.59151547132488
235,275,298,15.775,2.91720540193629
235,275,298,15.7825,-0.505353933099452
235,275,298,15.79,0.349663864541329
235,275,298,15.7975,-1.40651090223678
235,275,298,15.805,2.87422889612317
235,275,298,15.8125,1.81412845255914
235,275,298,15.82,-0.140247273527209
235,275,298,15.8275,-0.676850526631692
235,275,298,15.835,-2.86743314121213
235,275,298,15.8425,2.90699947010794
235,275,298,15.85,-3.09189605127299
235,275,298,15.8575,1.45811369617349
235,275,298,15.865,0.646203288015727
235,275,298,15.8725,-0.644366082298728
235,275,298,15.88,-1.33115876351909
235,275,298,15.8875,-2.99999786433735
235,275,298,15.895,2.93224805764475
235,275,298,15.9025,2.89516431129987
235,275,298,15.91,2.31527034401487
235,275,298,15.9175,0.782287888929582
235,275,298,15.925,0.00627341811137861
235,275,298,15.9325,-1.14471730570427
235,275,298,15.94,-2.16160825809467
235,275,298,15.9475,2.24668394818126
235,275,298,15.955,2.11038170240938
235,275,298,15.9625,1.33881220467078
235,275,298,15.97,-0.0618534268822586
235,275,298,15.9775,-0.525908175009925
235,275,298,15.985,-2.08688383138963
235,275,298,15.9925,-2.91934030542974
235,275,298,16,1.81171844367516
235,275,297,4,-1.25056487545289
235,275,297,4.0075,-2.05953170034894
235,275,297,4.015,-3.09902969629188
235,275,297,4.0225,2.35721790108504
235,275,297,4.03,1.65995405920136
235,275,297,4.0375,0.751077024916625
235,275,297,4.045,-0.116563915225414
235,275,297,4.0525,-0.797616792575845
235,275,297,4.06,-1.81971334250558
235,275,297,4.0675,-2.53074494818269
235,275,297,4.075,2.79748173025115
235,275,297,4.0825,1.85024270879338
235,275,297,4.09,0.903632498562582
235,275,297,4.0975,-0.277160570343348
235,275,297,4.105,-1.05323033486218
235,275,297,4.1125,-2.10187208595911
235,275,297,4.12,-2.95822769857705
235,275,297,4.1275,2.48835786492972
235,275,297,4.135,1.57067378568584
235,275,297,4.1425,0.694844462985997
235,275,297,4.15,-0.238299694834524
235,275,297,4.1575,-1.37087022286934
235,275,297,4.165,-2.20310844996664
235,275,297,4.1725,3.06260520895401
235,275,297,4.18,2.00119967803231
235,275,297,4.1875,1.17940369722841
235,275,297,4.195,0.28624622395696
235,275,297,4.2025,-0.603862635286325
235,275,297,4.21,-1.41270096876429
235,275,297,4.2175,-2.3824631770041
235,275,297,4.225,3.08214354581499
235,275,297,4.2325,2.02149858394287
235,275,297,4.24,0.918643932938723
235,275,297,4.2475,0.00284363747625018
235,275,297,4.255,-1.15911047245104
235,275,297,4.2625,-2.18456609522032
235,275,297,4.27,-3.10438460686284
235,275,297,4.2775,2.28968755506374
235,275,297,4.285,1.49485721967767
235,275,297,4.2925,0.427709191923805
235,275,297,4.3,-0.890421493886603
235,275,297,4.3075,-0.381010530368125
235,275,297,4.315,-1.76860110513508
235,275,297,4.3225,-1.92488338730211
235,275,297,4.33,-2.34974047726535
235,275,297,4.3375,-3.00140506750507
235,275,297,4.345,2.7308020212493
235,275,297,4.3525,1.5053799063815
235,275,297,4.36,0.684669607583823
235,275,297,4.3675,-0.519321309408618
235,275,297,4.375,-1.40052376304001
235,275,297,4.3825,-2.48702777728754
235,275,297,4.39,2.80317126519616
235,275,297,4.3975,1.75451644937126
235,275,297,4.405,0.645469768695475
235,275,297,4.4125,-0.395151574190564
235,275,297,4.42,-1.47581936907303
235,275,297,4.4275,-2.54561633635565
235,275,297,4.435,2.840346877323
235,275,297,4.4425,1.79679943490048
235,275,297,4.45,0.863633649239088
235,275,297,4.4575,0.0178310462948892
235,275,297,4.465,-0.994631581329414
235,275,297,4.4725,-1.9360242314809
235,275,297,4.48,-2.80299032339326
235,275,297,4.4875,2.44858787799463
235,275,297,4.495,1.62164318150928
235,275,297,4.5025,0.507046511254004
235,275,297,4.51,-0.451988237485933
235,275,297,4.5175,-1.33634312104755
235,275,297,4.525,-2.37925054815608
235,275,297,4.5325,2.82959114927347
235,275,297,4.54,1.84054815710406
235,275,297,4.5475,1.23522291017231
235,275,297,4.555,0.319228345570564
235,275,297,4.5625,0.648443914223764
235,275,297,4.57,-0.111836762508583
235,275,297,4.5775,-1.52029452268039
235,275,297,4.585,-2.04671718974988
235,275,297,4.5925,-2.77774322173951
235,275,297,4.6,2.9568249833832
235,275,297,4.6075,1.9196058569802
235,275,297,4.615,0.860877297576616
235,275,297,4.6225,-0.200120032119899
235,275,297,4.63,-1.21939333163489
235,275,297,4.6375,-2.28655582796617
235,275,297,4.645,2.94441308763519
235,275,297,4.6525,1.7689646426736
235,275,297,4.66,0.926195095564546
235,275,297,4.6675,-0.0697908126143992
235,275,297,4.675,-0.988598027338845
235,275,297,4.6825,-1.74261326639546
235,275,297,4.69,-2.70067669676983
235,275,297,4.6975,2.21569190274122
235,275,297,4.705,1.38559189805727
235,275,297,4.7125,0.459779211765438
235,275,297,4.72,-0.752845917686657
235,275,297,4.7275,-1.44856392379146
235,275,297,4.735,-1.58255855286533
235,275,297,4.7425,-2.99761837724176
235,275,297,4.75,3.0078432037964
235,275,297,4.7575,2.43259512187923
235,275,297,4.765,1.56156493717833
235,275,297,4.7725,0.467764230900217
235,275,297,4.78,-0.174407062570275
235,275,297,4.7875,-0.544102299575515
235,275,297,4.795,-1.64343473461169
235,275,297,4.8025,-2.48509511764184
235,275,297,4.81,2.78117957598726
235,275,297,4.8175,1.93295710282319
235,275,297,4.825,0.946016845294723
235,275,297,4.8325,-0.324242575235129
235,275,297,4.84,-1.28506409939489
235,275,297,4.8475,-2.2735385666427
235,275,297,4.855,3.03508479536418
235,275,297,4.8625,1.96315849469628
235,275,297,4.87,0.761385047889859
235,275,297,4.8775,-0.0585471770636794
235,275,297,4.885,-1.12162380566006
235,275,297,4.8925,-2.02905461206868
235,275,297,4.9,-3.03671341748879
235,275,297,4.9075,2.01693588128142
235,275,297,4.915,0.893155338881364
235,275,297,4.9225,-0.230073571462767
235,275,297,4.93,-1.19384187444378
235,275,297,4.9375,-1.73957552515097
235,275,297,4.945,-3.09543977074528
235,275,297,4.9525,2.5049352995323
235,275,297,4.96,1.44687747987303
235,275,297,4.9675,0.395802989485626
235,275,297,4.975,-0.85337135112554
235,275,297,4.9825,-1.69927448307772
235,275,297,4.99,3.11230933342548
235,275,297,4.9975,2.28018955087402
235,275,297,5.005,0.542827104502339
235,275,297,5.0125,-0.493574489932664
235,275,297,5.02,-2.6770334461085
235,275,297,5.0275,3.10444115760889
235,275,297,5.035,1.89167318470572
235,275,297,5.0425,0.840131789780684
235,275,297,5.05,-0.181308311936287
235,275,297,5.0575,-1.22867997160486
235,275,297,5.065,-2.2598705864949
235,275,297,5.0725,2.8893321583544
235,275,297,5.08,1.71414066794007
235,275,297,5.0875,0.579403979954479
235,275,297,5.095,-0.39040967347011
235,275,297,5.1025,-1.56425139165292
235,275,297,5.11,-2.57282326568047
235,275,297,5.1175,2.6182999998008
235,275,297,5.125,1.73387611114241
235,275,297,5.1325,0.439536792534162
235,275,297,5.14,-0.497216647966632
235,275,297,5.1475,-1.37759052928947
235,275,297,5.155,-2.23776719522906
235,275,297,5.1625,2.92397587730702
235,275,297,5.17,1.93059939429354
235,275,297,5.1775,0.952686340094324
235,275,297,5.185,-0.339780818769817
235,275,297,5.1925,-1.2070623651721
235,275,297,5.2,-1.14149092427329
235,275,297,5.2075,-1.2358218023252
235,275,297,5.215,-1.20128378188885
235,275,297,5.2225,-2.41633839956201
235,275,297,5.23,2.53996911837656
235,275,297,5.2375,1.68767827520872
235,275,297,5.245,0.681547080070156
235,275,297,5.2525,-0.221161509424455
235,275,297,5.26,-0.799513807115945
235,275,297,5.2675,-1.79060217297527
235,275,297,5.275,-2.89878730043241
235,275,297,5.2825,2.75070377513236
235,275,297,5.29,1.23535187328665
235,275,297,5.2975,0.494032800544866
235,275,297,5.305,-0.691248018780825
235,275,297,5.3125,-1.73971168684769
235,275,297,5.32,-2.14358907958747
235,275,297,5.3275,2.68319701396686
235,275,297,5.335,1.89423946053817
235,275,297,5.3425,0.914468026793061
235,275,297,5.35,-0.328218425441666
235,275,297,5.3575,-1.318001318361
235,275,297,5.365,-2.22086054221517
235,275,297,5.3725,-2.96914678433852
235,275,297,5.38,2.07725000535547
235,275,297,5.3875,1.49569105949174
235,275,297,5.395,1.11879515445262
235,275,297,5.4025,-0.378608074690521
235,275,297,5.41,-1.16224247284357
235,275,297,5.4175,-2.62363432748536
235,275,297,5.425,1.79539481028198
235,275,297,5.4325,1.26634996336647
235,275,297,5.44,-0.541590504580908
235,275,297,5.4475,-2.47989283763015
235,275,297,5.455,2.88619174080716
235,275,297,5.4625,1.47343269662612
235,275,297,5.47,0.19225227571636
235,275,297,5.4775,-0.978856520892548
235,275,297,5.485,-2.200653130544
235,275,297,5.4925,-2.90988756577647
235,275,297,5.5,2.0930258560897
235,275,297,5.5075,0.866754984954246
235,275,297,5.515,-0.313740337499082
235,275,297,5.5225,-1.25314812136938
235,275,297,5.53,-2.2003545980523
235,275,297,5.5375,2.86851027418965
235,275,297,5.545,1.90469898119737
235,275,297,5.5525,0.980695957340812
235,275,297,5.56,0.0690308534395929
235,275,297,5.5675,-0.915459337457916
235,275,297,5.575,-1.6521957272427
235,275,297,5.5825,-2.27752815138383
235,275,297,5.59,2.67535679644502
235,275,297,5.5975,1.66232995337192
235,275,297,5.605,0.755178349951767
235,275,297,5.6125,-0.339331914097979
235,275,297,5.62,-1.36504841897634
235,275,297,5.6275,-2.4147743023847
235,275,297,5.635,2.79030863681828
235,275,297,5.6425,1.51947638543576
235,275,297,5.65,0.504601295352988
235,275,297,5.6575,-0.799510933551915
235,275,297,5.665,-1.51693429417638
235,275,297,5.6725,-2.81198470903297
235,275,297,5.68,2.19447334984142
235,275,297,5.6875,1.0505158172981
235,275,297,5.695,-0.449067628161544
235,275,297,5.7025,-1.72269258932204
235,275,297,5.71,-2.95911828071956
235,275,297,5.7175,1.95137006165609
235,275,297,5.725,0.814716327543476
235,275,297,5.7325,-0.511398163010346
235,275,297,5.74,-1.71758082951507
235,275,297,5.7475,-2.67425157359185
235,275,297,5.755,2.39379776323595
235,275,297,5.7625,1.24988769667181
235,275,297,5.77,0.196602263673464
235,275,297,5.7775,-0.873916472349958
235,275,297,5.785,-1.94752750726147
235,275,297,5.7925,-2.99300718886814
235,275,297,5.8,2.0162156345861
235,275,297,5.8075,1.34785583985108
235,275,297,5.815,0.290978317498769
235,275,297,5.8225,-0.406969151273392
235,275,297,5.83,-1.54744753038214
235,275,297,5.8375,-2.44284696437771
235,275,297,5.845,2.90902650950546
235,275,297,5.8525,2.39010765703947
235,275,297,5.86,2.01649652881136
235,275,297,5.8675,0.318340393908538
235,275,297,5.875,-0.213175669556545
235,275,297,5.8825,-1.38717224784381
235,275,297,5.89,-2.84837668277084
235,275,297,5.8975,2.9913559554278
235,275,297,5.905,0.792267439068507
235,275,297,5.9125,0.42029290403752
235,275,297,5.92,2.18231160207637
235,275,297,5.9275,1.71116665617815
235,275,297,5.935,0.168982886953428
235,275,297,5.9425,-1.08701448841497
235,275,297,5.95,-1.83402490633419
235,275,297,5.9575,-2.60852007201934
235,275,297,5.965,2.8202996398224
235,275,297,5.9725,1.62136759265691
235,275,297,5.98,0.73118610215745
235,275,297,5.9875,-0.45747790431412
235,275,297,5.995,-1.63287466436056
235,275,297,6.0025,-2.69907058484914
235,275,297,6.01,2.53190712925618
235,275,297,6.0175,1.27057197027771
235,275,297,6.025,0.546996934486532
235,275,297,6.0325,-0.439233461089339
235,275,297,6.04,-1.72755488945853
235,275,297,6.0475,-2.92352881136215
235,275,297,6.055,2.40741424043257
235,275,297,6.0625,1.38222319355098
235,275,297,6.07,0.653715902952214
235,275,297,6.0775,1.16931905133978
235,275,297,6.085,0.436994123549123
235,275,297,6.0925,-0.966402844918798
235,275,297,6.1,-1.94950818075986
235,275,297,6.1075,-2.92998971305285
235,275,297,6.115,1.87833400250243
235,275,297,6.1225,1.1583941325621
235,275,297,6.13,0.685411957399993
235,275,297,6.1375,-0.702394930453576
235,275,297,6.145,-1.85179447960111
235,275,297,6.1525,-2.98570643502091
235,275,297,6.16,0.50444440868536
235,275,297,6.1675,-0.46124532451297
235,275,297,6.175,-1.97357622766682
235,275,297,6.1825,2.57208785535927
235,275,297,6.19,1.43556860514468
235,275,297,6.1975,0.431683070745238
235,275,297,6.205,-0.637875517777845
235,275,297,6.2125,-1.79840200932271
235,275,297,6.22,-2.90620729690088
235,275,297,6.2275,2.35139708229747
235,275,297,6.235,1.32203201373306
235,275,297,6.2425,0.315092266168461
235,275,297,6.25,-0.772544066982924
235,275,297,6.2575,-1.85146567871474
235,275,297,6.265,-2.90073415741846
235,275,297,6.2725,2.54416559753738
235,275,297,6.28,1.37546455494482
235,275,297,6.2875,0.326203655105095
235,275,297,6.295,-0.761897525104328
235,275,297,6.3025,-1.71237921463688
235,275,297,6.31,-2.12413006269236
235,275,297,6.3175,-2.97730991673501
235,275,297,6.325,2.25822374536371
235,275,297,6.3325,1.65725476391336
235,275,297,6.34,0.76209767571244
235,275,297,6.3475,-0.448554139077006
235,275,297,6.355,-1.10606148432231
235,275,297,6.3625,-2.16083897760233
235,275,297,6.37,-2.93323800754007
235,275,297,6.3775,2.46908924133114
235,275,297,6.385,1.83368608888485
235,275,297,6.3925,0.343129433332727
235,275,297,6.4,-1.19014392746279
235,275,297,6.4075,-1.1311298791185
235,275,297,6.415,-2.25349747594144
235,275,297,6.4225,2.86225557539222
235,275,297,6.43,2.0096776848545
235,275,297,6.4375,0.90605770773349
235,275,297,6.445,0.412157401752445
235,275,297,6.4525,0.638336796211811
235,275,297,6.46,-0.19834431570198
235,275,297,6.4675,-1.14496785450887
235,275,297,6.475,-2.27318723461029
235,275,297,6.4825,2.96846210312341
235,275,297,6.49,1.83837536999918
235,275,297,6.4975,0.659980236292443
235,275,297,6.505,-0.0814986524763931
235,275,297,6.5125,-1.13129059949667
235,275,297,6.52,-1.81338858976475
235,275,297,6.5275,-3.12647442604798
235,275,297,6.535,1.93037907888165
235,275,297,6.5425,1.10062471667352
235,275,297,6.55,0.178326524260665
235,275,297,6.5575,-0.530689294966688
235,275,297,6.565,-0.885346993909403
235,275,297,6.5725,-1.64852466749376
235,275,297,6.58,-2.81731050310904
235,275,297,6.5875,2.63616464444229
235,275,297,6.595,1.91072166426197
235,275,297,6.6025,1.00920529485778
235,275,297,6.61,0.234050185628574
235,275,297,6.6175,-0.924446445796905
235,275,297,6.625,-1.56073732761253
235,275,297,6.6325,-2.57785203328751
235,275,297,6.64,2.54733812044954
235,275,297,6.6475,1.60138136277704
235,275,297,6.655,0.561506101700028
235,275,297,6.6625,-0.523052154049451
235,275,297,6.67,-1.25783879793023
235,275,297,6.6775,-2.0085822293929
235,275,297,6.685,-2.80462154932476
235,275,297,6.6925,2.53062211467624
235,275,297,6.7,1.92201775943005
235,275,297,6.7075,0.728755160393728
235,275,297,6.715,0.0582507027546827
235,275,297,6.7225,-0.895991060314675
235,275,297,6.73,-1.91628386318855
235,275,297,6.7375,3.10310374989253
235,275,297,6.745,2.29511199311106
235,275,297,6.7525,1.38469191725387
235,275,297,6.76,0.102763181653761
235,275,297,6.7675,-0.665670834614031
235,275,297,6.775,-1.76060433826245
235,275,297,6.7825,-2.64760695494181
235,275,297,6.79,2.72874508634297
235,275,297,6.7975,1.6174207596508
235,275,297,6.805,0.542895017849631
235,275,297,6.8125,0.129998143594088
235,275,297,6.82,-0.826926097677353
235,275,297,6.8275,-1.14896177040298
235,275,297,6.835,-2.07285513108282
235,275,297,6.8425,-2.71361474994818
235,275,297,6.85,2.29250092878022
235,275,297,6.8575,1.42392960219029
235,275,297,6.865,0.495650571346704
235,275,297,6.8725,-0.314065352954705
235,275,297,6.88,-1.46015550616517
235,275,297,6.8875,-2.51028916441664
235,275,297,6.895,2.84284582208373
235,275,297,6.9025,2.16527795083335
235,275,297,6.91,0.830864507407193
235,275,297,6.9175,0.25364188633233
235,275,297,6.925,-0.760338264343389
235,275,297,6.9325,-1.46147445698813
235,275,297,6.94,-2.34308541999292
235,275,297,6.9475,-2.94540077199614
235,275,297,6.955,2.44393179008782
235,275,297,6.9625,1.471021959451
235,275,297,6.97,0.790108062530791
235,275,297,6.9775,-0.235995501141271
235,275,297,6.985,-1.36539666744537
235,275,297,6.9925,-2.30594858925738
235,275,297,7,-3.13110660500693
235,275,297,7.0075,2.06477376630545
235,275,297,7.015,0.981051047767279
235,275,297,7.0225,-0.106811009597691
235,275,297,7.03,-0.925644501763005
235,275,297,7.0375,-1.92125083259309
235,275,297,7.045,-3.09696451193804
235,275,297,7.0525,2.43036578120625
235,275,297,7.06,1.51174294600701
235,275,297,7.0675,0.415875071447598
235,275,297,7.075,-0.12889251338732
235,275,297,7.0825,-0.848485472313408
235,275,297,7.09,-1.32109437114274
235,275,297,7.0975,-2.33734382305677
235,275,297,7.105,3.0321719738648
235,275,297,7.1125,1.9852956562067
235,275,297,7.12,1.03389036982695
235,275,297,7.1275,0.165492943139064
235,275,297,7.135,-0.726093979231321
235,275,297,7.1425,-1.94560010276899
235,275,297,7.15,-2.93708299279114
235,275,297,7.1575,2.4405679414872
235,275,297,7.165,1.56157403633954
235,275,297,7.1725,0.618378776943153
235,275,297,7.18,-0.0413347758426098
235,275,297,7.1875,-1.20364827774593
235,275,297,7.195,-1.68789971541319
235,275,297,7.2025,-2.82849722140368
235,275,297,7.21,2.93399120875338
235,275,297,7.2175,1.75902173396229
235,275,297,7.225,0.984314831126444
235,275,297,7.2325,0.0263047460191363
235,275,297,7.24,-1.03973328502663
235,275,297,7.2475,-2.13177918122566
235,275,297,7.255,-3.05957902961066
235,275,297,7.2625,2.27997738619528
235,275,297,7.27,1.45188247723023
235,275,297,7.2775,0.322355099387026
235,275,297,7.285,-0.641172016050372
235,275,297,7.2925,-1.49101160010632
235,275,297,7.3,-2.44583991451596
235,275,297,7.3075,2.79380468810102
235,275,297,7.315,1.98262296440143
235,275,297,7.3225,1.38692340260971
235,275,297,7.33,0.895800124746173
235,275,297,7.3375,0.341590478148141
235,275,297,7.345,-0.454620969693579
235,275,297,7.3525,-1.63607864235397
235,275,297,7.36,-2.65747597321588
235,275,297,7.3675,2.59624046381532
235,275,297,7.375,1.63504398835603
235,275,297,7.3825,0.658947432199879
235,275,297,7.39,-0.510809784920366
235,275,297,7.3975,-1.35312815111156
235,275,297,7.405,-2.34124327578249
235,275,297,7.4125,2.77253158331235
235,275,297,7.42,1.91654185733019
235,275,297,7.4275,1.01652505087333
235,275,297,7.435,-0.014022732890398
235,275,297,7.4425,-0.598901844104893
235,275,297,7.45,-1.26168573321523
235,275,297,7.4575,-2.12259923896118
235,275,297,7.465,-2.9280061911062
235,275,297,7.4725,2.4293483828523
235,275,297,7.48,1.51619599889928
235,275,297,7.4875,0.490294494305927
235,275,297,7.495,-0.391642335200222
235,275,297,7.5025,-1.28345780556789
235,275,297,7.51,-2.31105561345932
235,275,297,7.5175,2.90211210738644
235,275,297,7.525,1.76338902325862
235,275,297,7.5325,0.979310140324742
235,275,297,7.54,-0.00148019753957034
235,275,297,7.5475,-0.897124207657722
235,275,297,7.555,-1.74232516228112
235,275,297,7.5625,-2.61362547633364
235,275,297,7.57,2.6932100339337
235,275,297,7.5775,1.8359816759728
235,275,297,7.585,1.29208164503786
235,275,297,7.5925,0.542007943819978
235,275,297,7.6,-0.365857901548733
235,275,297,7.6075,-1.22989969271082
235,275,297,7.615,-2.21017426209111
235,275,297,7.6225,3.08330863772105
235,275,297,7.63,1.95742698475276
235,275,297,7.6375,1.08230358297584
235,275,297,7.645,-0.0806612243800264
235,275,297,7.6525,-1.13921668579851
235,275,297,7.66,-1.98943539290759
235,275,297,7.6675,-3.08672504496773
235,275,297,7.675,2.36119451167596
235,275,297,7.6825,1.50680140279902
235,275,297,7.69,0.703301027663412
235,275,297,7.6975,0.0173832813595259
235,275,297,7.705,-0.54534958883548
235,275,297,7.7125,-1.55678641615211
235,275,297,7.72,-2.19787063463992
235,275,297,7.7275,-3.12782692362505
235,275,297,7.735,2.23901453495719
235,275,297,7.7425,1.1873899050375
235,275,297,7.75,0.162989633181602
235,275,297,7.7575,-0.592093032337207
235,275,297,7.765,-1.7083672361095
235,275,297,7.7725,-2.81705138454198
235,275,297,7.78,2.36543610879215
235,275,297,7.7875,1.44186457223377
235,275,297,7.795,0.150638747195473
235,275,297,7.8025,-0.652849750885683
235,275,297,7.81,-1.54303941236198
235,275,297,7.8175,-1.98388952820118
235,275,297,7.825,-2.38307655121222
235,275,297,7.8325,-3.01452611450718
235,275,297,7.84,2.52911627540066
235,275,297,7.8475,1.77811125202719
235,275,297,7.855,0.724500465554698
235,275,297,7.8625,-0.284635759279378
235,275,297,7.87,-1.37409811617775
235,275,297,7.8775,-2.38862920601291
235,275,297,7.885,2.92534043151878
235,275,297,7.8925,1.87815193074565
235,275,297,7.9,0.890082593248034
235,275,297,7.9075,-0.281221972951752
235,275,297,7.915,-1.2109266112725
235,275,297,7.9225,-2.00414574674718
235,275,297,7.93,-2.82644148738387
235,275,297,7.9375,2.27364768151307
235,275,297,7.945,1.55717324628682
235,275,297,7.9525,0.786862270304436
235,275,297,7.96,-0.206237030622963
235,275,297,7.9675,-1.06468390816997
235,275,297,7.975,-1.97644888404459
235,275,297,7.9825,-2.89208700238516
235,275,297,7.99,2.52357722627946
235,275,297,7.9975,1.50664455061767
235,275,297,8.005,0.518553936745421
235,275,297,8.0125,-0.548046903817524
235,275,297,8.02,-1.42400533226474
235,275,297,8.0275,-2.47339592026824
235,275,297,8.035,2.80335627635405
235,275,297,8.0425,1.59484638857704
235,275,297,8.05,0.842506365162801
235,275,297,8.0575,-0.363548857268386
235,275,297,8.065,-0.778433463144363
235,275,297,8.0725,-1.86583948810864
235,275,297,8.08,-0.968040879331803
235,275,297,8.0875,-2.58563580727363
235,275,297,8.095,3.10580405421884
235,275,297,8.1025,2.1557578916724
235,275,297,8.11,1.13819263450423
235,275,297,8.1175,-0.0340013934361006
235,275,297,8.125,-0.799223834483209
235,275,297,8.1325,-1.86848608268608
235,275,297,8.14,-2.84885396891164
235,275,297,8.1475,2.21527513603192
235,275,297,8.155,1.16243705230038
235,275,297,8.1625,0.533089444358544
235,275,297,8.17,-0.624045483176107
235,275,297,8.1775,-1.53367959454961
235,275,297,8.185,-2.28104357067382
235,275,297,8.1925,-3.11253312002747
235,275,297,8.2,2.20268352509404
235,275,297,8.2075,1.57585320864529
235,275,297,8.215,0.786669402836146
235,275,297,8.2225,-0.201251872169115
235,275,297,8.23,-1.14122444372952
235,275,297,8.2375,-2.20446979306366
235,275,297,8.245,-3.10511702511028
235,275,297,8.2525,2.26423719964509
235,275,297,8.26,1.18502424433614
235,275,297,8.2675,0.29032297666145
235,275,297,8.275,-0.804396991220983
235,275,297,8.2825,-1.82572337807035
235,275,297,8.29,-2.63057700336308
235,275,297,8.2975,2.81403049220044
235,275,297,8.305,1.44073863867167
235,275,297,8.3125,0.81359207907503
235,275,297,8.32,0.0804853684368317
235,275,297,8.3275,-0.955682984455864
235,275,297,8.335,-1.95925948502059
235,275,297,8.3425,-2.4488967419019
235,275,297,8.35,-3.02313787744783
235,275,297,8.3575,2.32910852221073
235,275,297,8.365,1.37942722087887
235,275,297,8.3725,0.461993371405629
235,275,297,8.38,-0.623591506661473
235,275,297,8.3875,-1.59936062273717
235,275,297,8.395,-2.55098356609028
235,275,297,8.4025,2.72767034689316
235,275,297,8.41,1.67466717098002
235,275,297,8.4175,0.741979153767177
235,275,297,8.425,-0.247634952953208
235,275,297,8.4325,-1.0842131282291
235,275,297,8.44,-2.25652324470606
235,275,297,8.4475,-2.92083120164529
235,275,297,8.455,2.59279074712611
235,275,297,8.4625,1.55991207882493
235,275,297,8.47,0.827744214194021
235,275,297,8.4775,-0.27681155960869
235,275,297,8.485,-1.00643614118873
235,275,297,8.4925,-1.63008776990005
235,275,297,8.5,-2.75708707096944
235,275,297,8.5075,2.70910377051907
235,275,297,8.515,1.67657310041963
235,275,297,8.5225,0.612813950702918
235,275,297,8.53,-0.478254670291286
235,275,297,8.5375,-1.51218018763838
235,275,297,8.545,-2.56195779275803
235,275,297,8.5525,3.0947994874008
235,275,297,8.56,2.56408984732887
235,275,297,8.5675,1.77966941502402
235,275,297,8.575,1.32119637777169
235,275,297,8.5825,0.661324946350686
235,275,297,8.59,-0.180284230810691
235,275,297,8.5975,-1.32110647728843
235,275,297,8.605,-2.08772403862215
235,275,297,8.6125,-2.95135244330682
235,275,297,8.62,1.965125140902
235,275,297,8.6275,1.28564703674799
235,275,297,8.635,0.243571839962488
235,275,297,8.6425,-0.764363538911768
235,275,297,8.65,-1.78354134895345
235,275,297,8.6575,-2.863557422468
235,275,297,8.665,2.45243443128814
235,275,297,8.6725,1.52737002820952
235,275,297,8.68,0.494063060123618
235,275,297,8.6875,-0.386228989935506
235,275,297,8.695,-1.37862194901355
235,275,297,8.7025,-2.18597120388984
235,275,297,8.71,-3.10020605904789
235,275,297,8.7175,2.27657410704329
235,275,297,8.725,1.44723788109187
235,275,297,8.7325,0.482155685466241
235,275,297,8.74,-0.372121618200713
235,275,297,8.7475,-1.60686413430088
235,275,297,8.755,-2.42305238922156
235,275,297,8.7625,3.04343841062288
235,275,297,8.77,2.0865277958501
235,275,297,8.7775,1.12758292927149
235,275,297,8.785,0.0900852585773075
235,275,297,8.7925,-0.727532942359138
235,275,297,8.8,-1.85251750655566
235,275,297,8.8075,-2.70561291669863
235,275,297,8.815,2.90998476475807
235,275,297,8.8225,2.22606739630567
235,275,297,8.83,-1.66592349017796
235,275,297,8.8375,1.03042514802645
235,275,297,8.845,0.503395664230475
235,275,297,8.8525,-0.742511299566263
235,275,297,8.86,-1.67464507187543
235,275,297,8.8675,-2.72580139541585
235,275,297,8.875,2.79954896793605
235,275,297,8.8825,1.63901213945194
235,275,297,8.89,0.633930643435437
235,275,297,8.8975,-0.392695508457312
235,275,297,8.905,-1.37651030953869
235,275,297,8.9125,-2.28120168675763
235,275,297,8.92,2.98100036005177
235,275,297,8.9275,1.95989942247296
235,275,297,8.935,1.00068882031257
235,275,297,8.9425,0.0598252776438058
235,275,297,8.95,-0.408928589888364
235,275,297,8.9575,-1.40316755142205
235,275,297,8.965,-1.89824810262013
235,275,297,8.9725,-2.90305526260853
235,275,297,8.98,2.38461411603525
235,275,297,8.9875,1.36985332674402
235,275,297,8.995,0.524259807512175
235,275,297,9.0025,-0.605005204519574
235,275,297,9.01,-1.50752176824268
235,275,297,9.0175,-2.30825095644827
235,275,297,9.025,2.89974987217373
235,275,297,9.0325,2.21037733021861
235,275,297,9.04,0.95093539568753
235,275,297,9.0475,0.243690977347316
235,275,297,9.055,-0.827900629076565
235,275,297,9.0625,-1.49223518094217
235,275,297,9.07,-2.4024267616025
235,275,297,9.0775,3.10934746533347
235,275,297,9.085,2.31508589541867
235,275,297,9.0925,1.5286287991951
235,275,297,9.1,0.698478724962595
235,275,297,9.1075,-0.407818901668957
235,275,297,9.115,-1.32244352341784
235,275,297,9.1225,-2.29865213259801
235,275,297,9.13,-3.11440596274475
235,275,297,9.1375,1.7693296121188
235,275,297,9.145,0.965311505551276
235,275,297,9.1525,0.0123976196230656
235,275,297,9.16,-1.01563549260253
235,275,297,9.1675,-1.84826351913368
235,275,297,9.175,-2.88155585033475
235,275,297,9.1825,2.51285038997803
235,275,297,9.19,1.30107652430296
235,275,297,9.1975,0.528174316428189
235,275,297,9.205,-0.17440988284149
235,275,297,9.2125,-1.12277540894946
235,275,297,9.22,-1.97088118666342
235,275,297,9.2275,-2.75094699110203
235,275,297,9.235,2.88049227096157
235,275,297,9.2425,1.92918778688808
235,275,297,9.25,1.03937174445634
235,275,297,9.2575,-0.186010348699163
235,275,297,9.265,-1.17923423402899
235,275,297,9.2725,-1.99952769344287
235,275,297,9.28,-2.90783217164452
235,275,297,9.2875,2.5210250355021
235,275,297,9.295,1.36321364570372
235,275,297,9.3025,0.417665925693478
235,275,297,9.31,-0.537918572226387
235,275,297,9.3175,-1.32105936040427
235,275,297,9.325,-2.21257693408739
235,275,297,9.3325,-2.20384841721214
235,275,297,9.34,-2.93724135393113
235,275,297,9.3475,1.98142644838122
235,275,297,9.355,1.57321391322225
235,275,297,9.3625,0.369936545483394
235,275,297,9.37,-0.367475353140498
235,275,297,9.3775,-1.48853827371702
235,275,297,9.385,-2.64051400519289
235,275,297,9.3925,2.61920447407504
235,275,297,9.4,1.74585041039747
235,275,297,9.4075,0.857911779211934
235,275,297,9.415,-0.139632107184808
235,275,297,9.4225,-1.03809018274681
235,275,297,9.43,-2.03883706576064
235,275,297,9.4375,-3.0238026520287
235,275,297,9.445,2.37814122044731
235,275,297,9.4525,1.3399293362603
235,275,297,9.46,0.552820493821101
235,275,297,9.4675,-0.653911896799575
235,275,297,9.475,-1.41202080818802
235,275,297,9.4825,-1.9568502617696
235,275,297,9.49,3.07359827083565
235,275,297,9.4975,2.33254263495547
235,275,297,9.505,1.28695847474815
235,275,297,9.5125,0.533715338199887
235,275,297,9.52,-0.0376907020641683
235,275,297,9.5275,-1.11931942949291
235,275,297,9.535,-2.23857971295566
235,275,297,9.5425,2.895706585874
235,275,297,9.55,1.95297074138872
235,275,297,9.5575,1.13433705263735
235,275,297,9.565,0.104127194747286
235,275,297,9.5725,-0.691875951768392
235,275,297,9.58,-1.65078404148931
235,275,297,9.5875,-2.04947002511343
235,275,297,9.595,-2.71849819644084
235,275,297,9.6025,2.61446163724889
235,275,297,9.61,2.08785461366413
235,275,297,9.6175,0.987546884048209
235,275,297,9.625,0.0308383385299178
235,275,297,9.6325,-1.11368252162389
235,275,297,9.64,-2.16466047121798
235,275,297,9.6475,3.02197437713293
235,275,297,9.655,2.14001567746612
235,275,297,9.6625,1.16969826298305
235,275,297,9.67,0.218766900635497
235,275,297,9.6775,-0.86411757998323
235,275,297,9.685,-1.86554442022067
235,275,297,9.6925,-2.88186062394743
235,275,297,9.7,2.7935320213166
235,275,297,9.7075,2.10024377602481
235,275,297,9.715,0.614278567686586
235,275,297,9.7225,0.775006433850029
235,275,297,9.73,0.10132827185721
235,275,297,9.7375,-1.28144568241088
235,275,297,9.745,-2.09740180812173
235,275,297,9.7525,-2.72506178269578
235,275,297,9.76,2.53215908171743
235,275,297,9.7675,1.66152306974803
235,275,297,9.775,0.432134193368412
235,275,297,9.7825,-0.430296536720676
235,275,297,9.79,-1.38806729108876
235,275,297,9.7975,-2.53851506363589
235,275,297,9.805,2.71182053050173
235,275,297,9.8125,2.05544165102201
235,275,297,9.82,1.07326385779231
235,275,297,9.8275,0.328425842098175
235,275,297,9.835,-0.494435038811422
235,275,297,9.8425,-1.49017860810565
235,275,297,9.85,-2.32327029882256
235,275,297,9.8575,2.98813202114097
235,275,297,9.865,2.36471332565651
235,275,297,9.8725,1.18286192607924
235,275,297,9.88,0.211410441845718
235,275,297,9.8875,-0.709855252700646
235,275,297,9.895,-1.61138264173528
235,275,297,9.9025,-2.56290289383275
235,275,297,9.91,2.44963684460387
235,275,297,9.9175,1.59889358549682
235,275,297,9.925,0.643494697988207
235,275,297,9.9325,-0.403212796942806
235,275,297,9.94,-1.37650553910096
235,275,297,9.9475,-2.44076976250328
235,275,297,9.955,2.8991365046122
235,275,297,9.9625,2.2060520911714
235,275,297,9.97,1.37741674727252
235,275,297,9.9775,0.698007480834416
235,275,297,9.985,-0.183349928202775
235,275,297,9.9925,-1.05724184275892
235,275,297,10,-1.71463653137914
235,275,297,10.0075,-2.99870187866036
235,275,297,10.015,2.86439111487986
235,275,297,10.0225,1.81383605925798
235,275,297,10.03,0.929615064360338
235,275,297,10.0375,-0.275356324836683
235,275,297,10.045,-0.92520733977264
235,275,297,10.0525,-1.82537804775963
235,275,297,10.06,-2.65815377112666
235,275,297,10.0675,2.57439470401672
235,275,297,10.075,1.68333736982339
235,275,297,10.0825,1.10062404323868
235,275,297,10.09,0.000880652764142084
235,275,297,10.0975,-0.554502254231284
235,275,297,10.105,-1.73266456565977
235,275,297,10.1125,-2.65940528334961
235,275,297,10.12,2.61116329282016
235,275,297,10.1275,1.84269081971731
235,275,297,10.135,0.78617548208382
235,275,297,10.1425,0.156463031591478
235,275,297,10.15,-1.05451140121503
235,275,297,10.1575,-1.66620742108887
235,275,297,10.165,-2.70415854122306
235,275,297,10.1725,2.37271334379528
235,275,297,10.18,1.37755312278516
235,275,297,10.1875,0.584842359394833
235,275,297,10.195,-0.450476336045722
235,275,297,10.2025,-1.55661079450364
235,275,297,10.21,-2.43659699973568
235,275,297,10.2175,3.11559577412372
235,275,297,10.225,1.9424903218389
235,275,297,10.2325,1.12153189374502
235,275,297,10.24,0.828841420768168
235,275,297,10.2475,0.0572203811477493
235,275,297,10.255,-1.15493944492321
235,275,297,10.2625,-1.91816877611284
235,275,297,10.27,-2.74882305186796
235,275,297,10.2775,2.5258267738795
235,275,297,10.285,1.44400941315413
235,275,297,10.2925,0.820484382633927
235,275,297,10.3,-0.333822216841302
235,275,297,10.3075,-0.978974335592904
235,275,297,10.315,-2.33801696537914
235,275,297,10.3225,-3.08371452738412
235,275,297,10.33,2.39553634208078
235,275,297,10.3375,1.13690875186561
235,275,297,10.345,0.0653866539517139
235,275,297,10.3525,-0.752348079381367
235,275,297,10.36,-1.56309990110147
235,275,297,10.3675,-2.24772977483565
235,275,297,10.375,2.99670345492659
235,275,297,10.3825,1.85138633962178
235,275,297,10.39,1.0529768484452
235,275,297,10.3975,0.276866251194163
235,275,297,10.405,-0.896108674841155
235,275,297,10.4125,-2.1020253906016
235,275,297,10.42,-2.98224396876453
235,275,297,10.4275,2.49164952941976
235,275,297,10.435,1.63118244399465
235,275,297,10.4425,0.131189747500408
235,275,297,10.45,-1.52717025250541
235,275,297,10.4575,-1.51843762289062
235,275,297,10.465,-2.12376759398471
235,275,297,10.4725,0.470258887169716
235,275,297,10.48,-1.76097662920483
235,275,297,10.4875,-1.99886618091379
235,275,297,10.495,2.76267059579222
235,275,297,10.5025,2.05999227564148
235,275,297,10.51,0.488875893498673
235,275,297,10.5175,-0.605623665718422
235,275,297,10.525,-1.70534282965019
235,275,297,10.5325,-2.72595266576771
235,275,297,10.54,2.3379452554297
235,275,297,10.5475,1.64822198225193
235,275,297,10.555,0.50177000447158
235,275,297,10.5625,-0.557299306671975
235,275,297,10.57,-1.25925534481863
235,275,297,10.5775,-2.08893696663618
235,275,297,10.585,-3.01231579476215
235,275,297,10.5925,2.12124450590652
235,275,297,10.6,1.15207245184306
235,275,297,10.6075,0.188092928041509
235,275,297,10.615,-0.565481779145701
235,275,297,10.6225,-1.58954367963938
235,275,297,10.63,-2.57166769308561
235,275,297,10.6375,2.73508049096429
235,275,297,10.645,1.6863817317317
235,275,297,10.6525,0.832175096554161
235,275,297,10.66,-0.361188968951132
235,275,297,10.6675,-0.965936557099494
235,275,297,10.675,-2.25128506026983
235,275,297,10.6825,2.9157680102405
235,275,297,10.69,1.82688478606627
235,275,297,10.6975,1.6088946914933
235,275,297,10.705,-1.7590354988054
235,275,297,10.7125,0.142146323069939
235,275,297,10.72,-1.05197922487403
235,275,297,10.7275,-0.756848459077511
235,275,297,10.735,-1.5974987850799
235,275,297,10.7425,-2.37333157588025
235,275,297,10.75,2.87902074406863
235,275,297,10.7575,1.77695121330358
235,275,297,10.765,0.698534043370145
235,275,297,10.7725,-0.00326377314185095
235,275,297,10.78,-1.30957282485718
235,275,297,10.7875,-2.11317165479692
235,275,297,10.795,2.99038555064278
235,275,297,10.8025,2.22486843112554
235,275,297,10.81,1.04112877974681
235,275,297,10.8175,-0.0810087413295247
235,275,297,10.825,-0.921454896193757
235,275,297,10.8325,-1.71329787253366
235,275,297,10.84,-2.70977793168155
235,275,297,10.8475,2.55710885436796
235,275,297,10.855,2.12219163499115
235,275,297,10.8625,0.951329328676483
235,275,297,10.87,-0.0780569507342607
235,275,297,10.8775,-0.780229886561692
235,275,297,10.885,-2.50920312705651
235,275,297,10.8925,-2.81255571534857
235,275,297,10.9,2.45118949824688
235,275,297,10.9075,1.67454710394451
235,275,297,10.915,0.580692150411469
235,275,297,10.9225,-0.690799810918914
235,275,297,10.93,-1.04395551917592
235,275,297,10.9375,-2.0034255427808
235,275,297,10.945,-1.80990986304368
235,275,297,10.9525,3.06638024901073
235,275,297,10.96,2.90507199243435
235,275,297,10.9675,1.36803823394313
235,275,297,10.975,0.292054879005687
235,275,297,10.9825,0.391126061014945
235,275,297,10.99,-0.906053276420896
235,275,297,10.9975,-1.98421986058698
235,275,297,11.005,-3.09135198165862
235,275,297,11.0125,2.36465069481899
235,275,297,11.02,1.29010335083
235,275,297,11.0275,0.207541186369959
235,275,297,11.035,-0.76667933293421
235,275,297,11.0425,-1.70909466004959
235,275,297,11.05,-2.76361087714853
235,275,297,11.0575,2.46463303720006
235,275,297,11.065,1.50048833871765
235,275,297,11.0725,0.563673841661024
235,275,297,11.08,-0.48415999630378
235,275,297,11.0875,-1.63756439055722
235,275,297,11.095,-2.43747453539277
235,275,297,11.1025,2.85745791719719
235,275,297,11.11,1.61519268205987
235,275,297,11.1175,0.668075162498802
235,275,297,11.125,-0.251180465486238
235,275,297,11.1325,-1.24652042899734
235,275,297,11.14,-2.34356500789054
235,275,297,11.1475,-2.31786021745023
235,275,297,11.155,2.16157451166039
235,275,297,11.1625,2.35583036058264
235,275,297,11.17,1.16736706653158
235,275,297,11.1775,0.695555781225971
235,275,297,11.185,-0.280926223684377
235,275,297,11.1925,-1.86600746292282
235,275,297,11.2,3.02455202247907
235,275,297,11.2075,-0.126517806226859
235,275,297,11.215,-2.26807981821409
235,275,297,11.2225,2.73523960349673
235,275,297,11.23,1.96656928316441
235,275,297,11.2375,0.981269789647258
235,275,297,11.245,-0.160372795984244
235,275,297,11.2525,-0.950495939338215
235,275,297,11.26,-2.1673531823782
235,275,297,11.2675,2.91528049935485
235,275,297,11.275,2.28445412495812
235,275,297,11.2825,0.91049272337917
235,275,297,11.29,0.00038307534080557
235,275,297,11.2975,-0.942954488645495
235,275,297,11.305,-1.96914701441867
235,275,297,11.3125,-2.95086725524943
235,275,297,11.32,2.21115583484813
235,275,297,11.3275,1.22820069706678
235,275,297,11.335,0.259699475819859
235,275,297,11.3425,-0.856238756223488
235,275,297,11.35,-1.87388248406004
235,275,297,11.3575,-2.94836950981072
235,275,297,11.365,2.30267845248003
235,275,297,11.3725,2.18479377897749
235,275,297,11.38,1.57542503012266
235,275,297,11.3875,1.04695530372853
235,275,297,11.395,0.342920434935374
235,275,297,11.4025,-0.9237217786423
235,275,297,11.41,-1.54903614514433
235,275,297,11.4175,-2.93275506217048
235,275,297,11.425,2.11075877234163
235,275,297,11.4325,1.41887859568661
235,275,297,11.44,-0.16540202484595
235,275,297,11.4475,-0.660270350992267
235,275,297,11.455,-1.69650659045011
235,275,297,11.4625,-2.59736062122794
235,275,297,11.47,3.07949239691026
235,275,297,11.4775,2.93503997149007
235,275,297,11.485,2.67408860926853
235,275,297,11.4925,1.00514068930673
235,275,297,11.5,0.0968488731997825
235,275,297,11.5075,-0.662875456623827
235,275,297,11.515,-1.72489117259808
235,275,297,11.5225,-2.88873840586002
235,275,297,11.53,2.24198768777797
235,275,297,11.5375,1.2675729782981
235,275,297,11.545,0.32654486050858
235,275,297,11.5525,-0.888287332868091
235,275,297,11.56,-1.74664192127091
235,275,297,11.5675,-2.79990876015544
235,275,297,11.575,2.37884267947419
235,275,297,11.5825,1.40404433118762
235,275,297,11.59,0.733142155627414
235,275,297,11.5975,-0.112653005842704
235,275,297,11.605,-0.675192936330334
235,275,297,11.6125,-1.74659665424575
235,275,297,11.62,-2.23281263865445
235,275,297,11.6275,2.88017905479495
235,275,297,11.635,2.35730324425916
235,275,297,11.6425,1.67210180989287
235,275,297,11.65,1.06932597006942
235,275,297,11.6575,-0.252039378764277
235,275,297,11.665,-1.02593309920064
235,275,297,11.6725,-2.02563240410082
235,275,297,11.68,-2.84728085543491
235,275,297,11.6875,2.15094366372259
235,275,297,11.695,1.62906888213522
235,275,297,11.7025,0.6801018291962
235,275,297,11.71,-0.347993232448168
235,275,297,11.7175,-1.15583498748936
235,275,297,11.725,-1.86835036926727
235,275,297,11.7325,-2.81104255444424
235,275,297,11.74,2.70516522676837
235,275,297,11.7475,1.84036982601917
235,275,297,11.755,0.624436596054331
235,275,297,11.7625,-0.389597299535955
235,275,297,11.77,-1.21341947396675
235,275,297,11.7775,-2.27216919924125
235,275,297,11.785,2.98624307107172
235,275,297,11.7925,2.03404205849987
235,275,297,11.8,0.7090139747694
235,275,297,11.8075,-0.3026553757668
235,275,297,11.815,-1.11556537318785
235,275,297,11.8225,-2.35336337249907
235,275,297,11.83,2.99776404646892
235,275,297,11.8375,2.01913923385778
235,275,297,11.845,1.26109635043336
235,275,297,11.8525,-0.0973013246836566
235,275,297,11.86,-1.05516317421907
235,275,297,11.8675,-1.74386774902186
235,275,297,11.875,-2.84985523735964
235,275,297,11.8825,2.18176058112346
235,275,297,11.89,0.936245590068042
235,275,297,11.8975,-2.8346721852065
235,275,297,11.905,2.52264965958249
235,275,297,11.9125,1.20312406898756
235,275,297,11.92,0.0794328297232291
235,275,297,11.9275,-1.03269089128405
235,275,297,11.935,-2.18053454265502
235,275,297,11.9425,-3.07303836210959
235,275,297,11.95,2.44905346199769
235,275,297,11.9575,1.4172799681583
235,275,297,11.965,0.237857903712862
235,275,297,11.9725,-0.954405771751271
235,275,297,11.98,-2.11559283981322
235,275,297,11.9875,-2.05910239265855
235,275,297,11.995,2.83982208552391
235,275,297,12.0025,2.14009633775881
235,275,297,12.01,0.971835700621369
235,275,297,12.0175,0.144481286252729
235,275,297,12.025,-0.749235819536569
235,275,297,12.0325,-1.53556305459796
235,275,297,12.04,-2.77105425261479
235,275,297,12.0475,2.76174424965508
235,275,297,12.055,1.54931595807326
235,275,297,12.0625,0.703904720866224
235,275,297,12.07,-0.513441508709203
235,275,297,12.0775,-1.63587300691333
235,275,297,12.085,-2.71533734343195
235,275,297,12.0925,2.56686456265138
235,275,297,12.1,1.75702137525814
235,275,297,12.1075,1.39230677851033
235,275,297,12.115,1.76151057683431
235,275,297,12.1225,0.554275991716188
235,275,297,12.13,-0.267035632277032
235,275,297,12.1375,-0.969370419187503
235,275,297,12.145,-2.07738077771333
235,275,297,12.1525,-2.91072907230708
235,275,297,12.16,2.21008466794189
235,275,297,12.1675,1.01148556075671
235,275,297,12.175,0.287454128343881
235,275,297,12.1825,-0.838494765376424
235,275,297,12.19,-1.93471231437864
235,275,297,12.1975,-2.75796907103349
235,275,297,12.205,2.32744558501757
235,275,297,12.2125,1.3390676138763
235,275,297,12.22,0.533364738270422
235,275,297,12.2275,-0.748514374803351
235,275,297,12.235,-1.4306267560273
235,275,297,12.2425,-2.16217966386108
235,275,297,12.25,-3.05431204576753
235,275,297,12.2575,2.28753531377657
235,275,297,12.265,1.19977982416805
235,275,297,12.2725,0.286118972591818
235,275,297,12.28,-0.224086688858402
235,275,297,12.2875,-1.69120739567751
235,275,297,12.295,-2.81552547761972
235,275,297,12.3025,2.71091568456036
235,275,297,12.31,1.6481013002536
235,275,297,12.3175,0.841457066789749
235,275,297,12.325,-0.470255578884492
235,275,297,12.3325,-1.39669251531061
235,275,297,12.34,-2.64735806514732
235,275,297,12.3475,2.5856976286693
235,275,297,12.355,0.322586749655464
235,275,297,12.3625,-1.34565968070725
235,275,297,12.37,-2.55548939279589
235,275,297,12.3775,2.21310482584136
235,275,297,12.385,1.09213114703584
235,275,297,12.3925,-0.0590630510731344
235,275,297,12.4,-0.955490821483775
235,275,297,12.4075,-2.26836814502195
235,275,297,12.415,2.96742511206473
235,275,297,12.4225,2.08097906267709
235,275,297,12.43,1.02907648699894
235,275,297,12.4375,-0.109036425415702
235,275,297,12.445,-1.31325445235293
235,275,297,12.4525,-1.83788064915286
235,275,297,12.46,-2.93205855161852
235,275,297,12.4675,2.25028056377684
235,275,297,12.475,1.31248088703945
235,275,297,12.4825,0.387824052247762
235,275,297,12.49,-0.3801300265985
235,275,297,12.4975,-1.71954871517706
235,275,297,12.505,-2.13596755024699
235,275,297,12.5125,-3.13725476662223
235,275,297,12.52,1.91303017302148
235,275,297,12.5275,1.27911995053722
235,275,297,12.535,0.118266730664681
235,275,297,12.5425,-0.870900461233143
235,275,297,12.55,-1.76730361252631
235,275,297,12.5575,2.95746094524467
235,275,297,12.565,2.0209716563165
235,275,297,12.5725,1.23809526118932
235,275,297,12.58,0.655372512868379
235,275,297,12.5875,-0.634555065329661
235,275,297,12.595,-2.4910606444087
235,275,297,12.6025,-3.01236831170864
235,275,297,12.61,2.13480479398525
235,275,297,12.6175,-1.09145566312699
235,275,297,12.625,-1.22480114276297
235,275,297,12.6325,2.65789654191619
235,275,297,12.64,1.28493072222397
235,275,297,12.6475,0.0344295907012317
235,275,297,12.655,-0.939721811555585
235,275,297,12.6625,-2.78409943928787
235,275,297,12.67,-2.94789141677703
235,275,297,12.6775,2.25431149446595
235,275,297,12.685,1.5311441180168
235,275,297,12.6925,0.22258424934908
235,275,297,12.7,-0.99179464148535
235,275,297,12.7075,-2.11436026820016
235,275,297,12.715,-2.66208278787349
235,275,297,12.7225,2.77440391809745
235,275,297,12.73,1.41445091539364
235,275,297,12.7375,1.10052264696019
235,275,297,12.745,-0.852795406746778
235,275,297,12.7525,-1.47259353258385
235,275,297,12.76,-1.59435982900522
235,275,297,12.7675,-2.87310458151363
235,275,297,12.775,1.99618181071953
235,275,297,12.7825,1.52968895660291
235,275,297,12.79,0.579775391896229
235,275,297,12.7975,0.259152480335347
235,275,297,12.805,-1.448533193805
235,275,297,12.8125,-2.44834247127336
235,275,297,12.82,-3.11618907511192
235,275,297,12.8275,2.16787672570169
235,275,297,12.835,-2.67387893516336
235,275,297,12.8425,0.0889527902423408
235,275,297,12.85,-0.176155154327902
235,275,297,12.8575,0.0423672931785577
235,275,297,12.865,-0.781120540779979
235,275,297,12.8725,-1.45787618714364
235,275,297,12.88,-3.05263855562812
235,275,297,12.8875,2.47501973854725
235,275,297,12.895,1.53767309285233
235,275,297,12.9025,0.545981634663234
235,275,297,12.91,-0.106025989937324
235,275,297,12.9175,-1.46695945347833
235,275,297,12.925,-2.64878776577651
235,275,297,12.9325,2.86036662953275
235,275,297,12.94,1.72011175291207
235,275,297,12.9475,0.72328727684541
235,275,297,12.955,-0.0800496338626235
235,275,297,12.9625,-1.54290271912607
235,275,297,12.97,-2.58263952484451
235,275,297,12.9775,2.66415409456302
235,275,297,12.985,1.72432097226297
235,275,297,12.9925,0.857610163901396
235,275,297,13,-0.587654406972494
235,275,297,13.0075,-1.24644382368024
235,275,297,13.015,-2.34585082744907
235,275,297,13.0225,2.84967299704405
235,275,297,13.03,2.26930630745374
235,275,297,13.0375,1.54656157757151
235,275,297,13.045,0.311157319376515
235,275,297,13.0525,-1.10165237756606
235,275,297,13.06,-0.938902753968267
235,275,297,13.0675,2.31314893910629
235,275,297,13.075,-2.45521469426039
235,275,297,13.0825,-0.0567778506382374
235,275,297,13.09,0.196202922852411
235,275,297,13.0975,-2.01499465913081
235,275,297,13.105,2.46468785721737
235,275,297,13.1125,1.60839693440172
235,275,297,13.12,0.243522144246362
235,275,297,13.1275,-0.886903615405605
235,275,297,13.135,-2.09721100739225
235,275,297,13.1425,-3.06105214901404
235,275,297,13.15,2.48071043342256
235,275,297,13.1575,1.2743810471064
235,275,297,13.165,0.406618521001811
235,275,297,13.1725,-0.629868907324749
235,275,297,13.18,-1.51996513869813
235,275,297,13.1875,-2.75849943039468
235,275,297,13.195,2.3949451034711
235,275,297,13.2025,1.25519471700326
235,275,297,13.21,0.123453852385684
235,275,297,13.2175,-0.927732563524839
235,275,297,13.225,-1.95594591273572
235,275,297,13.2325,-3.13119700895133
235,275,297,13.24,2.21542686398249
235,275,297,13.2475,1.06947839818415
235,275,297,13.255,-0.0542571961296195
235,275,297,13.2625,-0.143603820103138
235,275,297,13.27,-0.901602086048419
235,275,297,13.2775,-1.30719739658839
235,275,297,13.285,-1.46776852439851
235,275,297,13.2925,-2.10131544605468
235,275,297,13.3,2.9235057943132
235,275,297,13.3075,1.58404345046075
235,275,297,13.315,0.526650122846982
235,275,297,13.3225,-0.201639036407339
235,275,297,13.33,-1.55241249319001
235,275,297,13.3375,-2.2659610607823
235,275,297,13.345,2.8534651090532
235,275,297,13.3525,2.5151533608134
235,275,297,13.36,1.42322723074372
235,275,297,13.3675,1.49607753368801
235,275,297,13.375,0.243424960811525
235,275,297,13.3825,-0.354513031664023
235,275,297,13.39,-1.42199669219871
235,275,297,13.3975,-2.62957773615964
235,275,297,13.405,2.78748215460092
235,275,297,13.4125,1.59133143880165
235,275,297,13.42,0.682377527737112
235,275,297,13.4275,-0.594730050773056
235,275,297,13.435,-1.4866403159716
235,275,297,13.4425,-2.57325790223637
235,275,297,13.45,2.64476033468326
235,275,297,13.4575,1.6224344270856
235,275,297,13.465,0.364569580077186
235,275,297,13.4725,-0.169708220780086
235,275,297,13.48,-1.56518997652714
235,275,297,13.4875,-2.88986400666902
235,275,297,13.495,3.05574174461592
235,275,297,13.5025,0.598442896229805
235,275,297,13.51,2.75114561567105
235,275,297,13.5175,2.69860198519333
235,275,297,13.525,0.800703927730121
235,275,297,13.5325,0.104131021588502
235,275,297,13.54,-0.783038963125646
235,275,297,13.5475,-1.78293258515323
235,275,297,13.555,3.01955771084737
235,275,297,13.5625,2.46275302621047
235,275,297,13.57,0.907731905443712
235,275,297,13.5775,1.03507770174736
235,275,297,13.585,-0.381436838227574
235,275,297,13.5925,-1.11340726403208
235,275,297,13.6,-1.22782020267799
235,275,297,13.6075,-2.43153448243837
235,275,297,13.615,2.39900096848806
235,275,297,13.6225,1.85068803135424
235,275,297,13.63,0.896127592391892
235,275,297,13.6375,-0.0108642896532335
235,275,297,13.645,-0.974865160116969
235,275,297,13.6525,-2.04000232446782
235,275,297,13.66,-3.01219206712306
235,275,297,13.6675,2.19950632609412
235,275,297,13.675,1.20666771305981
235,275,297,13.6825,0.369214536244225
235,275,297,13.69,-0.754745003069222
235,275,297,13.6975,-1.71998588642339
235,275,297,13.705,-2.59957469345276
235,275,297,13.7125,2.05113009652908
235,275,297,13.72,1.23075927659251
235,275,297,13.7275,0.157982355276346
235,275,297,13.735,-0.499732327141515
235,275,297,13.7425,-1.61768249255398
235,275,297,13.75,-2.07064594340411
235,275,297,13.7575,2.70715426192667
235,275,297,13.765,0.990984611242006
235,275,297,13.7725,0.107874689123511
235,275,297,13.78,1.62059197673521
235,275,297,13.7875,0.827203986991046
235,275,297,13.795,-0.28519706728262
235,275,297,13.8025,-0.457339729666205
235,275,297,13.81,-2.00013715532192
235,275,297,13.8175,-2.7033398938219
235,275,297,13.825,1.83155719860743
235,275,297,13.8325,1.42589096268724
235,275,297,13.84,0.246941004510126
235,275,297,13.8475,-0.510828937883386
235,275,297,13.855,-0.705562169693418
235,275,297,13.8625,-2.14844501670117
235,275,297,13.87,3.09263049662694
235,275,297,13.8775,2.59903549353763
235,275,297,13.885,1.64065607083155
235,275,297,13.8925,0.324661984121594
235,275,297,13.9,-0.427040815845111
235,275,297,13.9075,-1.1809296902385
235,275,297,13.915,-2.59386920093846
235,275,297,13.9225,-3.11831805419813
235,275,297,13.93,1.70374956554799
235,275,297,13.9375,0.58890502908111
235,275,297,13.945,-0.447470660828004
235,275,297,13.9525,-1.54488247163745
235,275,297,13.96,-2.20349550457204
235,275,297,13.9675,2.98664063395395
235,275,297,13.975,2.43096259837503
235,275,297,13.9825,1.36822934952342
235,275,297,13.99,0.0797600987266552
235,275,297,13.9975,-1.3424373412964
235,275,297,14.005,-0.465917351713226
235,275,297,14.0125,-2.66280158044946
235,275,297,14.02,-2.72092830425789
235,275,297,14.0275,-1.39193492335454
235,275,297,14.035,2.31323638260355
235,275,297,14.0425,1.5647694665622
235,275,297,14.05,0.796982206451608
235,275,297,14.0575,-0.331597994327055
235,275,297,14.065,-1.49754548146778
235,275,297,14.0725,-2.42232404950329
235,275,297,14.08,2.61538521825367
235,275,297,14.0875,2.09728616432719
235,275,297,14.095,0.730277959027944
235,275,297,14.1025,-0.38897108647707
235,275,297,14.11,-1.02300212773619
235,275,297,14.1175,-1.95847825874907
235,275,297,14.125,-3.11593147939933
235,275,297,14.1325,2.64483637349253
235,275,297,14.14,1.56638354320326
235,275,297,14.1475,0.471423312724307
235,275,297,14.155,-0.367686517914643
235,275,297,14.1625,-1.4512449227302
235,275,297,14.17,-2.60605234091603
235,275,297,14.1775,2.60927743877052
235,275,297,14.185,2.08953110394249
235,275,297,14.1925,1.20466519028282
235,275,297,14.2,0.0398288575198619
235,275,297,14.2075,-1.29121769276861
235,275,297,14.215,-1.90158996457217
235,275,297,14.2225,2.5285418666937
235,275,297,14.23,1.44814453672762
235,275,297,14.2375,0.312960816189731
235,275,297,14.245,-0.244997244289961
235,275,297,14.2525,-2.02651375293336
235,275,297,14.26,-2.97278461370117
235,275,297,14.2675,0.917805892610314
235,275,297,14.275,-0.908120771465328
235,275,297,14.2825,-1.17052591787743
235,275,297,14.29,-2.61420139585445
235,275,297,14.2975,2.09610474450728
235,275,297,14.305,1.39321765659619
235,275,297,14.3125,0.0909808191665494
235,275,297,14.32,-1.04902564318845
235,275,297,14.3275,-2.22168639955442
235,275,297,14.335,3.01349376643687
235,275,297,14.3425,2.24100240445031
235,275,297,14.35,1.23191917754127
235,275,297,14.3575,-0.124967920109659
235,275,297,14.365,-0.662407344156437
235,275,297,14.3725,-1.18549774919563
235,275,297,14.38,-2.74921840986322
235,275,297,14.3875,-2.96519570261557
235,275,297,14.395,1.95325925620803
235,275,297,14.4025,1.10701831658311
235,275,297,14.41,0.384416933631884
235,275,297,14.4175,-0.744273781211706
235,275,297,14.425,-1.73278662612774
235,275,297,14.4325,-2.88637584302794
235,275,297,14.44,2.18532260068887
235,275,297,14.4475,1.22644881206576
235,275,297,14.455,0.295984744940743
235,275,297,14.4625,-0.856413444488094
235,275,297,14.47,-1.449975772152
235,275,297,14.4775,-2.47431717860772
235,275,297,14.485,2.66349008742347
235,275,297,14.4925,-0.486907789079906
235,275,297,14.5,1.29104132932891
235,275,297,14.5075,-2.45805851395595
235,275,297,14.515,-1.13459852230712
235,275,297,14.5225,0.849999765465795
235,275,297,14.53,-0.459773347309061
235,275,297,14.5375,-1.87413700813786
235,275,297,14.545,2.65116239276999
235,275,297,14.5525,2.55418867435691
235,275,297,14.56,1.26184350297031
235,275,297,14.5675,-0.113006162332002
235,275,297,14.575,-0.945070026635425
235,275,297,14.5825,-2.0858225135308
235,275,297,14.59,-2.964338414338
235,275,297,14.5975,2.23702129092021
235,275,297,14.605,1.87509499167673
235,275,297,14.6125,-0.0453900587286254
235,275,297,14.62,-0.678374438215676
235,275,297,14.6275,-1.74684043158429
235,275,297,14.635,1.74454996338681
235,275,297,14.6425,-2.36920419450338
235,275,297,14.65,2.7202801650202
235,275,297,14.6575,1.47629301878455
235,275,297,14.665,0.683034181136391
235,275,297,14.6725,-0.209134854488684
235,275,297,14.68,-1.50933780971841
235,275,297,14.6875,-2.23517083496192
235,275,297,14.695,2.90461167495743
235,275,297,14.7025,1.64871885251187
235,275,297,14.71,0.688403847137734
235,275,297,14.7175,-1.04515755974514
235,275,297,14.725,0.795292884022745
235,275,297,14.7325,-3.02238608962519
235,275,297,14.74,-2.29584981261323
235,275,297,14.7475,-0.0750056036820459
235,275,297,14.755,-3.14035697962228
235,275,297,14.7625,-3.10222788964113
235,275,297,14.77,1.34397123673901
235,275,297,14.7775,1.45429601032197
235,275,297,14.785,0.323252612612405
235,275,297,14.7925,-1.39282601999591
235,275,297,14.8,-1.68198124081809
235,275,297,14.8075,-3.00030215153824
235,275,297,14.815,2.12083312011708
235,275,297,14.8225,0.780945974003325
235,275,297,14.83,-0.562473018647783
235,275,297,14.8375,-1.42851929695775
235,275,297,14.845,-2.31513878386262
235,275,297,14.8525,2.04365708490021
235,275,297,14.86,-3.01985349568585
235,275,297,14.8675,1.48488205539231
235,275,297,14.875,0.269950245583239
235,275,297,14.8825,-0.340022494206603
235,275,297,14.89,-1.50860687168799
235,275,297,14.8975,-2.8119758462506
235,275,297,14.905,2.51710806185763
235,275,297,14.9125,1.91445983499524
235,275,297,14.92,1.113039577509
235,275,297,14.9275,-0.370217252589058
235,275,297,14.935,-0.551972884551755
235,275,297,14.9425,-1.99312736293764
235,275,297,14.95,3.11872887063566
235,275,297,14.9575,-3.06316872849898
235,275,297,14.965,1.35738670114655
235,275,297,14.9725,0.430361956092466
235,275,297,14.98,-0.696038125572152
235,275,297,14.9875,-2.31613118884455
235,275,297,14.995,-0.0821447059951648
235,275,297,15.0025,-0.392968344315629
235,275,297,15.01,-2.59512532198348
235,275,297,15.0175,2.96077066728233
235,275,297,15.025,2.67912431572161
235,275,297,15.0325,1.33911961338129
235,275,297,15.04,0.951700519806631
235,275,297,15.0475,-0.353261647935073
235,275,297,15.055,-1.30982506524246
235,275,297,15.0625,-2.90397818490741
235,275,297,15.07,2.91339395011938
235,275,297,15.0775,0.675297058410966
235,275,297,15.085,-0.101354525104451
235,275,297,15.0925,-1.16258991428648
235,275,297,15.1,-1.91548981863333
235,275,297,15.1075,-2.579536138859
235,275,297,15.115,1.93375336482009
235,275,297,15.1225,1.53928216624452
235,275,297,15.13,1.26410504593167
235,275,297,15.1375,-1.12848528528194
235,275,297,15.145,-1.91943610483248
235,275,297,15.1525,-2.99285235393946
235,275,297,15.16,-2.65911147108972
235,275,297,15.1675,2.05100707658114
235,275,297,15.175,-2.22685777252685
235,275,297,15.1825,0.91172291926946
235,275,297,15.19,0.862839188082903
235,275,297,15.1975,-0.397664304002627
235,275,297,15.205,-1.36362964376559
235,275,297,15.2125,-2.75453878732354
235,275,297,15.22,2.37034776631202
235,275,297,15.2275,3.08044847834971
235,275,297,15.235,-2.53189055602633
235,275,297,15.2425,2.66698064055364
235,275,297,15.25,1.04430883515838
235,275,297,15.2575,-0.730960971258093
235,275,297,15.265,-1.52432467870036
235,275,297,15.2725,-2.61506369396778
235,275,297,15.28,2.91043463746844
235,275,297,15.2875,1.93812639049161
235,275,297,15.295,0.704545025238867
235,275,297,15.3025,-0.0454388107603185
235,275,297,15.31,-0.897188489395826
235,275,297,15.3175,-2.22678084277925
235,275,297,15.325,-2.8011055397647
235,275,297,15.3325,1.67715519879961
235,275,297,15.34,1.11446165498408
235,275,297,15.3475,-0.0188060217035917
235,275,297,15.355,-1.40409481267933
235,275,297,15.3625,-2.51849332478561
235,275,297,15.37,2.40970958332045
235,275,297,15.3775,1.29732413158118
235,275,297,15.385,0.202927643894736
235,275,297,15.3925,-1.10977530715992
235,275,297,15.4,-0.871993764002453
235,275,297,15.4075,-0.850392162764378
235,275,297,15.415,2.26339559798318
235,275,297,15.4225,-2.93751207393742
235,275,297,15.43,-1.7683626508678
235,275,297,15.4375,0.625186137824616
235,275,297,15.445,0.520230838828146
235,275,297,15.4525,0.79104881738733
235,275,297,15.46,-0.883234797289712
235,275,297,15.4675,0.282422004804731
235,275,297,15.475,-0.817240398188888
235,275,297,15.4825,1.76239810371683
235,275,297,15.49,-2.62149958351555
235,275,297,15.4975,-2.98365062010346
235,275,297,15.505,-0.0807464057039772
235,275,297,15.5125,0.0134959568167728
235,275,297,15.52,-1.17971363857745
235,275,297,15.5275,-1.51811215383929
235,275,297,15.535,-2.44524779021962
235,275,297,15.5425,2.37838075574853
235,275,297,15.55,1.73029239531677
235,275,297,15.5575,0.671846579819034
235,275,297,15.565,-0.491259771383028
235,275,297,15.5725,-1.5490718427257
235,275,297,15.58,-2.93042930033824
235,275,297,15.5875,2.44035204118368
235,275,297,15.595,1.4333751521491
235,275,297,15.6025,0.236732466298377
235,275,297,15.61,-0.650289893340937
235,275,297,15.6175,0.845530934543077
235,275,297,15.625,-3.05993307884501
235,275,297,15.6325,-2.8391478938699
235,275,297,15.64,-0.63517964587404
235,275,297,15.6475,2.81219138502037
235,275,297,15.655,1.6970962689193
235,275,297,15.6625,0.451542249764896
235,275,297,15.67,-0.847416857415867
235,275,297,15.6775,-1.15740022634916
235,275,297,15.685,-2.89671767015492
235,275,297,15.6925,-2.99238606907646
235,275,297,15.7,2.43011636018163
235,275,297,15.7075,1.0728058406108
235,275,297,15.715,-0.271191634637245
235,275,297,15.7225,-1.43431032804451
235,275,297,15.73,-0.523802543531565
235,275,297,15.7375,-3.01125103156141
235,275,297,15.745,1.95862061735663
235,275,297,15.7525,1.32702400186183
235,275,297,15.76,0.323132249974969
235,275,297,15.7675,-0.744042539601632
235,275,297,15.775,-1.51399703291902
235,275,297,15.7825,0.52157509989397
235,275,297,15.79,2.60980439551201
235,275,297,15.7975,2.41962402409836
235,275,297,15.805,1.71547131254473
235,275,297,15.8125,0.470979312324427
235,275,297,15.82,-0.486661245658531
235,275,297,15.8275,-1.59025890840829
235,275,297,15.835,-2.83578320150948
235,275,297,15.8425,-2.63366063772896
235,275,297,15.85,1.35921197948993
235,275,297,15.8575,-1.0669243459052
235,275,297,15.865,-1.18295951724326
235,275,297,15.8725,-1.57905415114063
235,275,297,15.88,2.32866122127552
235,275,297,15.8875,2.31928835112586
235,275,297,15.895,1.19094221846711
235,275,297,15.9025,-0.56221566115012
235,275,297,15.91,-2.9563640592333
235,275,297,15.9175,1.53785764933883
235,275,297,15.925,-0.334230705844719
235,275,297,15.9325,-0.571496620743795
235,275,297,15.94,-2.35989570752172
235,275,297,15.9475,-2.80622032295201
235,275,297,15.955,2.98261967715854
235,275,297,15.9625,2.22428685903398
235,275,297,15.97,0.763939325011145
235,275,297,15.9775,0.750404670889321
235,275,297,15.985,-0.95570983051377
235,275,297,15.9925,-2.24095674601276
235,275,297,16,0.053285767367809
235,275,296,4,-1.2110755390017
235,275,296,4.0075,-1.74395948514988
235,275,296,4.015,-2.77440806832547
235,275,296,4.0225,2.73301895663215
235,275,296,4.03,1.89244292428977
235,275,296,4.0375,1.09307825687209
235,275,296,4.045,0.322783274374545
235,275,296,4.0525,-0.713203558704483
235,275,296,4.06,-1.58103070355309
235,275,296,4.0675,-2.32706513378442
235,275,296,4.075,3.04715391954066
235,275,296,4.0825,1.90183934385262
235,275,296,4.09,0.996263699431047
235,275,296,4.0975,-0.049182926222717
235,275,296,4.105,-1.07581333542003
235,275,296,4.1125,-2.05430029522764
235,275,296,4.12,-2.99563377270371
235,275,296,4.1275,2.35920276783141
235,275,296,4.135,1.3706682862981
235,275,296,4.1425,0.414921036030258
235,275,296,4.15,-0.34266790360797
235,275,296,4.1575,-1.39769957607375
235,275,296,4.165,-2.32935403948112
235,275,296,4.1725,2.99717884992113
235,275,296,4.18,2.02611613576575
235,275,296,4.1875,1.19568775541382
235,275,296,4.195,0.190985260734597
235,275,296,4.2025,-0.505199171881937
235,275,296,4.21,-1.44077808391285
235,275,296,4.2175,-2.45630689206385
235,275,296,4.225,3.12793163292349
235,275,296,4.2325,2.07143916759716
235,275,296,4.24,1.15105335772609
235,275,296,4.2475,-0.0401113437689047
235,275,296,4.255,-1.12737242647126
235,275,296,4.2625,-2.2067131787152
235,275,296,4.27,-3.06220775267424
235,275,296,4.2775,2.07283485984967
235,275,296,4.285,1.24262093871404
235,275,296,4.2925,0.337060932536217
235,275,296,4.3,-1.34647775664613
235,275,296,4.3075,-0.302703708834395
235,275,296,4.315,-0.574331949932056
235,275,296,4.3225,-1.07979735903026
235,275,296,4.33,-2.38033792782513
235,275,296,4.3375,-2.56017377382578
235,275,296,4.345,2.40361800422725
235,275,296,4.3525,1.3697494355081
235,275,296,4.36,0.44643182384475
235,275,296,4.3675,-0.625611698806597
235,275,296,4.375,-1.62111661716111
235,275,296,4.3825,-2.68496373291569
235,275,296,4.39,2.71368866193393
235,275,296,4.3975,1.69665588350798
235,275,296,4.405,0.596665201839826
235,275,296,4.4125,-0.47867686889553
235,275,296,4.42,-1.44975660676516
235,275,296,4.4275,-2.54858519659286
235,275,296,4.435,2.63932890294017
235,275,296,4.4425,1.64545421010926
235,275,296,4.45,0.784414705263505
235,275,296,4.4575,-0.17091512923698
235,275,296,4.465,-1.07026584128164
235,275,296,4.4725,-1.85469172037019
235,275,296,4.48,-2.63773091050039
235,275,296,4.4875,2.52449880647305
235,275,296,4.495,1.80364843489078
235,275,296,4.5025,0.905529842134198
235,275,296,4.51,-0.120735262157332
235,275,296,4.5175,-1.37141816571764
235,275,296,4.525,-1.93160245760851
235,275,296,4.5325,-2.60962342355325
235,275,296,4.54,2.86838267516916
235,275,296,4.5475,2.42442677707938
235,275,296,4.555,1.71049798530714
235,275,296,4.5625,0.817147211921266
235,275,296,4.57,-0.140363229534176
235,275,296,4.5775,-1.09584590580026
235,275,296,4.585,-2.0449793951698
235,275,296,4.5925,-3.03956334756492
235,275,296,4.6,2.36133704920838
235,275,296,4.6075,1.47890515783857
235,275,296,4.615,0.335720167237117
235,275,296,4.6225,-0.755852662766093
235,275,296,4.63,-1.6431101861605
235,275,296,4.6375,-2.70793492399418
235,275,296,4.645,2.49554098266763
235,275,296,4.6525,1.339264612031
235,275,296,4.66,0.347352578107139
235,275,296,4.6675,-0.650453082556865
235,275,296,4.675,-1.54156301596495
235,275,296,4.6825,-3.05126379875978
235,275,296,4.69,-3.11622911536181
235,275,296,4.6975,1.74980466975499
235,275,296,4.705,0.889579285884268
235,275,296,4.7125,-0.360678016934339
235,275,296,4.72,-2.17797387772043
235,275,296,4.7275,3.12525258604812
235,275,296,4.735,0.432350688431185
235,275,296,4.7425,-1.11482412976506
235,275,296,4.75,-1.41442641635158
235,275,296,4.7575,-2.84353318112678
235,275,296,4.765,2.29496294104632
235,275,296,4.7725,1.22535913512032
235,275,296,4.78,0.324092367312806
235,275,296,4.7875,-0.609961474926703
235,275,296,4.795,-1.63554978192744
235,275,296,4.8025,-2.44350378540064
235,275,296,4.81,2.85692615644625
235,275,296,4.8175,1.79471638657689
235,275,296,4.825,0.760802177640412
235,275,296,4.8325,-0.301584885325321
235,275,296,4.84,-1.36549079762501
235,275,296,4.8475,-2.39365634047051
235,275,296,4.855,2.88691097781099
235,275,296,4.8625,1.69630181301748
235,275,296,4.87,0.720448500094496
235,275,296,4.8775,-0.151862172032663
235,275,296,4.885,-1.1858835907008
235,275,296,4.8925,-2.24140224231143
235,275,296,4.9,3.01364625019632
235,275,296,4.9075,1.93785959044962
235,275,296,4.915,0.847560527349128
235,275,296,4.9225,-0.320423564817934
235,275,296,4.93,-0.964303874411162
235,275,296,4.9375,-1.96711635972669
235,275,296,4.945,3.03235286232362
235,275,296,4.9525,2.06290278407906
235,275,296,4.96,1.18767405450661
235,275,296,4.9675,-0.0108572583412505
235,275,296,4.975,0.226838189925327
235,275,296,4.9825,-1.66455506665012
235,275,296,4.99,1.93071872567845
235,275,296,4.9975,2.82836217330746
235,275,296,5.005,-0.611570362407841
235,275,296,5.0125,-1.5290503618552
235,275,296,5.02,-2.71935266893808
235,275,296,5.0275,2.48546160881846
235,275,296,5.035,1.04847735069873
235,275,296,5.0425,-0.294300810093496
235,275,296,5.05,-0.553511786236151
235,275,296,5.0575,-1.629120907172
235,275,296,5.065,-2.82063244570511
235,275,296,5.0725,2.67339759932572
235,275,296,5.08,1.55499271844689
235,275,296,5.0875,0.4984129261782
235,275,296,5.095,-0.762580235653962
235,275,296,5.1025,-1.88970773906901
235,275,296,5.11,-2.99233380743177
235,275,296,5.1175,2.4502945031615
235,275,296,5.125,1.20659791295492
235,275,296,5.1325,0.244410404505351
235,275,296,5.14,-0.215110382454942
235,275,296,5.1475,-1.5957565136097
235,275,296,5.155,-2.38318376340544
235,275,296,5.1625,-2.53841836670221
235,275,296,5.17,2.39625363651015
235,275,296,5.1775,0.875108603829636
235,275,296,5.185,1.0617920910938
235,275,296,5.1925,-0.342857369649807
235,275,296,5.2,1.89905961584527
235,275,296,5.2075,-0.636791533202757
235,275,296,5.215,-1.57354799554248
235,275,296,5.2225,-1.9621202117379
235,275,296,5.23,-2.90692520121
235,275,296,5.2375,1.9376967827393
235,275,296,5.245,0.954476243735225
235,275,296,5.2525,0.0212468420979184
235,275,296,5.26,-0.989988729402358
235,275,296,5.2675,-1.90671907814895
235,275,296,5.275,-3.08159869236853
235,275,296,5.2825,2.1186674758306
235,275,296,5.29,1.15169364627904
235,275,296,5.2975,-0.0252637061558237
235,275,296,5.305,-0.844710540179122
235,275,296,5.3125,-2.12201439861839
235,275,296,5.32,-2.86182429051011
235,275,296,5.3275,2.31502327147583
235,275,296,5.335,1.30002797083537
235,275,296,5.3425,0.298741800941689
235,275,296,5.35,-0.901519830472691
235,275,296,5.3575,-2.02386873229334
235,275,296,5.365,-2.89950753484034
235,275,296,5.3725,2.33133865441833
235,275,296,5.38,1.49413302154252
235,275,296,5.3875,0.733024351448821
235,275,296,5.395,0.162532396193242
235,275,296,5.4025,-1.68643334772195
235,275,296,5.41,-2.16497093133279
235,275,296,5.4175,2.4579074685693
235,275,296,5.425,2.26111519454022
235,275,296,5.4325,-0.058569757379693
235,275,296,5.44,-1.6251765471381
235,275,296,5.4475,-2.76038229772538
235,275,296,5.455,2.3194987228879
235,275,296,5.4625,1.40643835905105
235,275,296,5.47,0.00358602579347081
235,275,296,5.4775,-1.01225914284872
235,275,296,5.485,-2.36286698266717
235,275,296,5.4925,2.97818800071535
235,275,296,5.5,1.84335157455793
235,275,296,5.5075,0.676427079385867
235,275,296,5.515,-0.321102606017738
235,275,296,5.5225,-1.44603558476875
235,275,296,5.53,-2.32026616267028
235,275,296,5.5375,2.92464558509101
235,275,296,5.545,1.80590840526419
235,275,296,5.5525,0.827323277725718
235,275,296,5.56,-0.145590097395172
235,275,296,5.5675,-1.11864758599095
235,275,296,5.575,-2.13757359782495
235,275,296,5.5825,-2.4407659590752
235,275,296,5.59,2.60521993686678
235,275,296,5.5975,1.54214270806128
235,275,296,5.605,0.898932373604583
235,275,296,5.6125,-0.488894140464724
235,275,296,5.62,-1.36692988556191
235,275,296,5.6275,-2.42976562661582
235,275,296,5.635,2.66951129276788
235,275,296,5.6425,1.73346887482535
235,275,296,5.65,0.312744207360298
235,275,296,5.6575,-0.657004357484513
235,275,296,5.665,-1.43062485521637
235,275,296,5.6725,-2.95795171142866
235,275,296,5.68,1.84834496221349
235,275,296,5.6875,-0.173919841277301
235,275,296,5.695,-1.33136541765889
235,275,296,5.7025,-2.34072659341598
235,275,296,5.71,2.80271864527556
235,275,296,5.7175,1.58039748972527
235,275,296,5.725,0.421394343279736
235,275,296,5.7325,-0.913675275018963
235,275,296,5.74,-2.08005176151924
235,275,296,5.7475,-3.07604953525037
235,275,296,5.755,1.98654581996142
235,275,296,5.7625,0.834548877145257
235,275,296,5.77,-0.246596985056612
235,275,296,5.7775,-1.20367142495486
235,275,296,5.785,-2.31904101347435
235,275,296,5.7925,2.83647216942581
235,275,296,5.8,1.85091213419806
235,275,296,5.8075,0.727440542568817
235,275,296,5.815,0.0692877860883276
235,275,296,5.8225,-1.10889559617089
235,275,296,5.83,-2.04638782219349
235,275,296,5.8375,3.01810408222204
235,275,296,5.845,1.55497641300258
235,275,296,5.8525,-2.61144095095926
235,275,296,5.86,-3.11117672712798
235,275,296,5.8675,1.64782551911912
235,275,296,5.875,0.381653609353038
235,275,296,5.8825,-0.445547956557873
235,275,296,5.89,-2.02157492346289
235,275,296,5.8975,-2.02781404112193
235,275,296,5.905,3.07606305873767
235,275,296,5.9125,2.67702927663122
235,275,296,5.92,1.72197665747571
235,275,296,5.9275,1.1783247587615
235,275,296,5.935,-0.0137686666973787
235,275,296,5.9425,-0.927598599875555
235,275,296,5.95,-2.01916747393838
235,275,296,5.9575,-2.70590881068565
235,275,296,5.965,2.53770711415546
235,275,296,5.9725,1.31034788409441
235,275,296,5.98,0.296060433919445
235,275,296,5.9875,-0.583567099442293
235,275,296,5.995,-1.85916533780047
235,275,296,6.0025,-2.72159959776222
235,275,296,6.01,2.46373108206564
235,275,296,6.0175,1.19580534468819
235,275,296,6.025,0.351269708424464
235,275,296,6.0325,-0.767022283170361
235,275,296,6.04,-1.89833621655998
235,275,296,6.0475,-3.04258344528576
235,275,296,6.055,1.91941694528967
235,275,296,6.0625,0.785618632299502
235,275,296,6.07,-0.767058866104357
235,275,296,6.0775,1.41416635666253
235,275,296,6.085,0.400474061620313
235,275,296,6.0925,-0.302125798663579
235,275,296,6.1,-1.37035403672265
235,275,296,6.1075,-2.52922917975511
235,275,296,6.115,2.97580180008384
235,275,296,6.1225,2.08527954763695
235,275,296,6.13,1.33515379783147
235,275,296,6.1375,-0.538062148727941
235,275,296,6.145,0.743807841406901
235,275,296,6.1525,-1.41940490930985
235,275,296,6.16,-2.84648245216057
235,275,296,6.1675,-2.9818049715566
235,275,296,6.175,2.75330727446285
235,275,296,6.1825,2.39588723789343
235,275,296,6.19,1.59790401924585
235,275,296,6.1975,0.166036859799133
235,275,296,6.205,-0.674429251165821
235,275,296,6.2125,-1.92016214962179
235,275,296,6.22,3.06703126847141
235,275,296,6.2275,2.15176290937441
235,275,296,6.235,1.25502760452564
235,275,296,6.2425,0.108761148192395
235,275,296,6.25,-0.758249416881074
235,275,296,6.2575,-1.80390555662013
235,275,296,6.265,-2.95544116757171
235,275,296,6.2725,2.2505442699491
235,275,296,6.28,1.37095124650848
235,275,296,6.2875,0.289248179975855
235,275,296,6.295,-0.891492338221536
235,275,296,6.3025,-2.07333537617197
235,275,296,6.31,-2.58667537350245
235,275,296,6.3175,-2.95466010690176
235,275,296,6.325,2.81878310055598
235,275,296,6.3325,2.02402965460707
235,275,296,6.34,1.30612865968562
235,275,296,6.3475,0.427940756050426
235,275,296,6.355,-0.447383949631057
235,275,296,6.3625,-1.30761141138932
235,275,296,6.37,-2.77962154149752
235,275,296,6.3775,2.70497440693292
235,275,296,6.385,1.92095624889609
235,275,296,6.3925,0.725415979893361
235,275,296,6.4,-0.119775123357081
235,275,296,6.4075,-1.17729293788394
235,275,296,6.415,-2.15876728388248
235,275,296,6.4225,2.84438250718443
235,275,296,6.43,2.18817936574227
235,275,296,6.4375,1.5761132523818
235,275,296,6.445,0.469454940288491
235,275,296,6.4525,-0.156155673995332
235,275,296,6.46,-0.787863609329152
235,275,296,6.4675,-1.4676399008205
235,275,296,6.475,-2.39527059768798
235,275,296,6.4825,2.72441098115817
235,275,296,6.49,1.63371889120817
235,275,296,6.4975,0.611893111058339
235,275,296,6.505,-0.625297658241254
235,275,296,6.5125,-1.40270768741819
235,275,296,6.52,-2.37318255321422
235,275,296,6.5275,2.81908886676651
235,275,296,6.535,1.83410728210803
235,275,296,6.5425,0.574678790024877
235,275,296,6.55,-0.182330966259522
235,275,296,6.5575,-1.6966372828744
235,275,296,6.565,-3.14158606579029
235,275,296,6.5725,-0.603954736699588
235,275,296,6.58,-1.28609490111452
235,275,296,6.5875,-2.50557606526212
235,275,296,6.595,2.73511462403737
235,275,296,6.6025,1.55782479240291
235,275,296,6.61,0.779996584530034
235,275,296,6.6175,-0.536843174888834
235,275,296,6.625,-1.63574635530335
235,275,296,6.6325,-2.54488331289899
235,275,296,6.64,2.67250598997056
235,275,296,6.6475,1.60043650977117
235,275,296,6.655,0.626484175988914
235,275,296,6.6625,-0.467562680527841
235,275,296,6.67,-1.30416089893132
235,275,296,6.6775,-2.04909527911181
235,275,296,6.685,-2.89503816699507
235,275,296,6.6925,2.30708720647112
235,275,296,6.7,1.79698922012654
235,275,296,6.7075,1.22843210471564
235,275,296,6.715,0.0956789245869171
235,275,296,6.7225,-0.894409108881212
235,275,296,6.73,-1.85721470696838
235,275,296,6.7375,-3.13549698842636
235,275,296,6.745,2.37101394902547
235,275,296,6.7525,1.18415174972046
235,275,296,6.76,0.105433300905036
235,275,296,6.7675,-0.840470077084642
235,275,296,6.775,-1.81004567951943
235,275,296,6.7825,-2.82016844543237
235,275,296,6.79,2.72753505412236
235,275,296,6.7975,1.82290603069674
235,275,296,6.805,1.0405620659988
235,275,296,6.8125,-0.194950882020171
235,275,296,6.82,-0.456159907279637
235,275,296,6.8275,-1.18711693131245
235,275,296,6.835,-2.27923105166822
235,275,296,6.8425,-2.7024344781356
235,275,296,6.85,2.63415925601418
235,275,296,6.8575,1.38625084505743
235,275,296,6.865,0.477701232378777
235,275,296,6.8725,-0.322021408524329
235,275,296,6.88,-1.42663356602068
235,275,296,6.8875,-2.3012726727549
235,275,296,6.895,2.90799646273623
235,275,296,6.9025,1.79572532412313
235,275,296,6.91,1.20159828874227
235,275,296,6.9175,0.314962549557016
235,275,296,6.925,-0.753903812644561
235,275,296,6.9325,-1.62037974124319
235,275,296,6.94,-2.3492609355018
235,275,296,6.9475,2.91497942805144
235,275,296,6.955,2.34679751283399
235,275,296,6.9625,1.51609342568216
235,275,296,6.97,0.473954431471039
235,275,296,6.9775,-0.35136137374444
235,275,296,6.985,-1.35464824048236
235,275,296,6.9925,-2.55066291870069
235,275,296,7,3.06542582395359
235,275,296,7.0075,1.83210738434648
235,275,296,7.015,1.03901827942311
235,275,296,7.0225,0.113615171130904
235,275,296,7.03,-0.834522254505923
235,275,296,7.0375,-1.98480006775096
235,275,296,7.045,-2.76290962907957
235,275,296,7.0525,2.30763456867774
235,275,296,7.06,1.92266843917202
235,275,296,7.0675,1.09341320884998
235,275,296,7.075,0.329888095340267
235,275,296,7.0825,-0.00725240545139074
235,275,296,7.09,-1.16439371927938
235,275,296,7.0975,-2.10934897443371
235,275,296,7.105,-3.09970585191516
235,275,296,7.1125,2.29227298366072
235,275,296,7.12,1.27272835510528
235,275,296,7.1275,0.28864880232933
235,275,296,7.135,-0.589760297906545
235,275,296,7.1425,-1.89765747840989
235,275,296,7.15,-2.81061260093957
235,275,296,7.1575,2.48820829450586
235,275,296,7.165,1.51577243610525
235,275,296,7.1725,0.590228535625087
235,275,296,7.18,-0.381097143784621
235,275,296,7.1875,-1.25074936192758
235,275,296,7.195,-2.11939235467055
235,275,296,7.2025,-2.9483988987819
235,275,296,7.21,2.45358846949951
235,275,296,7.2175,1.82664574820694
235,275,296,7.225,0.763474698696387
235,275,296,7.2325,0.115694607648267
235,275,296,7.24,-0.893174144760693
235,275,296,7.2475,-1.95115462665414
235,275,296,7.255,-2.88401570816954
235,275,296,7.2625,2.41806213817063
235,275,296,7.27,1.27782773790072
235,275,296,7.2775,0.490322469799913
235,275,296,7.285,-0.489311174787641
235,275,296,7.2925,-1.55062548485924
235,275,296,7.3,-2.24720879423403
235,275,296,7.3075,-3.06717844555964
235,275,296,7.315,2.54615917554163
235,275,296,7.3225,2.05691432152704
235,275,296,7.33,1.05818795015652
235,275,296,7.3375,0.328615223675485
235,275,296,7.345,-0.691662553972085
235,275,296,7.3525,-1.52456477574487
235,275,296,7.36,-2.64454752696823
235,275,296,7.3675,2.51602909262864
235,275,296,7.375,1.74905163555397
235,275,296,7.3825,0.50896520191541
235,275,296,7.39,-0.470551239445261
235,275,296,7.3975,-1.42319569157512
235,275,296,7.405,-2.47773027492119
235,275,296,7.4125,2.82311864222299
235,275,296,7.42,1.80923832831518
235,275,296,7.4275,0.803100302899019
235,275,296,7.435,0.113482942710689
235,275,296,7.4425,-0.702408927287085
235,275,296,7.45,-1.32436717449771
235,275,296,7.4575,-2.19813647824832
235,275,296,7.465,2.98167936293283
235,275,296,7.4725,2.09705218741069
235,275,296,7.48,1.51663342633998
235,275,296,7.4875,0.546957973784051
235,275,296,7.495,-0.338296985413836
235,275,296,7.5025,-1.1457190319252
235,275,296,7.51,-2.15922608849246
235,275,296,7.5175,3.08431357635566
235,275,296,7.525,1.81637763066004
235,275,296,7.5325,1.11201515781542
235,275,296,7.54,0.0457608175682404
235,275,296,7.5475,-0.805003940891325
235,275,296,7.555,-1.55445494072375
235,275,296,7.5625,-2.69136076086133
235,275,296,7.57,2.97809153539513
235,275,296,7.5775,2.17414773266547
235,275,296,7.585,1.60206314433217
235,275,296,7.5925,0.622651267877831
235,275,296,7.6,-0.0994666224735609
235,275,296,7.6075,-1.09186140581029
235,275,296,7.615,-2.027610317472
235,275,296,7.6225,3.13702794814303
235,275,296,7.63,2.16263028949812
235,275,296,7.6375,1.30257980042139
235,275,296,7.645,0.0300055383062396
235,275,296,7.6525,-1.03418698728754
235,275,296,7.66,-2.12748524141474
235,275,296,7.6675,-3.02155909613708
235,275,296,7.675,2.2119494894802
235,275,296,7.6825,1.43537107226056
235,275,296,7.69,0.662994999240224
235,275,296,7.6975,0.0193714337041529
235,275,296,7.705,-0.675842168956246
235,275,296,7.7125,-1.56876477080871
235,275,296,7.72,-2.35243078583846
235,275,296,7.7275,2.99082004914639
235,275,296,7.735,2.20780333397672
235,275,296,7.7425,1.0574856991439
235,275,296,7.75,0.0545880529981874
235,275,296,7.7575,-0.899860915562722
235,275,296,7.765,-1.78859008448118
235,275,296,7.7725,-2.79794848171155
235,275,296,7.78,2.5113841439195
235,275,296,7.7875,1.45144346749819
235,275,296,7.795,0.38956052606736
235,275,296,7.8025,-0.410129896825824
235,275,296,7.81,-1.49130991667351
235,275,296,7.8175,-1.49805628137067
235,275,296,7.825,-1.58104501376672
235,275,296,7.8325,-2.45426282815984
235,275,296,7.84,2.56796456525647
235,275,296,7.8475,1.6656305993719
235,275,296,7.855,0.612424861831794
235,275,296,7.8625,-0.38612549745327
235,275,296,7.87,-1.33419908248606
235,275,296,7.8775,-2.52192636301278
235,275,296,7.885,2.78896587444123
235,275,296,7.8925,1.76098321916802
235,275,296,7.9,0.690466602559116
235,275,296,7.9075,-0.220174708429281
235,275,296,7.915,-1.14448926501657
235,275,296,7.9225,-2.39226182459388
235,275,296,7.93,3.12111529750219
235,275,296,7.9375,2.27985044522853
235,275,296,7.945,1.30787759774274
235,275,296,7.9525,0.851395508650575
235,275,296,7.96,-0.0441064359288343
235,275,296,7.9675,-0.974952288210032
235,275,296,7.975,-1.66631871877486
235,275,296,7.9825,-2.74482999573239
235,275,296,7.99,2.55801362865292
235,275,296,7.9975,1.29492345935005
235,275,296,8.005,0.527459361634693
235,275,296,8.0125,-0.54933667104927
235,275,296,8.02,-1.59078755054745
235,275,296,8.0275,-2.3274944698635
235,275,296,8.035,3.11721172434236
235,275,296,8.0425,2.40937679996686
235,275,296,8.05,1.23259032139366
235,275,296,8.0575,0.207042958983713
235,275,296,8.065,-0.34665533022506
235,275,296,8.0725,-1.22187551257731
235,275,296,8.08,-1.3462224470707
235,275,296,8.0875,-2.52199815003222
235,275,296,8.095,2.8916578680079
235,275,296,8.1025,1.98014538089612
235,275,296,8.11,0.906339135443694
235,275,296,8.1175,-0.0722278035136631
235,275,296,8.125,-1.05461256318296
235,275,296,8.1325,-2.12840078638831
235,275,296,8.14,-3.06468061871058
235,275,296,8.1475,2.13993985680872
235,275,296,8.155,1.14886202370339
235,275,296,8.1625,0.069421690780965
235,275,296,8.17,-0.911883789013802
235,275,296,8.1775,-1.83141460578779
235,275,296,8.185,-2.80181334929743
235,275,296,8.1925,2.94867863318762
235,275,296,8.2,2.04770457961607
235,275,296,8.2075,1.82992344514719
235,275,296,8.215,0.678091024042166
235,275,296,8.2225,0.125029519894951
235,275,296,8.23,-1.00828661399467
235,275,296,8.2375,-1.9975068425067
235,275,296,8.245,-3.13297457552011
235,275,296,8.2525,2.19378148637366
235,275,296,8.26,1.15262096760946
235,275,296,8.2675,0.576698181970175
235,275,296,8.275,-0.480453947762972
235,275,296,8.2825,-1.5289492208035
235,275,296,8.29,-2.49816436311067
235,275,296,8.2975,2.86430563082781
235,275,296,8.305,1.97045028106931
235,275,296,8.3125,1.19987509357246
235,275,296,8.32,0.308056717865271
235,275,296,8.3275,-0.546112054891424
235,275,296,8.335,-1.20843925631907
235,275,296,8.3425,-2.16885219613131
235,275,296,8.35,-3.0740689943859
235,275,296,8.3575,2.25257397034065
235,275,296,8.365,1.41462613439825
235,275,296,8.3725,0.445523342838519
235,275,296,8.38,-0.465820606936808
235,275,296,8.3875,-1.45110066908607
235,275,296,8.395,-2.56815903117769
235,275,296,8.4025,2.64638398460389
235,275,296,8.41,1.46284754841646
235,275,296,8.4175,0.520459682082584
235,275,296,8.425,-0.358374459554317
235,275,296,8.4325,-1.33503994330114
235,275,296,8.44,-2.28966347677805
235,275,296,8.4475,-2.93626394467214
235,275,296,8.455,2.30721064918271
235,275,296,8.4625,1.4155291018335
235,275,296,8.47,0.676965013676059
235,275,296,8.4775,0.0706168742431699
235,275,296,8.485,-1.09289142484336
235,275,296,8.4925,-1.70335805952698
235,275,296,8.5,-2.88559204279788
235,275,296,8.5075,2.74759685555176
235,275,296,8.515,1.76688945891282
235,275,296,8.5225,0.686688838269354
235,275,296,8.53,-0.153950842014061
235,275,296,8.5375,-1.06923607255624
235,275,296,8.545,-2.08214632322901
235,275,296,8.5525,-3.00568565123706
235,275,296,8.56,2.22995269378866
235,275,296,8.5675,1.44781582907264
235,275,296,8.575,1.1111127041895
235,275,296,8.5825,0.428032972363825
235,275,296,8.59,0.0882093538668915
235,275,296,8.5975,-1.1842276548488
235,275,296,8.605,-2.09103744540455
235,275,296,8.6125,-2.98228375836577
235,275,296,8.62,2.25215323131672
235,275,296,8.6275,1.36153785515106
235,275,296,8.635,0.269437097497161
235,275,296,8.6425,-0.804148351743701
235,275,296,8.65,-1.81412112955728
235,275,296,8.6575,-2.7928737471273
235,275,296,8.665,2.37630369399493
235,275,296,8.6725,1.38196442072009
235,275,296,8.68,0.307847947359441
235,275,296,8.6875,-0.41844409734798
235,275,296,8.695,-1.5323314951925
235,275,296,8.7025,-2.05987925472138
235,275,296,8.71,-3.10204058141557
235,275,296,8.7175,2.38597863453032
235,275,296,8.725,1.49477906121964
235,275,296,8.7325,0.650679612588556
235,275,296,8.74,-0.0932712089177752
235,275,296,8.7475,-1.14627255241116
235,275,296,8.755,-2.42220004638525
235,275,296,8.7625,-2.95738674358094
235,275,296,8.77,2.4327569059754
235,275,296,8.7775,1.43505232474468
235,275,296,8.785,0.454189059221401
235,275,296,8.7925,-0.471386345497095
235,275,296,8.8,-1.44012376709313
235,275,296,8.8075,-2.26242536735362
235,275,296,8.815,2.98628251885923
235,275,296,8.8225,2.39517918006431
235,275,296,8.83,1.69353385691884
235,275,296,8.8375,0.786072273045823
235,275,296,8.845,0.0848144261006108
235,275,296,8.8525,-0.971753307601992
235,275,296,8.86,-1.74729467934062
235,275,296,8.8675,-2.86833206597905
235,275,296,8.875,2.32755770554894
235,275,296,8.8825,1.55956654026303
235,275,296,8.89,0.298058295771634
235,275,296,8.8975,-0.570419359086579
235,275,296,8.905,-1.60526564600263
235,275,296,8.9125,-2.65289822516346
235,275,296,8.92,2.61652079475856
235,275,296,8.9275,1.84685234297321
235,275,296,8.935,0.62506315382276
235,275,296,8.9425,-0.362414524386438
235,275,296,8.95,-0.786619107772778
235,275,296,8.9575,-1.16280346389818
235,275,296,8.965,-2.01623351563124
235,275,296,8.9725,-2.54384541238936
235,275,296,8.98,2.97787705954864
235,275,296,8.9875,1.76351457537821
235,275,296,8.995,0.818347992877226
235,275,296,9.0025,-0.340785746696671
235,275,296,9.01,-1.24751717645878
235,275,296,9.0175,-2.19906767315523
235,275,296,9.025,3.10734146042002
235,275,296,9.0325,2.42104135231174
235,275,296,9.04,1.33414720506312
235,275,296,9.0475,0.438607806385222
235,275,296,9.055,-0.349255782786461
235,275,296,9.0625,-1.4534795698065
235,275,296,9.07,-2.23760236865839
235,275,296,9.0775,-3.13677178882408
235,275,296,9.085,2.25252614813126
235,275,296,9.0925,1.3592866188304
235,275,296,9.1,0.662278271297994
235,275,296,9.1075,-0.226798458157868
235,275,296,9.115,-1.15734694076589
235,275,296,9.1225,-2.02813114372849
235,275,296,9.13,3.10264763574802
235,275,296,9.1375,1.99967305511731
235,275,296,9.145,0.8944669898381
235,275,296,9.1525,-0.0390808500831968
235,275,296,9.16,-0.994564445202564
235,275,296,9.1675,-2.08192196122692
235,275,296,9.175,-2.97476702903743
235,275,296,9.1825,2.37485165347672
235,275,296,9.19,1.6221557535575
235,275,296,9.1975,0.423131026349161
235,275,296,9.205,-0.204804468181222
235,275,296,9.2125,-0.957552257951254
235,275,296,9.22,-1.62855348283954
235,275,296,9.2275,-2.70909173009748
235,275,296,9.235,-3.07355098126069
235,275,296,9.2425,2.24838017654028
235,275,296,9.25,0.849861481570867
235,275,296,9.2575,0.204382584296893
235,275,296,9.265,-0.855410598506604
235,275,296,9.2725,-1.70429573418873
235,275,296,9.28,-2.6210919043451
235,275,296,9.2875,2.45570009223437
235,275,296,9.295,1.71083064713326
235,275,296,9.3025,0.476552471314639
235,275,296,9.31,-0.817973760417471
235,275,296,9.3175,-1.03986817397701
235,275,296,9.325,-2.17287044959772
235,275,296,9.3325,-3.02469133605148
235,275,296,9.34,-3.04477700446679
235,275,296,9.3475,1.67842133931232
235,275,296,9.355,1.34922221750871
235,275,296,9.3625,0.281585295029833
235,275,296,9.37,-0.548598405200503
235,275,296,9.3775,-1.49863328726175
235,275,296,9.385,-2.62560073939103
235,275,296,9.3925,2.68931018909673
235,275,296,9.4,1.67432278614414
235,275,296,9.4075,0.640029310421772
235,275,296,9.415,-0.464557564873668
235,275,296,9.4225,-1.41788868668138
235,275,296,9.43,-2.07586580957276
235,275,296,9.4375,2.99876505993049
235,275,296,9.445,2.32353581967958
235,275,296,9.4525,1.23693027709431
235,275,296,9.46,0.35655302954732
235,275,296,9.4675,-0.711363312612192
235,275,296,9.475,-0.777612362706371
235,275,296,9.4825,-1.46917737878926
235,275,296,9.49,-2.57030386431005
235,275,296,9.4975,3.01759157593749
235,275,296,9.505,2.02753814104313
235,275,296,9.5125,0.932802809406765
235,275,296,9.52,-0.0518672917417781
235,275,296,9.5275,-1.06477823269472
235,275,296,9.535,-2.08321855924711
235,275,296,9.5425,-3.0949626579146
235,275,296,9.55,2.03674984582253
235,275,296,9.5575,1.44222906641089
235,275,296,9.565,0.327486435031913
235,275,296,9.5725,-0.381121454948238
235,275,296,9.58,-1.34997876967839
235,275,296,9.5875,-2.01056937234388
235,275,296,9.595,-3.00497939597619
235,275,296,9.6025,2.24999388499353
235,275,296,9.61,1.72273196894808
235,275,296,9.6175,0.886981069872092
235,275,296,9.625,-0.328540703481807
235,275,296,9.6325,-1.32205375664012
235,275,296,9.64,-2.26632255405031
235,275,296,9.6475,2.94771837815634
235,275,296,9.655,1.9246575339098
235,275,296,9.6625,0.802095177162067
235,275,296,9.67,-0.411590930569854
235,275,296,9.6775,-1.11190152278895
235,275,296,9.685,-2.35913058504295
235,275,296,9.6925,-3.09282063288859
235,275,296,9.7,2.3112735523718
235,275,296,9.7075,-2.52839883773547
235,275,296,9.715,1.46161612350919
235,275,296,9.7225,1.37281356890028
235,275,296,9.73,0.555759523844362
235,275,296,9.7375,-0.638434830729958
235,275,296,9.745,-1.4401761014849
235,275,296,9.7525,-2.6389958525426
235,275,296,9.76,2.77731031352962
235,275,296,9.7675,1.61658508193143
235,275,296,9.775,0.639919404019259
235,275,296,9.7825,-0.150675417947635
235,275,296,9.79,-1.21788405302811
235,275,296,9.7975,-2.3814748738053
235,275,296,9.805,2.92546521586394
235,275,296,9.8125,1.92396098706629
235,275,296,9.82,0.999505448459296
235,275,296,9.8275,0.130756244181946
235,275,296,9.835,-0.731456951276468
235,275,296,9.8425,-1.53589635204272
235,275,296,9.85,-2.31871781485077
235,275,296,9.8575,3.11640084823078
235,275,296,9.865,2.31225147448264
235,275,296,9.8725,1.35085176013287
235,275,296,9.88,0.321567749056054
235,275,296,9.8875,-0.846745430838753
235,275,296,9.895,-1.73326273290626
235,275,296,9.9025,-2.59278541792054
235,275,296,9.91,2.63878399483401
235,275,296,9.9175,1.56571131858531
235,275,296,9.925,0.786540849611899
235,275,296,9.9325,-0.332473894187873
235,275,296,9.94,-1.0955400725711
235,275,296,9.9475,-2.08927689269627
235,275,296,9.955,-2.83323295507632
235,275,296,9.9625,2.71544826235077
235,275,296,9.97,1.76191661429304
235,275,296,9.9775,1.4331280785402
235,275,296,9.985,0.554485463761458
235,275,296,9.9925,-0.54693144501506
235,275,296,10,-1.40986591038707
235,275,296,10.0075,-2.42715757457322
235,275,296,10.015,2.86713385374868
235,275,296,10.0225,1.97833256377657
235,275,296,10.03,0.793421515649936
235,275,296,10.0375,-0.136830164796983
235,275,296,10.045,-1.1817326050818
235,275,296,10.0525,-2.12760640814481
235,275,296,10.06,3.13924578797618
235,275,296,10.0675,2.21038930871969
235,275,296,10.075,1.15279123779596
235,275,296,10.0825,0.42994295985128
235,275,296,10.09,-0.204874969431717
235,275,296,10.0975,-1.23586738887105
235,275,296,10.105,-1.84655210043576
235,275,296,10.1125,-2.91209714111536
235,275,296,10.12,2.34984944938346
235,275,296,10.1275,1.56971673704408
235,275,296,10.135,0.950653318044543
235,275,296,10.1425,-0.195988421936217
235,275,296,10.15,-1.03130838006167
235,275,296,10.1575,-2.04594000036796
235,275,296,10.165,-2.97513145389162
235,275,296,10.1725,2.50317606177779
235,275,296,10.18,1.19588441077599
235,275,296,10.1875,0.550576954620286
235,275,296,10.195,-0.633455443332288
235,275,296,10.2025,-1.5534436780959
235,275,296,10.21,-1.80077852412335
235,275,296,10.2175,-2.45239169189825
235,275,296,10.225,-2.82867931863932
235,275,296,10.2325,2.12709675718854
235,275,296,10.24,1.47382772315929
235,275,296,10.2475,0.675190360881069
235,275,296,10.255,-0.425959861702356
235,275,296,10.2625,-1.3064911102384
235,275,296,10.27,-2.42635711281946
235,275,296,10.2775,2.83041844951536
235,275,296,10.285,1.73712365875249
235,275,296,10.2925,0.769975359423638
235,275,296,10.3,-0.355125508531021
235,275,296,10.3075,-1.39751780127295
235,275,296,10.315,-2.3948794801525
235,275,296,10.3225,-3.12329103630469
235,275,296,10.33,2.04757735476188
235,275,296,10.3375,0.973613153398268
235,275,296,10.345,0.314890370603358
235,275,296,10.3525,-0.860912633876134
235,275,296,10.36,-1.81719394014737
235,275,296,10.3675,-2.77798514542587
235,275,296,10.375,2.82423834570451
235,275,296,10.3825,1.84365771816779
235,275,296,10.39,0.715448384028814
235,275,296,10.3975,-0.152750345756209
235,275,296,10.405,-1.05371484818907
235,275,296,10.4125,-2.27905463154342
235,275,296,10.42,-2.10076192900997
235,275,296,10.4275,2.22087801005277
235,275,296,10.435,0.93738935221557
235,275,296,10.4425,0.338551593229398
235,275,296,10.45,-0.14225379874351
235,275,296,10.4575,0.37105885827796
235,275,296,10.465,-0.113322792830825
235,275,296,10.4725,-0.913255198697382
235,275,296,10.48,-2.12226370443203
235,275,296,10.4875,-2.78365434631433
235,275,296,10.495,2.31021515772068
235,275,296,10.5025,1.56215592837008
235,275,296,10.51,0.193474884915749
235,275,296,10.5175,-0.552027833564649
235,275,296,10.525,-1.7670470666432
235,275,296,10.5325,-2.90299666073363
235,275,296,10.54,2.22207062390627
235,275,296,10.5475,1.12767569102782
235,275,296,10.555,-0.0213387216316884
235,275,296,10.5625,-1.05901287353916
235,275,296,10.57,-2.13936982896969
235,275,296,10.5775,-2.43020193634981
235,275,296,10.585,2.81183660564645
235,275,296,10.5925,1.8874169116444
235,275,296,10.6,0.791833528292374
235,275,296,10.6075,0.322589963083698
235,275,296,10.615,-0.678471945850484
235,275,296,10.6225,-1.86454286936998
235,275,296,10.63,-2.11005792275613
235,275,296,10.6375,2.93018392169414
235,275,296,10.645,2.1537046565424
235,275,296,10.6525,1.51385537861008
235,275,296,10.66,1.5113597821536
235,275,296,10.6675,0.0601115846382589
235,275,296,10.675,-0.777670889346789
235,275,296,10.6825,-1.29805972755663
235,275,296,10.69,-2.26206335484835
235,275,296,10.6975,2.45448747116876
235,275,296,10.705,1.5679931290487
235,275,296,10.7125,0.92292054930436
235,275,296,10.72,-0.14964033114092
235,275,296,10.7275,-0.841464453966163
235,275,296,10.735,-2.14296539278706
235,275,296,10.7425,2.89077774694506
235,275,296,10.75,2.18326111094009
235,275,296,10.7575,1.44569672434444
235,275,296,10.765,0.445480727068884
235,275,296,10.7725,-0.508763289780506
235,275,296,10.78,-1.57436288678278
235,275,296,10.7875,-2.72739263137395
235,275,296,10.795,2.69931367083368
235,275,296,10.8025,1.43173635559559
235,275,296,10.81,0.57721522783157
235,275,296,10.8175,-0.564883017877703
235,275,296,10.825,-1.5400431312513
235,275,296,10.8325,-2.67333264802072
235,275,296,10.84,2.33522530340809
235,275,296,10.8475,1.71357217359165
235,275,296,10.855,0.704614269921717
235,275,296,10.8625,-0.927324016502605
235,275,296,10.87,-0.825768786789816
235,275,296,10.8775,-1.11229255192911
235,275,296,10.885,-2.45106671049455
235,275,296,10.8925,2.73287081951014
235,275,296,10.9,-0.78210870383826
235,275,296,10.9075,-2.8629089173679
235,275,296,10.915,-3.13439279913643
235,275,296,10.9225,1.09293107446503
235,275,296,10.93,0.227288937222018
235,275,296,10.9375,-1.27665542835856
235,275,296,10.945,-1.43705114743915
235,275,296,10.9525,-2.41094303731702
235,275,296,10.96,2.53046970476955
235,275,296,10.9675,2.00795160636357
235,275,296,10.975,0.585549915800142
235,275,296,10.9825,-0.365071330132692
235,275,296,10.99,-1.12275031670946
235,275,296,10.9975,-2.18326558414487
235,275,296,11.005,-3.123418318778
235,275,296,11.0125,2.15227266440039
235,275,296,11.02,1.24406197287526
235,275,296,11.0275,0.233847864761537
235,275,296,11.035,-0.899018594036257
235,275,296,11.0425,-1.94148856237803
235,275,296,11.05,-2.95133986216715
235,275,296,11.0575,2.30372768652137
235,275,296,11.065,1.28358947983657
235,275,296,11.0725,0.371046629076599
235,275,296,11.08,-0.789757841203424
235,275,296,11.0875,-1.92325811752208
235,275,296,11.095,-3.09051798722153
235,275,296,11.1025,2.11319551423698
235,275,296,11.11,0.996566699598707
235,275,296,11.1175,0.693512973409448
235,275,296,11.125,-0.658367272598117
235,275,296,11.1325,2.38852878458041
235,275,296,11.14,0.729285692624878
235,275,296,11.1475,-1.20945733796553
235,275,296,11.155,-2.42699701592587
235,275,296,11.1625,3.09948289659135
235,275,296,11.17,2.24103931420764
235,275,296,11.1775,1.64445285838507
235,275,296,11.185,0.299516003365283
235,275,296,11.1925,-0.253580517651424
235,275,296,11.2,-2.05859171517132
235,275,296,11.2075,-2.33945444039193
235,275,296,11.215,2.84317138301579
235,275,296,11.2225,2.86716862195221
235,275,296,11.23,1.39344519527609
235,275,296,11.2375,0.191637505462784
235,275,296,11.245,-0.962560127953703
235,275,296,11.2525,-1.43916549666965
235,275,296,11.26,3.13625858682642
235,275,296,11.2675,2.38423404422971
235,275,296,11.275,1.45449330132996
235,275,296,11.2825,0.362367124523948
235,275,296,11.29,-0.609982343605242
235,275,296,11.2975,-1.48951536529852
235,275,296,11.305,-2.58404608075866
235,275,296,11.3125,2.52978045541481
235,275,296,11.32,1.1423618959652
235,275,296,11.3275,-0.15634229488083
235,275,296,11.335,-0.70249852711723
235,275,296,11.3425,0.629230821009465
235,275,296,11.35,1.80071079092639
235,275,296,11.3575,0.353691216699882
235,275,296,11.365,-1.51883488073335
235,275,296,11.3725,-2.6426075029373
235,275,296,11.38,2.47656209508717
235,275,296,11.3875,1.87069689333724
235,275,296,11.395,0.608556607281177
235,275,296,11.4025,-0.25031477782983
235,275,296,11.41,-1.39909045227601
235,275,296,11.4175,-2.30686451100319
235,275,296,11.425,2.7264406588723
235,275,296,11.4325,1.82919638858956
235,275,296,11.44,0.492998433673276
235,275,296,11.4475,-0.419151760677494
235,275,296,11.455,-1.15826193524524
235,275,296,11.4625,-2.10552183733077
235,275,296,11.47,-3.11101051392132
235,275,296,11.4775,2.37017291899209
235,275,296,11.485,1.41982949009486
235,275,296,11.4925,0.312961947498879
235,275,296,11.5,-0.510445635429241
235,275,296,11.5075,-1.07583524701025
235,275,296,11.515,-2.51466438013998
235,275,296,11.5225,-3.02110248498308
235,275,296,11.53,2.04221852097211
235,275,296,11.5375,1.27827964647247
235,275,296,11.545,0.0820764216952201
235,275,296,11.5525,-1.12083691823466
235,275,296,11.56,-1.95708397337753
235,275,296,11.5675,-2.91617667259874
235,275,296,11.575,2.12571006397529
235,275,296,11.5825,0.818378118090859
235,275,296,11.59,-0.0766954601169656
235,275,296,11.5975,0.0524156657172252
235,275,296,11.605,-0.215178569520647
235,275,296,11.6125,-1.15021214878598
235,275,296,11.62,-1.38668208574407
235,275,296,11.6275,-2.03367367637445
235,275,296,11.635,-3.04110926678139
235,275,296,11.6425,2.0150438427103
235,275,296,11.65,1.25637347623565
235,275,296,11.6575,0.109606358456366
235,275,296,11.665,-0.621112065438548
235,275,296,11.6725,-1.705533192537
235,275,296,11.68,-2.91729451635877
235,275,296,11.6875,2.29602256702477
235,275,296,11.695,1.50374804567628
235,275,296,11.7025,0.40916867394038
235,275,296,11.71,-0.68077271744642
235,275,296,11.7175,-1.22610034910453
235,275,296,11.725,-2.52338272372036
235,275,296,11.7325,-3.13189000996238
235,275,296,11.74,1.93883299331944
235,275,296,11.7475,1.13774954281256
235,275,296,11.755,0.456468288957741
235,275,296,11.7625,-0.427202097509931
235,275,296,11.77,-1.70305614956581
235,275,296,11.7775,-2.36767380447477
235,275,296,11.785,3.00203238762698
235,275,296,11.7925,1.83917492286071
235,275,296,11.8,0.841391004009837
235,275,296,11.8075,-0.147937988372255
235,275,296,11.815,-1.11622367184158
235,275,296,11.8225,-2.09780299985932
235,275,296,11.83,-3.12224402915797
235,275,296,11.8375,2.18191968045024
235,275,296,11.845,1.07975652546737
235,275,296,11.8525,1.04478533615502
235,275,296,11.86,0.335021541147898
235,275,296,11.8675,-0.100769090775917
235,275,296,11.875,-1.00624993243663
235,275,296,11.8825,-1.98173429546068
235,275,296,11.89,-2.73055542796071
235,275,296,11.8975,2.34249813074524
235,275,296,11.905,1.46830215249367
235,275,296,11.9125,0.827764393879138
235,275,296,11.92,-0.355196566382468
235,275,296,11.9275,-1.56684056977036
235,275,296,11.935,-2.57122439824959
235,275,296,11.9425,2.50025460601392
235,275,296,11.95,1.45606266419259
235,275,296,11.9575,0.652281710864992
235,275,296,11.965,-0.55033248268328
235,275,296,11.9725,-1.59062763649713
235,275,296,11.98,-2.34773418730059
235,275,296,11.9875,2.56352459661489
235,275,296,11.995,1.70159739464372
235,275,296,12.0025,1.49706315490124
235,275,296,12.01,0.197642009771451
235,275,296,12.0175,-0.510338567752103
235,275,296,12.025,-1.69064245720309
235,275,296,12.0325,-1.78615938571103
235,275,296,12.04,-2.38399826272739
235,275,296,12.0475,3.01277995281623
235,275,296,12.055,1.55369870576469
235,275,296,12.0625,0.73490737299159
235,275,296,12.07,-0.169187472046222
235,275,296,12.0775,-2.02740015388328
235,275,296,12.085,-1.77640040950689
235,275,296,12.0925,-1.41010133104048
235,275,296,12.1,-2.42713793585593
235,275,296,12.1075,-2.93936969253169
235,275,296,12.115,2.31799285904731
235,275,296,12.1225,1.25071977990011
235,275,296,12.13,-0.0707817130071328
235,275,296,12.1375,-0.937386688487317
235,275,296,12.145,-2.04286517341451
235,275,296,12.1525,-3.13774390786628
235,275,296,12.16,2.16498293646138
235,275,296,12.1675,0.909931350681286
235,275,296,12.175,-0.00879353773335402
235,275,296,12.1825,-1.14943460186646
235,275,296,12.19,-2.14952747707617
235,275,296,12.1975,-3.13955751358882
235,275,296,12.205,2.14273842129124
235,275,296,12.2125,1.19847623695958
235,275,296,12.22,0.0370667031111214
235,275,296,12.2275,-0.995785121655874
235,275,296,12.235,-1.68320777384863
235,275,296,12.2425,-2.55407493093069
235,275,296,12.25,2.97639489456173
235,275,296,12.2575,2.10693944740746
235,275,296,12.265,2.1085206804009
235,275,296,12.2725,1.17442165203624
235,275,296,12.28,-0.165417928958974
235,275,296,12.2875,-1.13027948823008
235,275,296,12.295,-2.10742914296352
235,275,296,12.3025,-2.72741779178374
235,275,296,12.31,2.30153499781989
235,275,296,12.3175,1.87841360530164
235,275,296,12.325,0.657174519352828
235,275,296,12.3325,-0.857096623286088
235,275,296,12.34,-0.642461535827074
235,275,296,12.3475,-1.57059765397434
235,275,296,12.355,-2.32643639163634
235,275,296,12.3625,2.11313516544325
235,275,296,12.37,2.05641661841487
235,275,296,12.3775,1.00837245206121
235,275,296,12.385,0.495739507771199
235,275,296,12.3925,-0.640494789216726
235,275,296,12.4,-1.65806970337642
235,275,296,12.4075,-2.64854739215985
235,275,296,12.415,2.80457953178885
235,275,296,12.4225,1.64238272179562
235,275,296,12.43,0.257097527663541
235,275,296,12.4375,-0.504516555508519
235,275,296,12.445,-1.78998756323007
235,275,296,12.4525,-2.87252488363048
235,275,296,12.46,2.92808860297718
235,275,296,12.4675,1.2051920680791
235,275,296,12.475,0.879891660037055
235,275,296,12.4825,-0.487148939490042
235,275,296,12.49,-0.262733327410911
235,275,296,12.4975,-1.65392219816625
235,275,296,12.505,-2.50587904443478
235,275,296,12.5125,-2.68327603641004
235,275,296,12.52,2.09841609521594
235,275,296,12.5275,1.29812058667705
235,275,296,12.535,0.43559013987449
235,275,296,12.5425,0.103020113439375
235,275,296,12.55,-1.6915927035503
235,275,296,12.5575,-2.19342647520299
235,275,296,12.565,-2.55454456719598
235,275,296,12.5725,2.77288067591259
235,275,296,12.58,1.49259980277903
235,275,296,12.5875,0.984722095020776
235,275,296,12.595,0.445949218670193
235,275,296,12.6025,-0.797774606811456
235,275,296,12.61,-2.20805604050206
235,275,296,12.6175,-2.84500291575325
235,275,296,12.625,2.5671331029578
235,275,296,12.6325,1.6883552550664
235,275,296,12.64,0.364828837101425
235,275,296,12.6475,-0.370908383193385
235,275,296,12.655,-1.57907977581956
235,275,296,12.6625,-2.52614742955272
235,275,296,12.67,2.81449528780978
235,275,296,12.6775,1.76470977855282
235,275,296,12.685,0.45784104104262
235,275,296,12.6925,-0.435643295308356
235,275,296,12.7,-1.63659675997476
235,275,296,12.7075,-2.58536034995048
235,275,296,12.715,2.67783526318153
235,275,296,12.7225,1.59335676182765
235,275,296,12.73,0.718521214182465
235,275,296,12.7375,-0.62281218786219
235,275,296,12.745,-1.98257106785398
235,275,296,12.7525,-2.96779701155481
235,275,296,12.76,2.18575878389633
235,275,296,12.7675,1.44391028766224
235,275,296,12.775,-0.0627434586652603
235,275,296,12.7825,-1.6077108368788
235,275,296,12.79,3.11579961529422
235,275,296,12.7975,0.916194874157301
235,275,296,12.805,1.60401851485406
235,275,296,12.8125,0.00576775482198528
235,275,296,12.82,-1.51611104266222
235,275,296,12.8275,-2.23890384091898
235,275,296,12.835,3.06285637453942
235,275,296,12.8425,1.70991071172287
235,275,296,12.85,0.832562771860782
235,275,296,12.8575,-0.31598375697016
235,275,296,12.865,-0.860991925863591
235,275,296,12.8725,-2.19264704666642
235,275,296,12.88,3.09531810896102
235,275,296,12.8875,2.13061786386858
235,275,296,12.895,1.05055648220273
235,275,296,12.9025,0.306009335838517
235,275,296,12.91,-0.908279606308456
235,275,296,12.9175,-1.85516646591504
235,275,296,12.925,-2.70111455118915
235,275,296,12.9325,2.45715170708424
235,275,296,12.94,1.71619318356631
235,275,296,12.9475,0.327658958919087
235,275,296,12.955,-0.735328480710307
235,275,296,12.9625,-1.7881461737392
235,275,296,12.97,-2.94211970832712
235,275,296,12.9775,1.92338833019834
235,275,296,12.985,0.77942805260401
235,275,296,12.9925,-0.659977798692589
235,275,296,13,-2.1761968253406
235,275,296,13.0075,-3.03575485977788
235,275,296,13.015,2.91833035806489
235,275,296,13.0225,0.208657225422337
235,275,296,13.03,-1.69608745642672
235,275,296,13.0375,-2.31045934006836
235,275,296,13.045,2.74857096293243
235,275,296,13.0525,1.12141051406882
235,275,296,13.06,0.226464203857588
235,275,296,13.0675,-0.621716363494458
235,275,296,13.075,-1.62121840535657
235,275,296,13.0825,-2.44144790493156
235,275,296,13.09,2.47768077817468
235,275,296,13.0975,1.5238895940328
235,275,296,13.105,0.26398900001155
235,275,296,13.1125,-0.248987796253038
235,275,296,13.12,-1.46208009838648
235,275,296,13.1275,-2.26694457658782
235,275,296,13.135,-2.28181186231661
235,275,296,13.1425,2.68085517763464
235,275,296,13.15,1.98957292828633
235,275,296,13.1575,0.28840799528322
235,275,296,13.165,-0.203727284238793
235,275,296,13.1725,-1.26634585438497
235,275,296,13.18,-2.22601390750153
235,275,296,13.1875,2.60201540979412
235,275,296,13.195,1.87322885937438
235,275,296,13.2025,0.527816948608463
235,275,296,13.21,-0.936034680734057
235,275,296,13.2175,-1.46259174990628
235,275,296,13.225,-2.68814025905551
235,275,296,13.2325,2.07222464984799
235,275,296,13.24,1.15331477161575
235,275,296,13.2475,-1.32527411106223
235,275,296,13.255,-2.61316135027959
235,275,296,13.2625,2.31354411119293
235,275,296,13.27,1.22879102322784
235,275,296,13.2775,0.0846331584027489
235,275,296,13.285,-1.30863749047155
235,275,296,13.2925,-1.99851739515606
235,275,296,13.3,2.66312552465617
235,275,296,13.3075,1.65573526670259
235,275,296,13.315,0.674888314512173
235,275,296,13.3225,-0.0978103174076746
235,275,296,13.33,-0.865247702606154
235,275,296,13.3375,-2.04244512915077
235,275,296,13.345,-2.90010399957144
235,275,296,13.3525,2.44377120130807
235,275,296,13.36,1.67912795765125
235,275,296,13.3675,0.584493259693375
235,275,296,13.375,-0.706075744328219
235,275,296,13.3825,-1.22421862201133
235,275,296,13.39,-1.9955209577115
235,275,296,13.3975,-2.81203298940025
235,275,296,13.405,2.45379261177572
235,275,296,13.4125,1.35653707403839
235,275,296,13.42,0.61066255336825
235,275,296,13.4275,-0.779966828423811
235,275,296,13.435,-1.67605907042092
235,275,296,13.4425,-2.76883786675574
235,275,296,13.45,1.9100606529012
235,275,296,13.4575,1.02574428639457
235,275,296,13.465,-0.442433419417628
235,275,296,13.4725,-1.78705757116736
235,275,296,13.48,-1.9986383556197
235,275,296,13.4875,-0.126770442299308
235,275,296,13.495,-1.40908410217537
235,275,296,13.5025,-1.1283567465274
235,275,296,13.51,-1.71610729876103
235,275,296,13.5175,2.5411233928746
235,275,296,13.525,1.0452026434825
235,275,296,13.5325,0.587165788703643
235,275,296,13.54,-0.837962040287831
235,275,296,13.5475,-1.56309579612798
235,275,296,13.555,-2.99883590182198
235,275,296,13.5625,2.37756123995384
235,275,296,13.57,1.30075341734185
235,275,296,13.5775,0.439369475271006
235,275,296,13.585,-0.578964260525723
235,275,296,13.5925,-1.6991729592797
235,275,296,13.6,-2.05679615199915
235,275,296,13.6075,-2.94299375869647
235,275,296,13.615,1.86845772062789
235,275,296,13.6225,1.05817451174945
235,275,296,13.63,0.346256212095733
235,275,296,13.6375,-0.406553114071226
235,275,296,13.645,-0.694354155521399
235,275,296,13.6525,-1.94633471797131
235,275,296,13.66,-2.94825813274891
235,275,296,13.6675,2.09978722774117
235,275,296,13.675,0.748624367770292
235,275,296,13.6825,0.361119157169994
235,275,296,13.69,-0.609517128766009
235,275,296,13.6975,-1.94848477536243
235,275,296,13.705,-2.52552300629564
235,275,296,13.7125,2.38716396591337
235,275,296,13.72,1.38056864058539
235,275,296,13.7275,1.06172870983879
235,275,296,13.735,-0.252072512503692
235,275,296,13.7425,1.92702248793337
235,275,296,13.75,-0.653701750883474
235,275,296,13.7575,-2.02895536357008
235,275,296,13.765,-3.01446887785349
235,275,296,13.7725,2.78845869004605
235,275,296,13.78,2.03546232101168
235,275,296,13.7875,0.702604744290936
235,275,296,13.795,0.245304178421311
235,275,296,13.8025,-1.23848797414901
235,275,296,13.81,-2.21595587134987
235,275,296,13.8175,2.83671168273859
235,275,296,13.825,1.92840677590677
235,275,296,13.8325,1.22913049246079
235,275,296,13.84,-0.0285322851491094
235,275,296,13.8475,-0.990948813053819
235,275,296,13.855,-2.26382823417135
235,275,296,13.8625,-2.66469531516002
235,275,296,13.87,2.20234735266194
235,275,296,13.8775,0.711773332606926
235,275,296,13.885,1.64994400299786
235,275,296,13.8925,0.0123601795297961
235,275,296,13.9,-1.17700551548368
235,275,296,13.9075,-1.42969367707689
235,275,296,13.915,-2.29065687632168
235,275,296,13.9225,2.59867794961877
235,275,296,13.93,1.73207588216847
235,275,296,13.9375,1.23855247000981
235,275,296,13.945,-0.0494993888122833
235,275,296,13.9525,-1.13161145960467
235,275,296,13.96,-2.30581728689688
235,275,296,13.9675,3.13263780197746
235,275,296,13.975,1.31856681486394
235,275,296,13.9825,1.87874338724035
235,275,296,13.99,0.700590317538523
235,275,296,13.9975,1.72272199697697
235,275,296,14.005,0.781822149733878
235,275,296,14.0125,-0.696455103595349
235,275,296,14.02,-1.53120095350354
235,275,296,14.0275,-2.76876157263949
235,275,296,14.035,2.44164195430497
235,275,296,14.0425,1.54551973163629
235,275,296,14.05,0.705127042712174
235,275,296,14.0575,-0.547566969680173
235,275,296,14.065,-1.42259088024587
235,275,296,14.0725,-2.88205162220332
235,275,296,14.08,2.32111786025991
235,275,296,14.0875,1.62624235099763
235,275,296,14.095,0.335934457979458
235,275,296,14.1025,-0.598393633013714
235,275,296,14.11,-1.90871444933371
235,275,296,14.1175,-2.72598724268791
235,275,296,14.125,2.45422817975979
235,275,296,14.1325,1.93990459871438
235,275,296,14.14,1.78569747506352
235,275,296,14.1475,0.0640051669852041
235,275,296,14.155,0.189597563632057
235,275,296,14.1625,-0.540933607576018
235,275,296,14.17,-1.63652780998038
235,275,296,14.1775,2.39446012321232
235,275,296,14.185,2.30301175577957
235,275,296,14.1925,1.25794415421396
235,275,296,14.2,0.433759128430703
235,275,296,14.2075,-0.393299634162887
235,275,296,14.215,-1.59676164383777
235,275,296,14.2225,-2.33917295880915
235,275,296,14.23,-2.04147900653778
235,275,296,14.2375,2.07831632874634
235,275,296,14.245,1.40818950414801
235,275,296,14.2525,1.21853780204576
235,275,296,14.26,0.123330409374939
235,275,296,14.2675,-0.75890673917311
235,275,296,14.275,-1.93260047133306
235,275,296,14.2825,-2.67622697396185
235,275,296,14.29,2.36933026198396
235,275,296,14.2975,1.55704311623339
235,275,296,14.305,0.124788400735117
235,275,296,14.3125,-0.620045178105102
235,275,296,14.32,-1.86790956404725
235,275,296,14.3275,-2.645968536152
235,275,296,14.335,2.53783933859943
235,275,296,14.3425,1.14276285460902
235,275,296,14.35,0.0142726517829191
235,275,296,14.3575,-0.635653322588155
235,275,296,14.365,-0.595350273943727
235,275,296,14.3725,-2.58708566713788
235,275,296,14.38,2.70747168143797
235,275,296,14.3875,-1.50287128730131
235,275,296,14.395,0.860555520041949
235,275,296,14.4025,-1.61559017826716
235,275,296,14.41,2.80057618745631
235,275,296,14.4175,-0.0567529926310446
235,275,296,14.425,-0.270683846758512
235,275,296,14.4325,-1.93955890708734
235,275,296,14.44,-2.91278885229508
235,275,296,14.4475,2.86687960444985
235,275,296,14.455,1.43924394258377
235,275,296,14.4625,1.71324764606392
235,275,296,14.47,-0.164861741684867
235,275,296,14.4775,-0.99766620277418
235,275,296,14.485,-2.0185032380754
235,275,296,14.4925,3.08991746331212
235,275,296,14.5,2.25342543481271
235,275,296,14.5075,1.50707136283265
235,275,296,14.515,0.265185952191306
235,275,296,14.5225,-0.666500663845311
235,275,296,14.53,-1.76056317371758
235,275,296,14.5375,-2.92123618953279
235,275,296,14.545,2.93944471065104
235,275,296,14.5525,1.95427953632841
235,275,296,14.56,0.567602511255931
235,275,296,14.5675,-0.15135339239067
235,275,296,14.575,-1.42315066227931
235,275,296,14.5825,-2.48917970134165
235,275,296,14.59,2.79309976973215
235,275,296,14.5975,1.92420941385766
235,275,296,14.605,0.960947450635269
235,275,296,14.6125,0.409981624004422
235,275,296,14.62,-1.20202180273699
235,275,296,14.6275,-2.30666556000887
235,275,296,14.635,2.19099500693291
235,275,296,14.6425,2.94843626791269
235,275,296,14.65,-1.67774152569855
235,275,296,14.6575,1.88994545556743
235,275,296,14.665,-3.07518099671307
235,275,296,14.6725,-0.4681895430564
235,275,296,14.68,-0.373334270896861
235,275,296,14.6875,-0.961381358984329
235,275,296,14.695,-1.93241242172261
235,275,296,14.7025,2.87369941156751
235,275,296,14.71,1.53557656178347
235,275,296,14.7175,0.0839212438222233
235,275,296,14.725,0.716002193779269
235,275,296,14.7325,-0.719288439277452
235,275,296,14.74,-1.1914853301466
235,275,296,14.7475,-2.03535299410293
235,275,296,14.755,2.72027724152589
235,275,296,14.7625,1.46344790465773
235,275,296,14.77,0.857117661598337
235,275,296,14.7775,0.438364135575296
235,275,296,14.785,-0.811670642072879
235,275,296,14.7925,-1.95315110814572
235,275,296,14.8,-2.34938459856139
235,275,296,14.8075,2.28104298548648
235,275,296,14.815,1.01712727624994
235,275,296,14.8225,1.07458424914958
235,275,296,14.83,-0.340552543705243
235,275,296,14.8375,-1.20301073032911
235,275,296,14.845,-2.55826359722613
235,275,296,14.8525,-3.02754557788376
235,275,296,14.86,1.56026982172827
235,275,296,14.8675,1.75675228317779
235,275,296,14.875,0.617215924500799
235,275,296,14.8825,2.6823956786342
235,275,296,14.89,0.720749769762008
235,275,296,14.8975,-1.31976733738233
235,275,296,14.905,-0.954170716433168
235,275,296,14.9125,-2.62300118073067
235,275,296,14.92,1.85217606640917
235,275,296,14.9275,1.61148610318814
235,275,296,14.935,0.668691454882941
235,275,296,14.9425,-0.745974454043444
235,275,296,14.95,-0.981780274144054
235,275,296,14.9575,-2.07045791181367
235,275,296,14.965,2.49330021188427
235,275,296,14.9725,1.28953741944071
235,275,296,14.98,0.110749691692427
235,275,296,14.9875,-0.600836551945854
235,275,296,14.995,-1.06851610716543
235,275,296,15.0025,-2.3246628316434
235,275,296,15.01,-2.28563482989529
235,275,296,15.0175,2.82379154415059
235,275,296,15.025,1.70246339817854
235,275,296,15.0325,0.433020753253889
235,275,296,15.04,-0.131874487581883
235,275,296,15.0475,-1.38557591082752
235,275,296,15.055,-2.13448414119385
235,275,296,15.0625,-3.10462696887585
235,275,296,15.07,2.40686440665109
235,275,296,15.0775,0.749412435734367
235,275,296,15.085,-1.09673857695853
235,275,296,15.0925,-0.886753814593967
235,275,296,15.1,-1.83582849159831
235,275,296,15.1075,2.64058457391707
235,275,296,15.115,1.11280113329203
235,275,296,15.1225,-0.047094503417855
235,275,296,15.13,-1.42827518486078
235,275,296,15.1375,-2.93122570344482
235,275,296,15.145,1.24712243872248
235,275,296,15.1525,1.03440773570865
235,275,296,15.16,-0.242712412644433
235,275,296,15.1675,-1.71725662191576
235,275,296,15.175,-2.93358953256395
235,275,296,15.1825,2.29327361276582
235,275,296,15.19,1.21431111686629
235,275,296,15.1975,0.561500140915461
235,275,296,15.205,-0.631921780827128
235,275,296,15.2125,-1.63394279331607
235,275,296,15.22,3.11709771041959
235,275,296,15.2275,2.35696526620615
235,275,296,15.235,1.42708420060709
235,275,296,15.2425,0.317640180447338
235,275,296,15.25,-0.270980559816416
235,275,296,15.2575,-0.738030333356521
235,275,296,15.265,-1.6398353943577
235,275,296,15.2725,-2.71517563224128
235,275,296,15.28,2.24823201545594
235,275,296,15.2875,0.790836405436607
235,275,296,15.295,0.0883199974107485
235,275,296,15.3025,-1.05928569812291
235,275,296,15.31,-2.74994568406338
235,275,296,15.3175,2.93246994986937
235,275,296,15.325,1.38365734260397
235,275,296,15.3325,1.22821513835014
235,275,296,15.34,-0.637919208801567
235,275,296,15.3475,-2.06675191648064
235,275,296,15.355,-2.35351591926067
235,275,296,15.3625,-0.228078231212126
235,275,296,15.37,-0.304258762505731
235,275,296,15.3775,-0.795241363520382
235,275,296,15.385,-2.30887590538654
235,275,296,15.3925,-3.06762784111592
235,275,296,15.4,1.95724035284516
235,275,296,15.4075,0.400340886038468
235,275,296,15.415,-0.771793438580084
235,275,296,15.4225,-1.11221541401538
235,275,296,15.43,-2.54848997161526
235,275,296,15.4375,2.08406474807896
235,275,296,15.445,1.37445580563121
235,275,296,15.4525,0.49846905225029
235,275,296,15.46,-0.813486296522939
235,275,296,15.4675,-1.74031409528271
235,275,296,15.475,-3.10264062642299
235,275,296,15.4825,2.17780003606071
235,275,296,15.49,1.30395487582566
235,275,296,15.4975,0.0320751394416943
235,275,296,15.505,-1.21417108836884
235,275,296,15.5125,-2.35077516846283
235,275,296,15.52,-2.07591904401775
235,275,296,15.5275,1.04447513491587
235,275,296,15.535,1.35726725143144
235,275,296,15.5425,-0.38743704050733
235,275,296,15.55,1.37418206695827
235,275,296,15.5575,0.690590367616465
235,275,296,15.565,-1.21901680390866
235,275,296,15.5725,-1.15596199343246
235,275,296,15.58,3.04976255230209
235,275,296,15.5875,-2.33139865563042
235,275,296,15.595,0.323456529699801
235,275,296,15.6025,-1.2371713315422
235,275,296,15.61,-1.32592734153211
235,275,296,15.6175,1.18708916269224
235,275,296,15.625,-0.0470618623542524
235,275,296,15.6325,-0.490403054723294
235,275,296,15.64,-2.75731628132509
235,275,296,15.6475,2.9694998017845
235,275,296,15.655,0.918514074891041
235,275,296,15.6625,1.30902338913409
235,275,296,15.67,0.0228260301730687
235,275,296,15.6775,-0.798634931600085
235,275,296,15.685,-1.63862268850165
235,275,296,15.6925,-2.87265904374054
235,275,296,15.7,1.43349517094763
235,275,296,15.7075,0.789345358514566
235,275,296,15.715,0.377355481411918
235,275,296,15.7225,-0.711278607954467
235,275,296,15.73,-1.85777886434767
235,275,296,15.7375,-2.69246154436988
235,275,296,15.745,2.00575520249888
235,275,296,15.7525,0.152301331834432
235,275,296,15.76,-0.0907915515721034
235,275,296,15.7675,0.526368127719196
235,275,296,15.775,-0.458911231025168
235,275,296,15.7825,-1.32329385162222
235,275,296,15.79,-2.27606129987951
235,275,296,15.7975,3.06106930364084
235,275,296,15.805,2.38813252903696
235,275,296,15.8125,0.971555364246754
235,275,296,15.82,-0.232900435733155
235,275,296,15.8275,-1.93242034802413
235,275,296,15.835,-2.68438846138163
235,275,296,15.8425,2.88114566789248
235,275,296,15.85,1.02176959320082
235,275,296,15.8575,0.482693036212269
235,275,296,15.865,-1.20407821984121
235,275,296,15.8725,-1.19141244732026
235,275,296,15.88,-3.13319969278301
235,275,296,15.8875,-0.578648126325917
235,275,296,15.895,-1.3055480384606
235,275,296,15.9025,-1.84885629451616
235,275,296,15.91,-2.98987954023451
235,275,296,15.9175,2.47092545137079
235,275,296,15.925,1.26944363279363
235,275,296,15.9325,-0.371468389414396
235,275,296,15.94,-1.7749673467238
235,275,296,15.9475,-2.13215709993334
235,275,296,15.955,1.92238060131602
235,275,296,15.9625,2.14728868953478
235,275,296,15.97,-0.487281425744973
235,275,296,15.9775,-0.506056069020582
235,275,296,15.985,-0.418845921837316
235,275,296,15.9925,-3.10643660459622
235,275,296,16,2.43859396170638
235,275,295,4,-0.681798372323423
235,275,295,4.0075,-1.49574117471216
235,275,295,4.015,-2.35751729291459
235,275,295,4.0225,3.006388599156
235,275,295,4.03,2.2791150476683
235,275,295,4.0375,1.35623737435952
235,275,295,4.045,0.432533065279054
235,275,295,4.0525,-0.543152163288998
235,275,295,4.06,-1.41102458095429
235,275,295,4.0675,-2.28018974567586
235,275,295,4.075,3.01502814856289
235,275,295,4.0825,1.99024821056091
235,275,295,4.09,0.982666137847695
235,275,295,4.0975,-0.00160546330160367
235,275,295,4.105,-1.02115208276572
235,275,295,4.1125,-2.01547641772781
235,275,295,4.12,-3.07775656044514
235,275,295,4.1275,2.2991015094771
235,275,295,4.135,1.29123100274211
235,275,295,4.1425,0.379457293912359
235,275,295,4.15,-0.475173681488858
235,275,295,4.1575,-1.50815142619041
235,275,295,4.165,-2.32943220108204
235,275,295,4.1725,2.98178020275956
235,275,295,4.18,1.91133324407535
235,275,295,4.1875,1.03493155711297
235,275,295,4.195,0.138348536585097
235,275,295,4.2025,-0.388824017305209
235,275,295,4.21,-1.40847939256977
235,275,295,4.2175,-2.43749519159507
235,275,295,4.225,3.04341626979516
235,275,295,4.2325,2.16877687665924
235,275,295,4.24,1.16962235475422
235,275,295,4.2475,0.239168953348907
235,275,295,4.255,-0.843171227312231
235,275,295,4.2625,-1.85497764072941
235,275,295,4.27,-2.92711744363855
235,275,295,4.2775,2.06354948588492
235,275,295,4.285,1.23248353429625
235,275,295,4.2925,0.0209149888519628
235,275,295,4.3,-2.04405510499297
235,275,295,4.3075,0.696867555657428
235,275,295,4.315,-0.795010876001027
235,275,295,4.3225,-1.3473714687678
235,275,295,4.33,-2.3760609910595
235,275,295,4.3375,-2.96464310306658
235,275,295,4.345,2.07271323389322
235,275,295,4.3525,1.25371376738681
235,275,295,4.36,0.161191833341576
235,275,295,4.3675,-1.09213544800774
235,275,295,4.375,-2.04049734376499
235,275,295,4.3825,-2.87958783130236
235,275,295,4.39,2.3720246170211
235,275,295,4.3975,1.35448468980497
235,275,295,4.405,0.370431535601106
235,275,295,4.4125,-0.596240186505923
235,275,295,4.42,-1.79866714095196
235,275,295,4.4275,-2.80471506612178
235,275,295,4.435,2.38102399244796
235,275,295,4.4425,1.53071313940194
235,275,295,4.45,0.417596596702453
235,275,295,4.4575,-0.186525090316714
235,275,295,4.465,-1.05724181661614
235,275,295,4.4725,-2.08128111175862
235,275,295,4.48,-2.68381921330389
235,275,295,4.4875,-3.10699921417057
235,275,295,4.495,2.16469041577385
235,275,295,4.5025,1.461335111678
235,275,295,4.51,0.334728213914343
235,275,295,4.5175,-0.636881665788349
235,275,295,4.525,-1.34031275619538
235,275,295,4.5325,-2.06409790635794
235,275,295,4.54,-3.11209373782561
235,275,295,4.5475,2.68493023544262
235,275,295,4.555,1.67915667955508
235,275,295,4.5625,0.810356733275282
235,275,295,4.57,-0.159541626566578
235,275,295,4.5775,-1.03232245398915
235,275,295,4.585,-2.21808003079421
235,275,295,4.5925,-3.05256254555269
235,275,295,4.6,2.17160196051881
235,275,295,4.6075,1.0676734305013
235,275,295,4.615,-0.0893610911400315
235,275,295,4.6225,-1.0212058705308
235,275,295,4.63,-2.00813721839656
235,275,295,4.6375,-2.99187465425666
235,275,295,4.645,2.21255017695602
235,275,295,4.6525,1.04462115703987
235,275,295,4.66,0.121437483756084
235,275,295,4.6675,-0.914070065430485
235,275,295,4.675,-1.97126170506567
235,275,295,4.6825,3.06678328777504
235,275,295,4.69,1.90569932522839
235,275,295,4.6975,1.4509691395485
235,275,295,4.705,-0.184436917676743
235,275,295,4.7125,-1.10401186751213
235,275,295,4.72,-2.54844505480496
235,275,295,4.7275,2.42043728771395
235,275,295,4.735,0.614472271140304
235,275,295,4.7425,-0.676055229759803
235,275,295,4.75,-1.64140595662786
235,275,295,4.7575,-2.6394256197933
235,275,295,4.765,2.40469023953572
235,275,295,4.7725,1.41830409878173
235,275,295,4.78,0.281677301317337
235,275,295,4.7875,-0.625312432066657
235,275,295,4.795,-1.78836061252897
235,275,295,4.8025,-2.68184327881519
235,275,295,4.81,2.75484302386117
235,275,295,4.8175,1.63442670125325
235,275,295,4.825,0.513811985482376
235,275,295,4.8325,-0.452816324066305
235,275,295,4.84,-1.51039938375086
235,275,295,4.8475,-2.68854414590135
235,275,295,4.855,2.4890920653921
235,275,295,4.8625,1.56138258008193
235,275,295,4.87,0.584287076283013
235,275,295,4.8775,-0.60687255221483
235,275,295,4.885,-1.5974847979016
235,275,295,4.8925,-2.66918929901933
235,275,295,4.9,2.78706438068338
235,275,295,4.9075,2.04595129348863
235,275,295,4.915,1.16234900014759
235,275,295,4.9225,0.0909726800954488
235,275,295,4.93,-1.23136795359197
235,275,295,4.9375,-1.55784002640172
235,275,295,4.945,-2.75864327613994
235,275,295,4.9525,2.19929862869572
235,275,295,4.96,2.70640542038648
235,275,295,4.9675,2.68363689240902
235,275,295,4.975,0.952770924836685
235,275,295,4.9825,0.229802120847105
235,275,295,4.99,-1.14097730259929
235,275,295,4.9975,-2.0349971340288
235,275,295,5.005,-1.85653312150605
235,275,295,5.0125,2.85538785777401
235,275,295,5.02,2.03590996078986
235,275,295,5.0275,1.35770082489392
235,275,295,5.035,0.0812126123662495
235,275,295,5.0425,-0.82406260274354
235,275,295,5.05,-1.63272658137855
235,275,295,5.0575,-2.41880392156113
235,275,295,5.065,2.74057717344691
235,275,295,5.0725,1.93066944057948
235,275,295,5.08,0.818167897848175
235,275,295,5.0875,0.062909968154339
235,275,295,5.095,-0.985898854327863
235,275,295,5.1025,-2.36660501984026
235,275,295,5.11,3.05650704560957
235,275,295,5.1175,1.88478936494224
235,275,295,5.125,0.516061101649481
235,275,295,5.1325,-0.906822105238132
235,275,295,5.14,-2.05144848345335
235,275,295,5.1475,-0.621237861466044
235,275,295,5.155,-0.380076299831287
235,275,295,5.1625,-1.0065403423828
235,275,295,5.17,-2.60512176104916
235,275,295,5.1775,-3.11857178686923
235,275,295,5.185,2.02525284528025
235,275,295,5.1925,2.55184067806958
235,275,295,5.2,1.36555268408034
235,275,295,5.2075,-0.280187298622731
235,275,295,5.215,-1.18778147884333
235,275,295,5.2225,-2.52696770943991
235,275,295,5.23,3.12340396612104
235,275,295,5.2375,1.81335583368127
235,275,295,5.245,0.964921124289355
235,275,295,5.2525,-0.0876350209322834
235,275,295,5.26,-0.993432873469882
235,275,295,5.2675,-2.19003129561895
235,275,295,5.275,3.13316248529465
235,275,295,5.2825,2.02741574999061
235,275,295,5.29,1.04143659200415
235,275,295,5.2975,-0.0993886993285126
235,275,295,5.305,-1.08690219995933
235,275,295,5.3125,-2.06513902347305
235,275,295,5.32,3.04894873731386
235,275,295,5.3275,1.99172039854293
235,275,295,5.335,1.12667224851299
235,275,295,5.3425,0.0421087077135403
235,275,295,5.35,-1.12095212176538
235,275,295,5.3575,-2.16596646172425
235,275,295,5.365,2.98902907744209
235,275,295,5.3725,2.19374173383879
235,275,295,5.38,0.518629538787907
235,275,295,5.3875,-0.380615169508191
235,275,295,5.395,-2.04602539652126
235,275,295,5.4025,-2.12004612064876
235,275,295,5.41,2.95606384278378
235,275,295,5.4175,0.950449055374986
235,275,295,5.425,-0.0487191305707524
235,275,295,5.4325,-0.689217188965013
235,275,295,5.44,-1.88633998839315
235,275,295,5.4475,-3.09535169111069
235,275,295,5.455,2.35279806243867
235,275,295,5.4625,0.910684196317219
235,275,295,5.47,-0.12154460887157
235,275,295,5.4775,-1.23311136860593
235,275,295,5.485,-2.58590232756113
235,275,295,5.4925,2.60323581051657
235,275,295,5.5,1.73197503753074
235,275,295,5.5075,0.434902522522636
235,275,295,5.515,-0.5283955533435
235,275,295,5.5225,-1.68743248494893
235,275,295,5.53,-2.54479014226847
235,275,295,5.5375,2.52984931180568
235,275,295,5.545,1.41664094816496
235,275,295,5.5525,0.523268490201916
235,275,295,5.56,-0.492287840963489
235,275,295,5.5675,-1.20603952015982
235,275,295,5.575,-2.00363358411413
235,275,295,5.5825,-2.92186942229329
235,275,295,5.59,2.38581974984359
235,275,295,5.5975,1.85462719027662
235,275,295,5.605,0.668253917333943
235,275,295,5.6125,-0.101066821583022
235,275,295,5.62,-1.96160722969438
235,275,295,5.6275,-2.08795058364256
235,275,295,5.635,-2.75325232428825
235,275,295,5.6425,2.16338209308139
235,275,295,5.65,1.1161754503767
235,275,295,5.6575,0.279416543578798
235,275,295,5.665,1.4522222111785
235,275,295,5.6725,0.0521990361053234
235,275,295,5.68,-1.00859325738731
235,275,295,5.6875,-1.76636557791957
235,275,295,5.695,-2.77154803097231
235,275,295,5.7025,2.34756644496735
235,275,295,5.71,1.72608704949509
235,275,295,5.7175,0.729747994598288
235,275,295,5.725,-0.348287609181844
235,275,295,5.7325,-1.35184289970847
235,275,295,5.74,-2.25418017517776
235,275,295,5.7475,2.61920913591422
235,275,295,5.755,1.57958785008415
235,275,295,5.7625,0.560056250311677
235,275,295,5.77,-0.639459373421436
235,275,295,5.7775,-1.79269855169913
235,275,295,5.785,-2.85360720945748
235,275,295,5.7925,2.29571795131278
235,275,295,5.8,1.4730206527726
235,275,295,5.8075,0.577560145688522
235,275,295,5.815,-0.394308227128122
235,275,295,5.8225,-2.0068108261034
235,275,295,5.83,-2.33608562980091
235,275,295,5.8375,1.64032933733711
235,275,295,5.845,1.49875153034995
235,275,295,5.8525,-1.42786176463138
235,275,295,5.86,-2.0749090319975
235,275,295,5.8675,2.60210882672731
235,275,295,5.875,1.32644693399052
235,275,295,5.8825,0.160471997862851
235,275,295,5.89,-1.0368511314327
235,275,295,5.8975,-1.93871224044978
235,275,295,5.905,-2.90193306989277
235,275,295,5.9125,2.28355205436774
235,275,295,5.92,1.47065133926291
235,275,295,5.9275,0.560026146636714
235,275,295,5.935,-0.07654274812538
235,275,295,5.9425,-1.34746265802221
235,275,295,5.95,-2.32592296335072
235,275,295,5.9575,-3.07398451186667
235,275,295,5.965,2.18215816679701
235,275,295,5.9725,1.11225512226044
235,275,295,5.98,-0.0767457050542321
235,275,295,5.9875,-0.996250923689546
235,275,295,5.995,-1.77479464189895
235,275,295,6.0025,-2.78254237238307
235,275,295,6.01,2.26882509629705
235,275,295,6.0175,1.45493527694371
235,275,295,6.025,0.206029421229809
235,275,295,6.0325,-0.966163553214549
235,275,295,6.04,-1.98460411082453
235,275,295,6.0475,-3.0814437976916
235,275,295,6.055,2.42021406850704
235,275,295,6.0625,0.643243396623597
235,275,295,6.07,0.636230759711192
235,275,295,6.0775,-2.34149124970672
235,275,295,6.085,1.34432731560421
235,275,295,6.0925,-0.319053040966488
235,275,295,6.1,-0.957027549900554
235,275,295,6.1075,-1.8040096909058
235,275,295,6.115,3.00790336930521
235,275,295,6.1225,2.11403871416136
235,275,295,6.13,0.94913028938896
235,275,295,6.1375,0.00411740304395449
235,275,295,6.145,-0.836428546043573
235,275,295,6.1525,-1.37331710419869
235,275,295,6.16,-2.96653812023218
235,275,295,6.1675,2.64221173185015
235,275,295,6.175,1.80378449035499
235,275,295,6.1825,1.16831259558439
235,275,295,6.19,0.587482495185958
235,275,295,6.1975,-0.494655615794087
235,275,295,6.205,-1.56241147696883
235,275,295,6.2125,-2.36555342155844
235,275,295,6.22,-3.05509933349699
235,275,295,6.2275,1.96321992326483
235,275,295,6.235,1.0087315785408
235,275,295,6.2425,-0.104449032854606
235,275,295,6.25,-1.08074746352192
235,275,295,6.2575,-1.82727889532301
235,275,295,6.265,-2.96679591741692
235,275,295,6.2725,2.09203308999996
235,275,295,6.28,1.36016096674945
235,275,295,6.2875,0.493764171816362
235,275,295,6.295,-0.642263591881826
235,275,295,6.3025,-1.86515562181406
235,275,295,6.31,-0.798312636572086
235,275,295,6.3175,-1.6067438228227
235,275,295,6.325,-2.06584182436783
235,275,295,6.3325,3.04698969110198
235,275,295,6.34,2.11511750424746
235,275,295,6.3475,0.759122000291537
235,275,295,6.355,-0.209005580492135
235,275,295,6.3625,-1.21411456005285
235,275,295,6.37,-2.24645027897834
235,275,295,6.3775,2.61540010811724
235,275,295,6.385,1.80195103705431
235,275,295,6.3925,0.874536107981063
235,275,295,6.4,-0.0387140280312551
235,275,295,6.4075,-1.12573460420374
235,275,295,6.415,-2.17929214520343
235,275,295,6.4225,2.9812402244525
235,275,295,6.43,2.03269367984835
235,275,295,6.4375,1.31646895870027
235,275,295,6.445,0.363493009409494
235,275,295,6.4525,-0.315288728608148
235,275,295,6.46,-1.06313490870329
235,275,295,6.4675,-1.94997829799332
235,275,295,6.475,-2.913548282376
235,275,295,6.4825,2.34509006840951
235,275,295,6.49,1.35194337901191
235,275,295,6.4975,0.326529358064002
235,275,295,6.505,-0.582219452597992
235,275,295,6.5125,-1.76929382219361
235,275,295,6.52,-2.59440879568657
235,275,295,6.5275,2.75957670581223
235,275,295,6.535,1.93237926500694
235,275,295,6.5425,0.898813198263061
235,275,295,6.55,0.419169257351921
235,275,295,6.5575,-1.61754227480782
235,275,295,6.565,1.01234513380842
235,275,295,6.5725,-0.717954826953071
235,275,295,6.58,-1.66947172007271
235,275,295,6.5875,-2.53528377430421
235,275,295,6.595,2.57696165396373
235,275,295,6.6025,1.70362862037777
235,275,295,6.61,0.571877650731721
235,275,295,6.6175,-0.659373903072091
235,275,295,6.625,-1.69720745649258
235,275,295,6.6325,-2.70967503756774
235,275,295,6.64,2.58942578501533
235,275,295,6.6475,1.4028602796794
235,275,295,6.655,0.39092417647444
235,275,295,6.6625,-0.525285871945607
235,275,295,6.67,-1.34623110874582
235,275,295,6.6775,-2.27514654539427
235,275,295,6.685,2.78015902974296
235,275,295,6.6925,2.17212406855181
235,275,295,6.7,1.66968533491691
235,275,295,6.7075,0.973139077422868
235,275,295,6.715,0.00253264247311971
235,275,295,6.7225,-0.789033372654167
235,275,295,6.73,-1.82482885573567
235,275,295,6.7375,-2.97328149450365
235,275,295,6.745,2.42834754312929
235,275,295,6.7525,1.46787496455211
235,275,295,6.76,0.251996176575166
235,275,295,6.7675,-0.376484396858799
235,275,295,6.775,-1.64026251117285
235,275,295,6.7825,-2.65174294613803
235,275,295,6.79,3.07967940244524
235,275,295,6.7975,2.15565301678893
235,275,295,6.805,1.49357834593933
235,275,295,6.8125,0.483236188260915
235,275,295,6.82,-0.415424430706114
235,275,295,6.8275,-1.0561694703182
235,275,295,6.835,-2.22707255902407
235,275,295,6.8425,-2.96183633643522
235,275,295,6.85,2.59407036396534
235,275,295,6.8575,1.56847223576512
235,275,295,6.865,0.56753442341088
235,275,295,6.8725,-0.416285862940997
235,275,295,6.88,-1.33643019139844
235,275,295,6.8875,-2.43917060681314
235,275,295,6.895,2.78357838155712
235,275,295,6.9025,1.84083138849455
235,275,295,6.91,0.801543204328018
235,275,295,6.9175,-0.0178395423692943
235,275,295,6.925,-1.02950872844554
235,275,295,6.9325,-1.75688474001017
235,275,295,6.94,-2.67561556145109
235,275,295,6.9475,2.76357569418379
235,275,295,6.955,2.18172503940986
235,275,295,6.9625,1.23292893860945
235,275,295,6.97,0.43551817844176
235,275,295,6.9775,-0.302385945689135
235,275,295,6.985,-1.61759155536123
235,275,295,6.9925,-2.27919186042137
235,275,295,7,-2.95678596710301
235,275,295,7.0075,2.07447368735601
235,275,295,7.015,1.02220000863442
235,275,295,7.0225,0.171853568395597
235,275,295,7.03,-0.884078892776662
235,275,295,7.0375,-1.6126324206015
235,275,295,7.045,-2.97401908736124
235,275,295,7.0525,2.66584633438868
235,275,295,7.06,2.32273239020508
235,275,295,7.0675,1.48833916706646
235,275,295,7.075,0.672969377224025
235,275,295,7.0825,-0.066727672860346
235,275,295,7.09,-1.10911893594174
235,275,295,7.0975,-2.00138466279484
235,275,295,7.105,-2.92147987620919
235,275,295,7.1125,2.37974406785628
235,275,295,7.12,1.17708940251891
235,275,295,7.1275,0.183852789603604
235,275,295,7.135,-0.707402953953943
235,275,295,7.1425,-1.84184349508602
235,275,295,7.15,-2.81758639583973
235,275,295,7.1575,2.40277508280649
235,275,295,7.165,1.39392975068701
235,275,295,7.1725,0.525227726405334
235,275,295,7.18,-0.43305079941973
235,275,295,7.1875,-1.46511642789917
235,275,295,7.195,-2.34001662695523
235,275,295,7.2025,-2.99403007020039
235,275,295,7.21,2.30911697781534
235,275,295,7.2175,1.51029557854656
235,275,295,7.225,1.18883907428541
235,275,295,7.2325,0.25545060036822
235,275,295,7.24,-0.819000914891804
235,275,295,7.2475,-1.74337895091505
235,275,295,7.255,-2.7281814288906
235,275,295,7.2625,2.68292178456275
235,275,295,7.27,1.61919666234908
235,275,295,7.2775,0.834615178106693
235,275,295,7.285,-0.355179389944353
235,275,295,7.2925,-1.29175795989369
235,275,295,7.3,-1.88698781649968
235,275,295,7.3075,-3.01384529351194
235,275,295,7.315,2.59376070531826
235,275,295,7.3225,1.90964359327102
235,275,295,7.33,1.24288027332556
235,275,295,7.3375,0.495128335436005
235,275,295,7.345,-0.551684123145974
235,275,295,7.3525,-1.61512768406339
235,275,295,7.36,-2.62054229668975
235,275,295,7.3675,2.58641853585184
235,275,295,7.375,1.5066494967401
235,275,295,7.3825,0.522288016816068
235,275,295,7.39,-0.535779064123345
235,275,295,7.3975,-1.39561091862095
235,275,295,7.405,-2.51976477115712
235,275,295,7.4125,2.73120140852568
235,275,295,7.42,1.80396444324847
235,275,295,7.4275,0.8614155601839
235,275,295,7.435,0.255601105636079
235,275,295,7.4425,-0.822545187168845
235,275,295,7.45,-1.80526350912354
235,275,295,7.4575,-2.0197992880574
235,275,295,7.465,-3.06506507899015
235,275,295,7.4725,2.48531154274086
235,275,295,7.48,1.70205799563182
235,275,295,7.4875,0.730100244763872
235,275,295,7.495,-0.165806080012582
235,275,295,7.5025,-1.17523388444792
235,275,295,7.51,-2.24110322312757
235,275,295,7.5175,-3.0823153706069
235,275,295,7.525,1.99833673430932
235,275,295,7.5325,1.16466617135837
235,275,295,7.54,0.291466957582598
235,275,295,7.5475,-0.360111996812616
235,275,295,7.555,-1.85982077251554
235,275,295,7.5625,-2.31169080888268
235,275,295,7.57,-3.06459602504156
235,275,295,7.5775,2.81140724260089
235,275,295,7.585,1.79166012800818
235,275,295,7.5925,0.806749907877476
235,275,295,7.6,-0.143763493468754
235,275,295,7.6075,-1.02756116317773
235,275,295,7.615,-2.17262748326924
235,275,295,7.6225,3.04406006385861
235,275,295,7.63,2.07168196983456
235,275,295,7.6375,1.11512057093801
235,275,295,7.645,0.0482792987995904
235,275,295,7.6525,-0.955450695837951
235,275,295,7.66,-1.93842406749076
235,275,295,7.6675,-3.05297955556086
235,275,295,7.675,2.33900732676963
235,275,295,7.6825,1.47498951155175
235,275,295,7.69,0.461833770106848
235,275,295,7.6975,-0.0988626387552184
235,275,295,7.705,-0.71054185750839
235,275,295,7.7125,-1.67799525849978
235,275,295,7.72,-2.53777176801945
235,275,295,7.7275,2.98178379407509
235,275,295,7.735,2.10212359211463
235,275,295,7.7425,0.954866249582562
235,275,295,7.75,0.163249490635778
235,275,295,7.7575,-0.935637833668997
235,275,295,7.765,-1.76623669045504
235,275,295,7.7725,-2.74606487840472
235,275,295,7.78,2.53538238756743
235,275,295,7.7875,1.52420800971039
235,275,295,7.795,0.392052379265454
235,275,295,7.8025,-0.249595077760057
235,275,295,7.81,-1.19114964169289
235,275,295,7.8175,-1.55776854018166
235,275,295,7.825,-1.93365114555062
235,275,295,7.8325,-2.79738343274703
235,275,295,7.84,2.56956855965626
235,275,295,7.8475,1.63274720004899
235,275,295,7.855,0.570943809819311
235,275,295,7.8625,-0.391216578061107
235,275,295,7.87,-1.42622971418642
235,275,295,7.8775,-2.68880238985982
235,275,295,7.885,2.79868418844582
235,275,295,7.8925,1.65370102221087
235,275,295,7.9,0.586905587451021
235,275,295,7.9075,-0.320482399465613
235,275,295,7.915,-1.44286126285875
235,275,295,7.9225,-2.49898343432836
235,275,295,7.93,-3.1153577146389
235,275,295,7.9375,2.3703392755554
235,275,295,7.945,1.2672169880227
235,275,295,7.9525,0.874033438741055
235,275,295,7.96,0.0543065552305617
235,275,295,7.9675,-0.707584154024464
235,275,295,7.975,-1.33342846607749
235,275,295,7.9825,-2.44364247414557
235,275,295,7.99,2.87841046768396
235,275,295,7.9975,1.88557790448243
235,275,295,8.005,0.699098471939498
235,275,295,8.0125,-0.227581854945792
235,275,295,8.02,-1.03968795553453
235,275,295,8.0275,-2.10195760264143
235,275,295,8.035,3.06209102119261
235,275,295,8.0425,2.54823045260843
235,275,295,8.05,1.58995607689067
235,275,295,8.0575,0.81201396232628
235,275,295,8.065,-0.0953118383697506
235,275,295,8.0725,-1.02082779009902
235,275,295,8.08,-1.81624420413842
235,275,295,8.0875,-2.69791014585372
235,275,295,8.095,2.69506109543139
235,275,295,8.1025,1.76896121837884
235,275,295,8.11,0.734141670520592
235,275,295,8.1175,-0.0496577310352387
235,275,295,8.125,-1.27866023942087
235,275,295,8.1325,-2.16866153893249
235,275,295,8.14,-3.11103227782194
235,275,295,8.1475,2.08083171004819
235,275,295,8.155,0.974923723946479
235,275,295,8.1625,-0.0854916466745294
235,275,295,8.17,-1.05466477570915
235,275,295,8.1775,-1.90482645848321
235,275,295,8.185,-3.07825417409829
235,275,295,8.1925,2.51305508699615
235,275,295,8.2,1.95064727344412
235,275,295,8.2075,1.50780302016274
235,275,295,8.215,1.19298366689394
235,275,295,8.2225,0.205609809842572
235,275,295,8.23,-0.721124829735937
235,275,295,8.2375,-1.72032955403861
235,275,295,8.245,-2.69223009616702
235,275,295,8.2525,2.49959884414926
235,275,295,8.26,1.47381801691929
235,275,295,8.2675,0.666623780623668
235,275,295,8.275,-0.543427022392787
235,275,295,8.2825,-1.33312215005836
235,275,295,8.29,-2.53272513069736
235,275,295,8.2975,2.88707797732001
235,275,295,8.305,2.20072934211786
235,275,295,8.3125,1.08885586407635
235,275,295,8.32,0.510677330795305
235,275,295,8.3275,-0.248696889370684
235,275,295,8.335,-1.03554494790815
235,275,295,8.3425,-1.85642818444458
235,275,295,8.35,-2.68352126933237
235,275,295,8.3575,2.50988727527683
235,275,295,8.365,1.41601164513709
235,275,295,8.3725,0.503296311800439
235,275,295,8.38,-0.468132915107806
235,275,295,8.3875,-1.49700898984301
235,275,295,8.395,-2.47844276947344
235,275,295,8.4025,2.69158915852587
235,275,295,8.41,1.55925356272335
235,275,295,8.4175,0.573859578150031
235,275,295,8.425,-0.259427255122303
235,275,295,8.4325,-1.34756820403219
235,275,295,8.44,-2.30175481903539
235,275,295,8.4475,-2.97542775632943
235,275,295,8.455,2.41729881374588
235,275,295,8.4625,1.76214291100185
235,275,295,8.47,1.19237730434572
235,275,295,8.4775,0.267822774397652
235,275,295,8.485,-0.508480969014078
235,275,295,8.4925,-1.57603591673318
235,275,295,8.5,-2.60956581362505
235,275,295,8.5075,2.6591618599741
235,275,295,8.515,1.84111617731331
235,275,295,8.5225,0.733476506985751
235,275,295,8.53,0.0252602506862857
235,275,295,8.5375,-1.22851356892776
235,275,295,8.545,-2.26968225993585
235,275,295,8.5525,-3.02188683282464
235,275,295,8.56,2.2628434138919
235,275,295,8.5675,1.23422739793326
235,275,295,8.575,0.701836492238218
235,275,295,8.5825,-0.0435000996080397
235,275,295,8.59,-0.518272819784524
235,275,295,8.5975,-1.41026444365884
235,275,295,8.605,-2.19403645729838
235,275,295,8.6125,3.11534242860219
235,275,295,8.62,2.1009945902942
235,275,295,8.6275,0.997133713990626
235,275,295,8.635,0.0675000903026295
235,275,295,8.6425,-0.825773714528936
235,275,295,8.65,-2.05181705016523
235,275,295,8.6575,3.10670391880823
235,275,295,8.665,2.30477814754466
235,275,295,8.6725,1.17555836062373
235,275,295,8.68,0.276470210523219
235,275,295,8.6875,-0.672386985366132
235,275,295,8.695,-1.33016383924327
235,275,295,8.7025,-1.95291886778991
235,275,295,8.71,-2.59793038115377
235,275,295,8.7175,2.91922310340577
235,275,295,8.725,2.08336131863176
235,275,295,8.7325,1.23164841143164
235,275,295,8.74,0.486899436725528
235,275,295,8.7475,-0.647450900564765
235,275,295,8.755,-1.86770525659487
235,275,295,8.7625,-2.43964180747703
235,275,295,8.77,2.65499054547761
235,275,295,8.7775,1.76131045709759
235,275,295,8.785,0.732515078740119
235,275,295,8.7925,-0.15935261481928
235,275,295,8.8,-1.34181599480307
235,275,295,8.8075,-2.35217648307564
235,275,295,8.815,-3.10855283745053
235,275,295,8.8225,2.41357848301897
235,275,295,8.83,1.45369659707949
235,275,295,8.8375,0.641346547347902
235,275,295,8.845,-0.374534133515683
235,275,295,8.8525,-0.886744112856647
235,275,295,8.86,-1.78095703024722
235,275,295,8.8675,-2.90366068070782
235,275,295,8.875,2.3858289707814
235,275,295,8.8825,1.35477467347498
235,275,295,8.89,0.392701687856941
235,275,295,8.8975,-0.648542023676252
235,275,295,8.905,-1.59023073321
235,275,295,8.9125,-2.77808398072467
235,275,295,8.92,2.50581535288629
235,275,295,8.9275,1.58866141391364
235,275,295,8.935,0.857941631084936
235,275,295,8.9425,0.163699876363924
235,275,295,8.95,-0.551621577812548
235,275,295,8.9575,-0.908974868002984
235,275,295,8.965,-1.06247941161322
235,275,295,8.9725,-2.35678540907768
235,275,295,8.98,3.11115884227302
235,275,295,8.9875,1.98080767167556
235,275,295,8.995,0.998457075441533
235,275,295,9.0025,-0.0203709579444851
235,275,295,9.01,-1.04223175224787
235,275,295,9.0175,-1.96454603924119
235,275,295,9.025,-2.95833061760641
235,275,295,9.0325,2.29748154735099
235,275,295,9.04,1.37700688440205
235,275,295,9.0475,0.502981143781057
235,275,295,9.055,-0.556374584911092
235,275,295,9.0625,-1.60805900502019
235,275,295,9.07,-2.39837089979182
235,275,295,9.0775,3.06226195904977
235,275,295,9.085,2.24575963496653
235,275,295,9.0925,1.40506723061081
235,275,295,9.1,0.607427352540925
235,275,295,9.1075,-0.513992866635467
235,275,295,9.115,-1.32339633386781
235,275,295,9.1225,-2.00537932053765
235,275,295,9.13,3.10100255849824
235,275,295,9.1375,2.11125366329283
235,275,295,9.145,1.15386261522645
235,275,295,9.1525,0.228078964224757
235,275,295,9.16,-0.775365683254643
235,275,295,9.1675,-1.75907734858839
235,275,295,9.175,-2.76912762455374
235,275,295,9.1825,2.68648945942702
235,275,295,9.19,1.96393577367024
235,275,295,9.1975,0.779094044944405
235,275,295,9.205,0.265662570479379
235,275,295,9.2125,-0.0912208016698639
235,275,295,9.22,-1.07897594292153
235,275,295,9.2275,-2.18812094071907
235,275,295,9.235,-3.05488248738888
235,275,295,9.2425,2.33214461439713
235,275,295,9.25,1.19692803401438
235,275,295,9.2575,0.141877661922039
235,275,295,9.265,-0.645837097410536
235,275,295,9.2725,-1.75564438338185
235,275,295,9.28,-2.51910472692828
235,275,295,9.2875,2.61811119313068
235,275,295,9.295,1.67493017940263
235,275,295,9.3025,0.605089343225498
235,275,295,9.31,-0.542618802444206
235,275,295,9.3175,-1.34384310596933
235,275,295,9.325,-2.29607333881687
235,275,295,9.3325,-2.9950677124366
235,275,295,9.34,2.35838252598508
235,275,295,9.3475,1.56070465795122
235,275,295,9.355,0.647717570607673
235,275,295,9.3625,-0.346455466648637
235,275,295,9.37,-0.753590932902754
235,275,295,9.3775,-1.94318998177015
235,275,295,9.385,-2.70225166022227
235,275,295,9.3925,2.71183159189272
235,275,295,9.4,1.91488137734148
235,275,295,9.4075,0.838489366526049
235,275,295,9.415,-0.630666626662885
235,275,295,9.4225,-1.02495265163571
235,275,295,9.43,-2.03868275593468
235,275,295,9.4375,-2.90907085996738
235,275,295,9.445,2.71168053000735
235,275,295,9.4525,2.07329006613725
235,275,295,9.46,1.16067495145693
235,275,295,9.4675,0.598335096659289
235,275,295,9.475,-0.130285198197724
235,275,295,9.4825,-1.44745798983544
235,275,295,9.49,-2.2797406831454
235,275,295,9.4975,2.96335673932744
235,275,295,9.505,1.77995954981216
235,275,295,9.5125,0.903180079133357
235,275,295,9.52,0.0333854530844561
235,275,295,9.5275,-0.903360184524734
235,275,295,9.535,-2.01365476904014
235,275,295,9.5425,-3.07217953958368
235,275,295,9.55,2.27190601669284
235,275,295,9.5575,1.32017944470728
235,275,295,9.565,0.413794203838643
235,275,295,9.5725,-0.773528142347874
235,275,295,9.58,-1.45788703376067
235,275,295,9.5875,-2.08021984858534
235,275,295,9.595,-3.07078173135998
235,275,295,9.6025,2.51734328086487
235,275,295,9.61,1.61996070976639
235,275,295,9.6175,0.729294498343419
235,275,295,9.625,-0.207774979401763
235,275,295,9.6325,-1.27517441694811
235,275,295,9.64,-2.17097323896241
235,275,295,9.6475,2.86250095830457
235,275,295,9.655,2.05935648585564
235,275,295,9.6625,0.756147369028466
235,275,295,9.67,-0.0190948804085983
235,275,295,9.6775,-0.956742767317358
235,275,295,9.685,-2.20217672863153
235,275,295,9.6925,3.02256965015864
235,275,295,9.7,2.72319748039012
235,275,295,9.7075,-3.10119265862283
235,275,295,9.715,2.15367665844237
235,275,295,9.7225,1.34225148573048
235,275,295,9.73,0.131843840033683
235,275,295,9.7375,-0.883621321809628
235,275,295,9.745,-1.78638460545632
235,275,295,9.7525,-2.9327946111032
235,275,295,9.76,2.41117333413241
235,275,295,9.7675,1.442007093184
235,275,295,9.775,0.406474031629338
235,275,295,9.7825,-0.587088921207766
235,275,295,9.79,-1.51295680124534
235,275,295,9.7975,-2.55933247108104
235,275,295,9.805,2.70189457888465
235,275,295,9.8125,1.74412220757913
235,275,295,9.82,0.685775286896487
235,275,295,9.8275,-0.0416929785941198
235,275,295,9.835,-1.18186052401859
235,275,295,9.8425,-1.73939576798349
235,275,295,9.85,-2.62255366160006
235,275,295,9.8575,-3.06796693183312
235,275,295,9.865,2.25176935812753
235,275,295,9.8725,1.22140813656559
235,275,295,9.88,0.339396279852101
235,275,295,9.8875,-0.3876657500364
235,275,295,9.895,-1.66890767045096
235,275,295,9.9025,-2.88418191944233
235,275,295,9.91,2.70173908639828
235,275,295,9.9175,1.80111854162862
235,275,295,9.925,1.33060658785946
235,275,295,9.9325,0.235226359007811
235,275,295,9.94,-0.222072625422557
235,275,295,9.9475,-1.01767381072787
235,275,295,9.955,-2.04915829635044
235,275,295,9.9625,-2.94883709330474
235,275,295,9.97,2.56326067532892
235,275,295,9.9775,1.51150811403517
235,275,295,9.985,0.567970653690449
235,275,295,9.9925,-0.245348817565206
235,275,295,10,-1.54317311945191
235,275,295,10.0075,-2.4078202334758
235,275,295,10.015,2.81057753668835
235,275,295,10.0225,1.88072743094844
235,275,295,10.03,0.822227316814794
235,275,295,10.0375,-0.30231116753724
235,275,295,10.045,-1.4697983304529
235,275,295,10.0525,-2.394733911187
235,275,295,10.06,2.8666458922305
235,275,295,10.0675,2.03557480010477
235,275,295,10.075,0.96776170457396
235,275,295,10.0825,-0.0622359918055976
235,275,295,10.09,-0.769126271543371
235,275,295,10.0975,-1.86957973168367
235,275,295,10.105,-2.34916072615992
235,275,295,10.1125,3.05073309109029
235,275,295,10.12,1.75725466174463
235,275,295,10.1275,0.569405671915966
235,275,295,10.135,1.21671514433438
235,275,295,10.1425,-0.248315847114754
235,275,295,10.15,-1.18675452712997
235,275,295,10.1575,-1.82508474253928
235,275,295,10.165,2.93927180005471
235,275,295,10.1725,2.72129920168884
235,275,295,10.18,1.91476689340847
235,275,295,10.1875,0.981849394732617
235,275,295,10.195,-0.0816304344896903
235,275,295,10.2025,-0.437532395137824
235,275,295,10.21,-1.69987612600847
235,275,295,10.2175,-2.14641528250525
235,275,295,10.225,-3.03275309537908
235,275,295,10.2325,2.25804098326278
235,275,295,10.24,1.11129835142786
235,275,295,10.2475,0.482155613257441
235,275,295,10.255,-0.659902605238285
235,275,295,10.2625,-1.54003114018838
235,275,295,10.27,-2.54442779878028
235,275,295,10.2775,2.68899459768281
235,275,295,10.285,1.58135605595212
235,275,295,10.2925,0.478107830261741
235,275,295,10.3,-0.561169451216568
235,275,295,10.3075,-1.49665748926524
235,275,295,10.315,-2.39927287336447
235,275,295,10.3225,2.74256173695832
235,275,295,10.33,1.92785428072072
235,275,295,10.3375,1.0704383058378
235,275,295,10.345,0.0712182760633577
235,275,295,10.3525,-0.399115195386309
235,275,295,10.36,-1.12843236708933
235,275,295,10.3675,-2.45904090962478
235,275,295,10.375,-3.03946264311138
235,275,295,10.3825,2.69905394795151
235,275,295,10.39,1.6000415970675
235,275,295,10.3975,1.07771773405146
235,275,295,10.405,-0.0738317791016816
235,275,295,10.4125,-0.663581138394855
235,275,295,10.42,-2.09931025286341
235,275,295,10.4275,-2.69312815556098
235,275,295,10.435,2.56476089221115
235,275,295,10.4425,1.46518170407689
235,275,295,10.45,0.431389998074776
235,275,295,10.4575,-0.0241334685352622
235,275,295,10.465,-1.28334525525913
235,275,295,10.4725,-1.86340829466926
235,275,295,10.48,-2.38386698440253
235,275,295,10.4875,2.7953235175914
235,275,295,10.495,1.72451845980633
235,275,295,10.5025,0.602483285394327
235,275,295,10.51,-0.682724143474821
235,275,295,10.5175,-1.45652375716725
235,275,295,10.525,-2.29653431352176
235,275,295,10.5325,2.95517889223436
235,275,295,10.54,1.68050671882933
235,275,295,10.5475,0.793095722614843
235,275,295,10.555,-0.20663881971307
235,275,295,10.5625,-1.52414305773533
235,275,295,10.57,-2.46500117187525
235,275,295,10.5775,3.05711946877082
235,275,295,10.585,1.6367127282944
235,275,295,10.5925,0.740336001256972
235,275,295,10.6,-1.19377452129522
235,275,295,10.6075,-2.61563026794458
235,275,295,10.615,1.9203737916489
235,275,295,10.6225,0.333092248190598
235,275,295,10.63,-1.33799018652389
235,275,295,10.6375,-1.91238939421864
235,275,295,10.645,-3.01777664768698
235,275,295,10.6525,2.48068558599533
235,275,295,10.66,1.10368390812384
235,275,295,10.6675,0.52138898736996
235,275,295,10.675,-0.600851188859884
235,275,295,10.6825,-1.58570910084349
235,275,295,10.69,-2.68118622555111
235,275,295,10.6975,2.45360658147319
235,275,295,10.705,1.6551169340815
235,275,295,10.7125,0.390636472735666
235,275,295,10.72,-0.297004702578484
235,275,295,10.7275,-1.22935453032044
235,275,295,10.735,-2.12201343468604
235,275,295,10.7425,-3.05617950316844
235,275,295,10.75,2.08008335932358
235,275,295,10.7575,0.944088823292167
235,275,295,10.765,0.272626438902598
235,275,295,10.7725,-1.03254003240328
235,275,295,10.78,-1.85300257836334
235,275,295,10.7875,-2.78835770541895
235,275,295,10.795,2.39862418004151
235,275,295,10.8025,1.39874491540887
235,275,295,10.81,0.262474858074506
235,275,295,10.8175,-0.754023252526269
235,275,295,10.825,-2.03643468659177
235,275,295,10.8325,-3.13141944161694
235,275,295,10.84,2.04879945503157
235,275,295,10.8475,2.53485700346862
235,275,295,10.855,0.77906223295224
235,275,295,10.8625,2.34751535023426
235,275,295,10.87,0.772973251268986
235,275,295,10.8775,-0.259520927529293
235,275,295,10.885,-0.939037097077527
235,275,295,10.8925,-1.92147225929751
235,275,295,10.9,2.77320190780459
235,275,295,10.9075,2.13410684651809
235,275,295,10.915,1.25370808279144
235,275,295,10.9225,0.842831171331592
235,275,295,10.93,-0.341031216008366
235,275,295,10.9375,-1.52087076989128
235,275,295,10.945,-2.5422480247677
235,275,295,10.9525,2.77230005959946
235,275,295,10.96,1.63821331695034
235,275,295,10.9675,0.699776195947904
235,275,295,10.975,-0.218144272161938
235,275,295,10.9825,-0.012948710339403
235,275,295,10.99,-1.23807567368901
235,275,295,10.9975,-2.16501081226805
235,275,295,11.005,-2.85676216465157
235,275,295,11.0125,2.10325268405445
235,275,295,11.02,1.29345905923721
235,275,295,11.0275,0.351079642863839
235,275,295,11.035,-0.699588887123813
235,275,295,11.0425,-1.93375980059977
235,275,295,11.05,3.11405010787516
235,275,295,11.0575,2.15420176607964
235,275,295,11.065,1.21248044660219
235,275,295,11.0725,0.534277936998408
235,275,295,11.08,-0.434115391833943
235,275,295,11.0875,-1.15998257574259
235,275,295,11.095,-1.70155402687308
235,275,295,11.1025,2.66322437224263
235,275,295,11.11,-1.85150036065584
235,275,295,11.1175,2.76919876014745
235,275,295,11.125,1.99769112930522
235,275,295,11.1325,0.597955609192908
235,275,295,11.14,-0.25793004084036
235,275,295,11.1475,-1.40760419136617
235,275,295,11.155,-2.21438108781447
235,275,295,11.1625,2.81038172893378
235,275,295,11.17,1.82551228114937
235,275,295,11.1775,0.862581389424764
235,275,295,11.185,-0.243827017694043
235,275,295,11.1925,-1.10497972153512
235,275,295,11.2,-1.99268329922966
235,275,295,11.2075,-2.9111121912029
235,275,295,11.215,2.22497010508855
235,275,295,11.2225,1.64369099548924
235,275,295,11.23,0.421296625839885
235,275,295,11.2375,-0.459477856656065
235,275,295,11.245,-1.20215381841559
235,275,295,11.2525,-2.31196562217283
235,275,295,11.26,2.8315743203388
235,275,295,11.2675,2.13493314818864
235,275,295,11.275,0.846731118726339
235,275,295,11.2825,0.331503272410507
235,275,295,11.29,-1.05959800909155
235,275,295,11.2975,-1.87270438035728
235,275,295,11.305,-2.67795571280827
235,275,295,11.3125,1.69884767621346
235,275,295,11.32,0.94945656431483
235,275,295,11.3275,-0.815629864634365
235,275,295,11.335,3.12050569434962
235,275,295,11.3425,1.43213908776244
235,275,295,11.35,0.390037167053958
235,275,295,11.3575,-0.673005215989021
235,275,295,11.365,-1.26376654818164
235,275,295,11.3725,-2.51073915514688
235,275,295,11.38,2.54823756255589
235,275,295,11.3875,1.38042616368262
235,275,295,11.395,0.344614412443699
235,275,295,11.4025,-0.954340669207675
235,275,295,11.41,-1.68979107212256
235,275,295,11.4175,-2.57420858871732
235,275,295,11.425,2.51073172127695
235,275,295,11.4325,1.50412418489634
235,275,295,11.44,0.516081097151041
235,275,295,11.4475,-0.671318326795179
235,275,295,11.455,-1.4631876941343
235,275,295,11.4625,-2.50399748567374
235,275,295,11.47,-3.09120836896085
235,275,295,11.4775,1.82992205560227
235,275,295,11.485,1.22867130873113
235,275,295,11.4925,0.511310862185685
235,275,295,11.5,-0.0770390241358217
235,275,295,11.5075,-1.37767519237728
235,275,295,11.515,-2.37401516562925
235,275,295,11.5225,3.13498407538056
235,275,295,11.53,2.58246844127863
235,275,295,11.5375,1.43986666004198
235,275,295,11.545,0.299195535860343
235,275,295,11.5525,0.0361670266337739
235,275,295,11.56,-1.15626786708116
235,275,295,11.5675,-2.15444599590755
235,275,295,11.575,-2.65332148606871
235,275,295,11.5825,2.17483537281904
235,275,295,11.59,1.58042465635593
235,275,295,11.5975,0.823337026519042
235,275,295,11.605,-0.0903095617934217
235,275,295,11.6125,-1.51367031653739
235,275,295,11.62,-2.09653369692595
235,275,295,11.6275,3.05825994732556
235,275,295,11.635,2.26421592430293
235,275,295,11.6425,1.47579783850164
235,275,295,11.65,0.499762137110498
235,275,295,11.6575,-0.423551486622672
235,275,295,11.665,-1.46659467843909
235,275,295,11.6725,-2.56300639479495
235,275,295,11.68,2.54355615761819
235,275,295,11.6875,1.57836957292657
235,275,295,11.695,1.03850112998166
235,275,295,11.7025,-0.143854538292573
235,275,295,11.71,-1.21656191537404
235,275,295,11.7175,-2.52967233360124
235,275,295,11.725,2.96217571868417
235,275,295,11.7325,1.78700583451678
235,275,295,11.74,2.4135695471802
235,275,295,11.7475,2.45446798875037
235,275,295,11.755,1.42946239029466
235,275,295,11.7625,-0.299753501957766
235,275,295,11.77,-0.712186634405259
235,275,295,11.7775,-1.71831062004166
235,275,295,11.785,-2.47352789297664
235,275,295,11.7925,2.28182289083311
235,275,295,11.8,1.42901946768285
235,275,295,11.8075,0.67819175283046
235,275,295,11.815,0.0866945553973781
235,275,295,11.8225,-1.09680847169842
235,275,295,11.83,-2.30119298298939
235,275,295,11.8375,2.71301647595077
235,275,295,11.845,2.49183883557634
235,275,295,11.8525,1.47791472866247
235,275,295,11.86,0.423986386511749
235,275,295,11.8675,-0.0781198928516493
235,275,295,11.875,-1.17117444002131
235,275,295,11.8825,-2.04841155037157
235,275,295,11.89,-3.05775440702988
235,275,295,11.8975,2.18788677946004
235,275,295,11.905,1.30244510870084
235,275,295,11.9125,0.144603716148047
235,275,295,11.92,-0.741984729791424
235,275,295,11.9275,-1.79128112881067
235,275,295,11.935,-2.77823936188377
235,275,295,11.9425,2.29937414885781
235,275,295,11.95,1.14088238323326
235,275,295,11.9575,-0.220668840580297
235,275,295,11.965,-0.79620358157874
235,275,295,11.9725,-2.1815846517022
235,275,295,11.98,3.05652709038531
235,275,295,11.9875,1.88973669639713
235,275,295,11.995,1.02118141548376
235,275,295,12.0025,-1.82707600187195
235,275,295,12.01,-2.76197042917423
235,275,295,12.0175,0.554363570429704
235,275,295,12.025,-0.182152991444517
235,275,295,12.0325,-0.971502797002923
235,275,295,12.04,-2.18045672466739
235,275,295,12.0475,2.79549331647743
235,275,295,12.055,1.86930138405812
235,275,295,12.0625,1.49703214258683
235,275,295,12.07,0.582465244518145
235,275,295,12.0775,-0.652453751685495
235,275,295,12.085,-1.44548569452705
235,275,295,12.0925,-2.30152329467304
235,275,295,12.1,-2.81959694715005
235,275,295,12.1075,2.02719880400001
235,275,295,12.115,1.21964875864419
235,275,295,12.1225,0.356086678151947
235,275,295,12.13,-0.66456216975317
235,275,295,12.1375,-1.91271507920869
235,275,295,12.145,-2.33641082912927
235,275,295,12.1525,2.6850105568401
235,275,295,12.16,1.7621096245662
235,275,295,12.1675,0.774283542075583
235,275,295,12.175,-0.652430442601953
235,275,295,12.1825,-1.36046564792256
235,275,295,12.19,-2.65096945009933
235,275,295,12.1975,2.38158261957589
235,275,295,12.205,1.57011127466623
235,275,295,12.2125,0.693717785179972
235,275,295,12.22,0.403514455110502
235,275,295,12.2275,1.24099015181316
235,275,295,12.235,0.201947248135532
235,275,295,12.2425,-0.939949835134839
235,275,295,12.25,-2.62734429541886
235,275,295,12.2575,-2.80644663696536
235,275,295,12.265,2.59135554031483
235,275,295,12.2725,1.65200556961208
235,275,295,12.28,0.703756449165005
235,275,295,12.2875,-0.266517306754283
235,275,295,12.295,-1.62259477131999
235,275,295,12.3025,-2.54063546064624
235,275,295,12.31,2.68018829294226
235,275,295,12.3175,1.58716614804963
235,275,295,12.325,0.678551097742175
235,275,295,12.3325,-0.241803010626656
235,275,295,12.34,-1.17396233529294
235,275,295,12.3475,-2.35626899269389
235,275,295,12.355,3.04845282721941
235,275,295,12.3625,2.21793932003636
235,275,295,12.37,1.15374217439252
235,275,295,12.3775,0.281085417811084
235,275,295,12.385,-0.643447254847537
235,275,295,12.3925,-1.4787170693877
235,275,295,12.4,-2.32587566279389
235,275,295,12.4075,2.30718791874841
235,275,295,12.415,1.7269251064108
235,275,295,12.4225,0.81173166780593
235,275,295,12.43,-0.528687137484027
235,275,295,12.4375,-0.912410089131319
235,275,295,12.445,-2.25866893268275
235,275,295,12.4525,2.78247940527798
235,275,295,12.46,2.03522698652509
235,275,295,12.4675,0.820611455791848
235,275,295,12.475,0.129212705404069
235,275,295,12.4825,-2.02362097921019
235,275,295,12.49,1.985960079479
235,275,295,12.4975,-0.372480622273788
235,275,295,12.505,-0.232133681960869
235,275,295,12.5125,-2.35144573381054
235,275,295,12.52,-2.14356501347723
235,275,295,12.5275,2.4189517013228
235,275,295,12.535,1.74985991592791
235,275,295,12.5425,0.161135280320036
235,275,295,12.55,-0.481742753424284
235,275,295,12.5575,-1.65088464494844
235,275,295,12.565,-2.95546095205649
235,275,295,12.5725,2.39259455768636
235,275,295,12.58,1.5584613934023
235,275,295,12.5875,0.719493616106537
235,275,295,12.595,-0.228121856613728
235,275,295,12.6025,-1.48591787078271
235,275,295,12.61,-2.66897310620065
235,275,295,12.6175,-2.92757227635876
235,275,295,12.625,2.36558429601244
235,275,295,12.6325,1.10045170923957
235,275,295,12.64,0.139567188205036
235,275,295,12.6475,-0.873879280458211
235,275,295,12.655,-1.75495046623948
235,275,295,12.6625,-2.48810518257367
235,275,295,12.67,2.73639241670016
235,275,295,12.6775,1.78788369032755
235,275,295,12.685,0.625078533977848
235,275,295,12.6925,-0.354291973990794
235,275,295,12.7,-1.52946351765697
235,275,295,12.7075,-2.53626239274013
235,275,295,12.715,2.48780938544315
235,275,295,12.7225,1.66757763752887
235,275,295,12.73,0.0770511490343094
235,275,295,12.7375,-0.964272734318882
235,275,295,12.745,2.37484253722759
235,275,295,12.7525,0.975784586147941
235,275,295,12.76,0.0268546972623804
235,275,295,12.7675,-1.26769415643653
235,275,295,12.775,2.76433717074537
235,275,295,12.7825,2.78188204341628
235,275,295,12.79,1.32539791793552
235,275,295,12.7975,0.541835690952355
235,275,295,12.805,-0.474692901101659
235,275,295,12.8125,-1.21296253611656
235,275,295,12.82,-2.55407815950406
235,275,295,12.8275,2.74767486815255
235,275,295,12.835,1.59684867751962
235,275,295,12.8425,0.273959870144158
235,275,295,12.85,-0.595475231102937
235,275,295,12.8575,-1.23394549977916
235,275,295,12.865,-2.45623337433788
235,275,295,12.8725,2.71598610962412
235,275,295,12.88,2.66090432152202
235,275,295,12.8875,1.46578155769909
235,275,295,12.895,-1.06355994018929
235,275,295,12.9025,-0.256149902061869
235,275,295,12.91,-1.13790806094809
235,275,295,12.9175,-1.93564305895781
235,275,295,12.925,3.01493705857212
235,275,295,12.9325,1.68829418766083
235,275,295,12.94,0.0477295943842476
235,275,295,12.9475,0.294100335548516
235,275,295,12.955,-2.93657004111581
235,275,295,12.9625,2.77630191096714
235,275,295,12.97,0.372317301477153
235,275,295,12.9775,-0.598708956069193
235,275,295,12.985,-1.15445314052445
235,275,295,12.9925,-3.04509687559002
235,275,295,13,2.60994097503451
235,275,295,13.0075,1.04456086563633
235,275,295,13.015,0.132369553670846
235,275,295,13.0225,-1.31642244827476
235,275,295,13.03,-2.14473685552671
235,275,295,13.0375,3.0528738314747
235,275,295,13.045,1.93171655655327
235,275,295,13.0525,0.837326227334033
235,275,295,13.06,-0.22778816559964
235,275,295,13.0675,-1.17515428508209
235,275,295,13.075,-2.16008140865873
235,275,295,13.0825,2.90595092595795
235,275,295,13.09,1.94882239288297
235,275,295,13.0975,1.12844356804143
235,275,295,13.105,-0.237661875681456
235,275,295,13.1125,-1.50392743147679
235,275,295,13.12,-1.9782580538085
235,275,295,13.1275,-2.17463598468436
235,275,295,13.135,2.74170001869401
235,275,295,13.1425,2.19211890977626
235,275,295,13.15,-0.48971951412354
235,275,295,13.1575,0.414863565897959
235,275,295,13.165,-0.484107160441172
235,275,295,13.1725,-1.13478031090254
235,275,295,13.18,-2.96069440321316
235,275,295,13.1875,2.74877583400983
235,275,295,13.195,1.80960851490911
235,275,295,13.2025,-0.294825979790192
235,275,295,13.21,-1.934154580359
235,275,295,13.2175,1.90789332540994
235,275,295,13.225,-2.31414782422456
235,275,295,13.2325,-1.22798609156431
235,275,295,13.24,-2.36027316094275
235,275,295,13.2475,-2.78260914316438
235,275,295,13.255,2.88113911859254
235,275,295,13.2625,1.67929403207272
235,275,295,13.27,0.445591939594148
235,275,295,13.2775,-0.439310119826861
235,275,295,13.285,-1.43739866663567
235,275,295,13.2925,-2.90504900843867
235,275,295,13.3,2.66989259397988
235,275,295,13.3075,1.58256351345424
235,275,295,13.315,0.634817950814904
235,275,295,13.3225,-0.851262698127968
235,275,295,13.33,-1.40707609360529
235,275,295,13.3375,-2.39229484367672
235,275,295,13.345,2.59589385790291
235,275,295,13.3525,1.92862580577846
235,275,295,13.36,0.898344894380775
235,275,295,13.3675,0.211334617823673
235,275,295,13.375,0.0185139921296881
235,275,295,13.3825,-0.838259046133917
235,275,295,13.39,-1.9267903452251
235,275,295,13.3975,-3.03661476282511
235,275,295,13.405,2.5616554006474
235,275,295,13.4125,1.71338565421822
235,275,295,13.42,0.60964051990177
235,275,295,13.4275,-0.160723677214403
235,275,295,13.435,-1.03246043366908
235,275,295,13.4425,-1.73021921898399
235,275,295,13.45,-2.70951081021085
235,275,295,13.4575,1.89474657346684
235,275,295,13.465,1.14514634505387
235,275,295,13.4725,1.30627617774133
235,275,295,13.48,-0.114931884709873
235,275,295,13.4875,-0.396795252118602
235,275,295,13.495,-1.60518855444817
235,275,295,13.5025,-2.72568928040882
235,275,295,13.51,3.01695556828265
235,275,295,13.5175,1.79731090395378
235,275,295,13.525,0.715047175098337
235,275,295,13.5325,-0.134964703198949
235,275,295,13.54,-1.57779654447283
235,275,295,13.5475,-2.37947943570502
235,275,295,13.555,-3.02028866637643
235,275,295,13.5625,1.77845982516062
235,275,295,13.57,0.671190596060855
235,275,295,13.5775,-0.154379519286511
235,275,295,13.585,-0.996096032615833
235,275,295,13.5925,-2.31561079602501
235,275,295,13.6,2.8487485809143
235,275,295,13.6075,1.41317987230016
235,275,295,13.615,1.67954366143671
235,275,295,13.6225,-0.703407991159359
235,275,295,13.63,-1.81007471566029
235,275,295,13.6375,-0.867817312150119
235,275,295,13.645,-0.0145830750783348
235,275,295,13.6525,-1.59948064534528
235,275,295,13.66,-2.24173386063296
235,275,295,13.6675,2.91399812990052
235,275,295,13.675,1.58791954813219
235,275,295,13.6825,0.885725731612909
235,275,295,13.69,-0.309220569538005
235,275,295,13.6975,-1.07864755551041
235,275,295,13.705,-2.18678991670279
235,275,295,13.7125,2.5825181385102
235,275,295,13.72,1.91422875490125
235,275,295,13.7275,1.07145304768756
235,275,295,13.735,0.377652328284518
235,275,295,13.7425,-0.341231267802758
235,275,295,13.75,-0.983199440363714
235,275,295,13.7575,-1.12998143601546
235,275,295,13.765,-2.69720335851896
235,275,295,13.7725,2.58801740515836
235,275,295,13.78,1.65281482276295
235,275,295,13.7875,0.506481551264642
235,275,295,13.795,-0.726749260368183
235,275,295,13.8025,-1.56690155800335
235,275,295,13.81,-2.54741655430787
235,275,295,13.8175,2.70610422941163
235,275,295,13.825,1.90239085835492
235,275,295,13.8325,0.378405648269241
235,275,295,13.84,-1.21375129320325
235,275,295,13.8475,-1.58137839340426
235,275,295,13.855,-2.59372520270638
235,275,295,13.8625,-2.71213891761288
235,275,295,13.87,2.11977613273891
235,275,295,13.8775,-2.39318437113926
235,275,295,13.885,0.634575552255408
235,275,295,13.8925,1.22449832068849
235,275,295,13.9,0.759312057957816
235,275,295,13.9075,-0.586947036660173
235,275,295,13.915,-1.9613362639553
235,275,295,13.9225,-2.67776110316109
235,275,295,13.93,1.97753038785755
235,275,295,13.9375,1.41332446095989
235,275,295,13.945,0.493388964773393
235,275,295,13.9525,-0.455981025284885
235,275,295,13.96,-1.37163070085464
235,275,295,13.9675,-2.71599297719482
235,275,295,13.975,2.52838364085692
235,275,295,13.9825,1.9974435581213
235,275,295,13.99,0.748194942628618
235,275,295,13.9975,0.0667166643266044
235,275,295,14.005,-1.34448602184198
235,275,295,14.0125,-1.97845075620977
235,275,295,14.02,-2.20318754175476
235,275,295,14.0275,2.67848156399712
235,275,295,14.035,1.45904590766831
235,275,295,14.0425,0.565525542587839
235,275,295,14.05,-0.105877534351127
235,275,295,14.0575,-1.83894108134661
235,275,295,14.065,-2.75716053121695
235,275,295,14.0725,2.66569182106119
235,275,295,14.08,1.42750646167613
235,275,295,14.0875,1.79352688120367
235,275,295,14.095,-0.0198448885637035
235,275,295,14.1025,-1.75588736908748
235,275,295,14.11,2.6214367584163
235,275,295,14.1175,2.2995963627624
235,275,295,14.125,-1.48159421007818
235,275,295,14.1325,0.571154674723525
235,275,295,14.14,3.12127187031783
235,275,295,14.1475,1.82792768837472
235,275,295,14.155,1.02731405537175
235,275,295,14.1625,-0.00327473191652634
235,275,295,14.17,-1.57644717526482
235,275,295,14.1775,-2.37623069961729
235,275,295,14.185,2.78835895477014
235,275,295,14.1925,1.76218370507384
235,275,295,14.2,0.928156150796601
235,275,295,14.2075,-0.131013988527129
235,275,295,14.215,-1.36956583691783
235,275,295,14.2225,-2.61849846144808
235,275,295,14.23,-2.92389703589312
235,275,295,14.2375,1.65976920328993
235,275,295,14.245,1.57082757791934
235,275,295,14.2525,0.652043359015186
235,275,295,14.26,-0.392562171074539
235,275,295,14.2675,-1.11608133134248
235,275,295,14.275,-2.41894514422437
235,275,295,14.2825,2.99844719009894
235,275,295,14.29,2.14464921379355
235,275,295,14.2975,1.04431245576854
235,275,295,14.305,-0.159145810516678
235,275,295,14.3125,-1.28103506129516
235,275,295,14.32,-2.61577347634965
235,275,295,14.3275,2.95056102737855
235,275,295,14.335,2.06347688375691
235,275,295,14.3425,1.19219797377086
235,275,295,14.35,-0.212226243723815
235,275,295,14.3575,-1.44744331200241
235,275,295,14.365,3.03308156964273
235,275,295,14.3725,-2.16612991451982
235,275,295,14.38,-0.69643844065853
235,275,295,14.3875,-2.36770952875508
235,275,295,14.395,-2.35818406554902
235,275,295,14.4025,2.40741671435296
235,275,295,14.41,1.52242011082728
235,275,295,14.4175,0.587788175465789
235,275,295,14.425,-0.548460117969371
235,275,295,14.4325,-1.72216422223336
235,275,295,14.44,-3.05474286350266
235,275,295,14.4475,2.48172592409618
235,275,295,14.455,1.24714825614466
235,275,295,14.4625,0.183845306340284
235,275,295,14.47,-0.923418333209035
235,275,295,14.4775,-2.21057644734752
235,275,295,14.485,-2.93718293951017
235,275,295,14.4925,2.25435584941347
235,275,295,14.5,1.58524336244701
235,275,295,14.5075,-0.0216192713364483
235,275,295,14.515,-1.49825023887783
235,275,295,14.5225,-1.44032728035718
235,275,295,14.53,-1.72411604240448
235,275,295,14.5375,2.28061750501331
235,275,295,14.545,2.84353876754901
235,275,295,14.5525,0.834327852884223
235,275,295,14.56,-0.419191610003597
235,275,295,14.5675,-0.705339631204318
235,275,295,14.575,-2.81255010195937
235,275,295,14.5825,-1.87000934059712
235,275,295,14.59,-2.92003857533273
235,275,295,14.5975,2.49645557427767
235,275,295,14.605,1.22061135547122
235,275,295,14.6125,-2.60300988290747
235,275,295,14.62,1.72851792730406
235,275,295,14.6275,0.198415346039751
235,275,295,14.635,-0.424164504193045
235,275,295,14.6425,-1.77236593579122
235,275,295,14.65,-2.85494601252597
235,275,295,14.6575,2.42184190882446
235,275,295,14.665,1.41787754054182
235,275,295,14.6725,0.395164190302753
235,275,295,14.68,-0.532015430441198
235,275,295,14.6875,-1.86692526021166
235,275,295,14.695,-2.88644654431208
235,275,295,14.7025,2.69523281927213
235,275,295,14.71,2.01416062455559
235,275,295,14.7175,0.352483100712906
235,275,295,14.725,-0.424062130138207
235,275,295,14.7325,-1.30904225387506
235,275,295,14.74,-3.0104122097805
235,275,295,14.7475,2.5369541837216
235,275,295,14.755,2.11430199937784
235,275,295,14.7625,1.11772339633047
235,275,295,14.77,-0.294377003445405
235,275,295,14.7775,-1.47259553377998
235,275,295,14.785,-1.63677405908266
235,275,295,14.7925,1.1971137332638
235,275,295,14.8,2.09534421912646
235,275,295,14.8075,1.2467094493579
235,275,295,14.815,1.61431883633368
235,275,295,14.8225,-1.67952600433542
235,275,295,14.83,-2.97080975653845
235,275,295,14.8375,0.789615631079621
235,275,295,14.845,-2.62847410134348
235,275,295,14.8525,-0.891874490059411
235,275,295,14.86,-1.4508345179938
235,275,295,14.8675,2.42663688426084
235,275,295,14.875,2.32896313392173
235,275,295,14.8825,2.47149334608015
235,275,295,14.89,-0.152652888640528
235,275,295,14.8975,-1.00920454361915
235,275,295,14.905,-1.99383606169029
235,275,295,14.9125,-3.00001861375092
235,275,295,14.92,2.4894042312214
235,275,295,14.9275,1.47399264802534
235,275,295,14.935,0.644586836400225
235,275,295,14.9425,-0.844041932964115
235,275,295,14.95,-1.86851931639505
235,275,295,14.9575,-2.62355722462837
235,275,295,14.965,2.85961777693962
235,275,295,14.9725,1.4066280760838
235,275,295,14.98,-0.534457735877337
235,275,295,14.9875,-0.510911274825997
235,275,295,14.995,-2.30887146766033
235,275,295,15.0025,-2.74398718576116
235,275,295,15.01,2.92247168893963
235,275,295,15.0175,2.82598653454092
235,275,295,15.025,-2.20068600428715
235,275,295,15.0325,0.150527172295662
235,275,295,15.04,-0.918461356815571
235,275,295,15.0475,0.882479467213684
235,275,295,15.055,-2.13571255138644
235,275,295,15.0625,2.78829000305056
235,275,295,15.07,1.77790472090681
235,275,295,15.0775,1.43709682762064
235,275,295,15.085,0.14561439812478
235,275,295,15.0925,-1.90587356815019
235,275,295,15.1,-1.15587483839981
235,275,295,15.1075,-0.745536957430326
235,275,295,15.115,-0.871521368079168
235,275,295,15.1225,3.11429798281712
235,275,295,15.13,1.7211030306453
235,275,295,15.1375,2.28078733802782
235,275,295,15.145,0.0828799744006147
235,275,295,15.1525,-0.753174817381392
235,275,295,15.16,-1.135961397176
235,275,295,15.1675,-2.35514792070215
235,275,295,15.175,2.33861304661556
235,275,295,15.1825,1.49907081667149
235,275,295,15.19,0.425845741025105
235,275,295,15.1975,-0.319535830992666
235,275,295,15.205,-1.16996906033056
235,275,295,15.2125,-2.87226240415098
235,275,295,15.22,2.11349945285766
235,275,295,15.2275,2.3485280282042
235,275,295,15.235,-0.0577055858865176
235,275,295,15.2425,-0.652251253920635
235,275,295,15.25,-2.48666505130315
235,275,295,15.2575,-1.95426107893541
235,275,295,15.265,0.36766886204316
235,275,295,15.2725,2.43144325423171
235,275,295,15.28,-0.720511718589821
235,275,295,15.2875,0.0388672636813562
235,275,295,15.295,1.60216801810449
235,275,295,15.3025,-3.09204152333181
235,275,295,15.31,0.866271777353695
235,275,295,15.3175,2.42572698375244
235,275,295,15.325,-1.10751966640426
235,275,295,15.3325,2.73112855888178
235,275,295,15.34,2.33400510669179
235,275,295,15.3475,1.21422315263853
235,275,295,15.355,0.862169935196475
235,275,295,15.3625,-1.04278191631617
235,275,295,15.37,-1.0468014085758
235,275,295,15.3775,-2.40260988269336
235,275,295,15.385,2.69033195803353
235,275,295,15.3925,0.981994709651305
235,275,295,15.4,0.352681852316011
235,275,295,15.4075,0.135402211320059
235,275,295,15.415,-2.52246485449453
235,275,295,15.4225,-2.5265287859482
235,275,295,15.43,-2.72799256690969
235,275,295,15.4375,1.8177639934264
235,275,295,15.445,1.90743332692671
235,275,295,15.4525,0.466408318469109
235,275,295,15.46,-0.881999677858081
235,275,295,15.4675,-1.71832415004716
235,275,295,15.475,2.96582400305354
235,275,295,15.4825,2.18257414762949
235,275,295,15.49,0.690570734450771
235,275,295,15.4975,-0.535271531460818
235,275,295,15.505,-0.695747680990386
235,275,295,15.5125,2.47830771179555
235,275,295,15.52,-0.460948324393696
235,275,295,15.5275,1.4173511489435
235,275,295,15.535,-2.80120548611147
235,275,295,15.5425,2.38249659641497
235,275,295,15.55,1.41993618420172
235,275,295,15.5575,0.391376305847935
235,275,295,15.565,0.129868969783753
235,275,295,15.5725,-1.1354505048888
235,275,295,15.58,-2.88632511864305
235,275,295,15.5875,2.42025929016353
235,275,295,15.595,1.23287294550858
235,275,295,15.6025,0.132402485808208
235,275,295,15.61,-0.567744357290086
235,275,295,15.6175,-1.0077250228531
235,275,295,15.625,-3.13219602053534
235,275,295,15.6325,-2.68920360365727
235,275,295,15.64,2.64992109762345
235,275,295,15.6475,1.66008318687973
235,275,295,15.655,3.12571220916072
235,275,295,15.6625,-2.00767318413101
235,275,295,15.67,-0.573215692214725
235,275,295,15.6775,-1.4922483286032
235,275,295,15.685,-2.35681330891705
235,275,295,15.6925,-1.32774130425362
235,275,295,15.7,2.47307352022825
235,275,295,15.7075,0.943492758827333
235,275,295,15.715,-0.111136338715176
235,275,295,15.7225,-2.54782605517933
235,275,295,15.73,3.02814733640597
235,275,295,15.7375,-0.219506644140556
235,275,295,15.745,1.03354635696839
235,275,295,15.7525,2.63970033767909
235,275,295,15.76,1.22249776529519
235,275,295,15.7675,-0.606919763975051
235,275,295,15.775,0.891868184441684
235,275,295,15.7825,-1.40875707157951
235,275,295,15.79,-1.82538379741049
235,275,295,15.7975,-2.92924024192734
235,275,295,15.805,2.45040073885865
235,275,295,15.8125,1.06514871683066
235,275,295,15.82,0.469105891047643
235,275,295,15.8275,-0.599269482027829
235,275,295,15.835,-2.0205601007749
235,275,295,15.8425,3.04809852137293
235,275,295,15.85,2.2046243126257
235,275,295,15.8575,0.586147899271743
235,275,295,15.865,0.27312187433387
235,275,295,15.8725,-2.33450020932033
235,275,295,15.88,-1.00957003198993
235,275,295,15.8875,-1.91727917711806
235,275,295,15.895,-2.03193575538798
235,275,295,15.9025,-2.44798825366861
235,275,295,15.91,2.80776375049766
235,275,295,15.9175,1.1470522716623
235,275,295,15.925,-0.385787213997924
235,275,295,15.9325,-1.39834407720933
235,275,295,15.94,-2.02101626905611
235,275,295,15.9475,2.43169594353156
235,275,295,15.955,2.10864304565033
235,275,295,15.9625,1.04076040646041
235,275,295,15.97,0.446875867172175
235,275,295,15.9775,-1.1257807244204
235,275,295,15.985,-2.64203782599419
235,275,295,15.9925,2.41220734403228
235,275,295,16,1.06546751458115
